generation,N_shifts,logPrior,logLik,eventRate,acceptRate
0,0,-7.32367,-774.966,200,1
1000000,41,245.426,41.2456,50.5873,0.2445
2000000,29,170.156,-14.8722,29.73,0.259333
3000000,37,216.055,27.8861,43.1601,0.231
4000000,38,222.904,7.83357,33.1593,0.232
5000000,48,292.917,34.5697,34.7695,0.247
6000000,29,173.615,5.28697,37.8701,0.2505
7000000,44,261.83,3.63724,48.9607,0.2415
8000000,57,343.654,35.3799,59.4214,0.2605
9000000,31,186.235,5.08477,39.478,0.2415
10000000,23,137.494,6.23011,19.4679,0.2545
11000000,25,141.062,32.506,29.494,0.246333
12000000,50,286.535,16.4648,34.9305,0.256
13000000,38,214.255,15.3463,42.1916,0.2365
14000000,46,269.678,-21.4572,53.6848,0.270333
15000000,44,266.906,41.1217,63.5819,0.2485
16000000,36,221.335,-3.53028,42.5903,0.2645
17000000,38,222.572,1.69876,36.4853,0.2345
18000000,27,165.46,35.5266,17.8263,0.251
19000000,28,172.952,31.2428,27.6607,0.242
20000000,52,316.198,35.3928,59.8937,0.263
21000000,52,326.556,33.3378,63.3565,0.252
22000000,31,187.323,43.5996,24.8304,0.248
23000000,44,253.429,18.6925,32.7994,0.2405
24000000,42,232.243,2.78431,54.0303,0.231
25000000,23,145.856,20.5397,21.3275,0.2605
26000000,39,229.467,10.0587,42.858,0.2365
27000000,54,304.802,27.2067,58.2586,0.274
28000000,28,162.923,5.89958,31.1216,0.244
29000000,27,160.967,-30.1386,23.8391,0.259667
30000000,59,341.867,13.2911,46.5362,0.254
31000000,40,252.352,-9.33175,35.4034,0.271333
32000000,35,219.878,-4.82924,31.8343,0.252
33000000,32,182.801,-1.58858,26.6329,0.254333
34000000,24,138.779,15.0206,25.6646,0.259
35000000,40,234.539,-10.5734,51.1603,0.272
36000000,41,250.84,-9.88384,33.1781,0.26
37000000,49,293.001,9.56697,54.4654,0.251
38000000,38,231.685,13.2626,50.9812,0.2505
39000000,35,198.031,37.5291,36.2751,0.234
40000000,32,188.716,-6.89259,31.0373,0.273
41000000,20,119.755,17.2171,24.1654,0.2285
42000000,19,117.97,-11.6553,15.6578,0.2505
43000000,23,146.734,7.00135,16.2732,0.2374
44000000,32,201.612,7.99346,38.8515,0.255
45000000,42,247.712,-2.9268,35.0007,0.2545
46000000,21,128.247,-29.8804,21.865,0.264333
47000000,48,274.895,-6.37504,57.5778,0.269
48000000,37,213.894,37.7693,25.9993,0.2585
49000000,26,159.578,24.6906,31.0724,0.226
50000000,35,217.664,39.5503,43.7066,0.2565
51000000,74,445.571,25.8037,83.9094,0.246
52000000,38,226.059,45.0889,39.0081,0.216
53000000,53,321.123,22.7235,63.4266,0.269
54000000,42,267.083,20.3018,56.9343,0.27
55000000,43,269.528,47.0774,46.5395,0.248
56000000,27,158.054,-14.1466,25.3683,0.2626
57000000,51,307.955,28.4179,47.0486,0.278
58000000,47,277.292,21.9647,52.2443,0.2455
59000000,48,282.726,52.7509,48.6446,0.237
60000000,28,167.869,-0.771008,28.9591,0.2405
61000000,35,201.99,37.0628,44.7791,0.237
62000000,34,202.866,36.6974,29.6684,0.234
63000000,51,297.644,19.1747,53.4634,0.232
64000000,43,246.249,-10.5497,42.2201,0.254
65000000,61,359.117,24.8471,54.0893,0.2525
66000000,42,247.654,20.6229,41.7966,0.2335
67000000,62,355.73,25.3559,70.679,0.261
68000000,17,97.9233,7.07094,14.2102,0.2435
69000000,29,170.615,10.1604,40.966,0.245
70000000,28,168.07,-5.57726,32.3385,0.258333
71000000,37,228.971,-3.20554,31.3502,0.2615
72000000,23,134.379,-3.37363,21.9787,0.2505
73000000,45,260.073,4.24591,53.7246,0.252
74000000,39,244.137,-15.6416,32.8345,0.2695
75000000,16,99.9751,7.01541,18.1349,0.24225
76000000,18,97.6613,34.7728,28.1034,0.2195
77000000,55,320.134,11.3201,52.2205,0.26
78000000,44,264.456,2.54715,42.0834,0.251
79000000,56,330.795,8.55234,56.7342,0.245
80000000,56,325.365,19.6296,52.5633,0.256
81000000,24,147.671,-16.6572,26.5025,0.258
82000000,21,126.681,-32.3002,30.8592,0.257
83000000,38,224.362,30.35,42.1456,0.253
84000000,70,421.23,-30.7299,74.5861,0.289
85000000,48,281.226,28.8753,52.586,0.2635
86000000,48,284.804,40.7951,46.1105,0.2485
87000000,31,171.475,-15.5028,26.191,0.248667
88000000,17,101.517,28.887,21.295,0.2355
89000000,33,207.39,-28.404,44.0959,0.262
90000000,59,362.613,75.775,45.8531,0.228
91000000,61,367.827,-11.0952,51.8042,0.2595
92000000,54,323.322,24.1814,51.339,0.236
93000000,25,154.315,-29.3018,11.9235,0.272857
94000000,33,200.872,7.44561,29.3126,0.2565
95000000,38,208.081,20.3674,38.5936,0.238
96000000,38,229.898,26.491,43.6607,0.2625
97000000,44,267.087,43.6455,62.6905,0.265
98000000,42,255.06,21.0194,36.945,0.253
99000000,26,161.694,-39.4667,23.1365,0.28
100000000,29,174.605,-2.74663,30.3005,0.241
101000000,39,229.878,38.6562,41.8554,0.231
102000000,32,184.276,4.7049,44.3464,0.2605
103000000,55,337.13,1.88023,84.5022,0.2655
104000000,47,278.723,19.544,44.5448,0.2515
105000000,56,342.032,36.6959,58.8821,0.254
106000000,31,177.143,-5.47761,31.7964,0.264
107000000,22,128.643,35.706,18.3575,0.2515
108000000,48,299.895,24.2944,50.3004,0.255
109000000,47,283.149,25.6162,68.4767,0.253
110000000,45,264.709,-5.47021,46.9313,0.261333
111000000,18,108.815,12.098,20.0548,0.229
112000000,28,170.142,22.2161,25.8281,0.2565
113000000,56,343.1,17.6408,50.4738,0.2505
114000000,60,356.329,54.453,57.0828,0.2665
115000000,41,238.587,22.3695,36.7224,0.2445
116000000,58,328.423,26.2183,63.2889,0.2455
117000000,49,294.469,2.8539,45.2127,0.2605
118000000,40,239.638,27.1893,43.2462,0.237
119000000,51,302.9,37.6768,52.0149,0.223
120000000,39,235.397,39.2195,38.426,0.243
121000000,51,311.067,32.8441,62.3458,0.2535
122000000,43,259.602,22.7002,50.6329,0.268333
123000000,53,328.733,16.693,39.7738,0.275
124000000,36,200.038,47.031,40.2309,0.2255
125000000,77,457.087,-0.195897,82.4526,0.2665
126000000,28,165.439,-4.42116,25.6065,0.263
127000000,46,280.546,18.0054,42.975,0.2265
128000000,49,295.374,-4.4368,34.8057,0.252
129000000,33,202.665,-44.4711,33.8431,0.288
130000000,31,196.116,17.1613,29.2568,0.245
131000000,62,374.268,44.8514,64.4046,0.238
132000000,31,177.483,4.86912,33.1816,0.2395
133000000,34,188.951,28.3452,33.9484,0.2255
134000000,19,102.037,17.9394,12.3392,0.2375
135000000,30,183.353,22.8774,29.818,0.25725
136000000,24,144.689,46.9265,21.2939,0.2555
137000000,67,405.693,35.4588,75.9298,0.256
138000000,32,194.066,7.79523,41.8258,0.2715
139000000,27,154.546,-2.80338,30.3463,0.2475
140000000,49,290.587,20.8335,48.3088,0.247
141000000,46,271.826,33.2463,39.6452,0.237
142000000,43,257.63,16.1389,43.9494,0.2515
143000000,72,434.531,-11.7892,69.2175,0.291
144000000,32,174.116,18.5487,35.3881,0.251
145000000,40,234.767,-10.2853,39.4482,0.267667
146000000,39,234.21,-1.47024,30.8843,0.2495
147000000,38,226.425,7.22479,46.3605,0.25
148000000,53,316.444,3.83875,50.9971,0.24
149000000,25,153.719,32.0342,34.4874,0.258
150000000,45,264.877,36.8707,29.1186,0.253
151000000,47,269.763,8.81829,41.2437,0.2665
152000000,36,212.175,19.5363,44.9921,0.243
153000000,45,269.789,-1.75797,51.351,0.2655
154000000,43,251.004,-10.5752,41.5032,0.265
155000000,44,279.092,39.7849,53.5818,0.239
156000000,48,286.913,-3.79813,36.2782,0.2855
157000000,38,221.503,5.45144,25.1099,0.238
158000000,45,270.748,11.8404,46.3865,0.261
159000000,10,57.9412,19.8867,7.68117,0.257
160000000,49,299.562,11.8171,53.9113,0.266
161000000,51,299.649,7.49111,60.0759,0.2675
162000000,40,246.088,25.706,38.3522,0.232
163000000,48,280.886,12.1395,54.4692,0.251
164000000,47,264.26,45.2984,43.1308,0.2385
165000000,28,167.424,26.663,34.0431,0.2505
166000000,39,227.722,23.3757,37.6744,0.2505
167000000,59,358.341,49.2625,60.6848,0.238
168000000,29,171.771,26.7137,38.753,0.24
169000000,53,314.736,45.7388,60.4376,0.23
170000000,48,293.054,-15.4488,54.9652,0.244
171000000,92,559.869,39.4756,88.3347,0.258
172000000,53,325.574,30.3349,57.4964,0.2355
173000000,41,255.459,-8.60318,43.1848,0.274143
174000000,37,224.901,-25.4286,35.9047,0.2678
175000000,26,157.765,7.66248,33.2862,0.236667
176000000,49,294.36,32.6565,63.4271,0.272
177000000,37,217.106,22.9529,36.9523,0.254222
178000000,31,186.032,14.5188,22.0133,0.264
179000000,47,285.141,5.78358,39.6146,0.2705
180000000,61,381.779,-23.303,70.137,0.286
181000000,40,241.955,40.0112,39.817,0.249
182000000,42,251.069,16.5073,49.2956,0.2265
183000000,29,164.601,12.6626,24.3745,0.2515
184000000,24,123.529,-25.2719,26.7647,0.265
185000000,40,243.131,5.23926,33.9841,0.278
186000000,55,320.24,19.1395,54.2838,0.236
187000000,69,414.49,21.649,65.1529,0.2495
188000000,67,394.759,-24.7286,51.419,0.2605
189000000,37,209.138,40.2035,37.1682,0.246
190000000,29,166.125,18.0615,41.3878,0.241
191000000,26,156.698,21.2291,25.7195,0.249
192000000,40,245.884,8.11041,28.7979,0.2522
193000000,24,135.966,21.5529,22.2852,0.2325
194000000,43,257.86,51.1634,40.8649,0.2405
195000000,46,287.44,24.7974,52.5364,0.222
196000000,45,264.576,51.9615,45.8415,0.233
197000000,39,225.35,9.76741,28.7738,0.2545
198000000,58,343.342,19.4552,60.4641,0.257
199000000,36,215.808,-6.35559,39.9124,0.2548
200000000,27,162.99,21.164,25.387,0.2475
201000000,67,419.452,49.8623,61.1847,0.257
202000000,49,299.126,68.8005,47.0341,0.251
203000000,55,332.979,41.4022,36.1391,0.253
204000000,56,328.321,13.2641,44.7931,0.264
205000000,36,220.803,7.15241,28.0229,0.255
206000000,37,198.527,1.61474,29.6462,0.258
207000000,41,240.986,40.2277,41.704,0.2375
208000000,24,136.549,13.8993,23.5589,0.25
209000000,53,316.511,7.07042,57.6978,0.278
210000000,27,155.805,22.8518,24.337,0.253875
211000000,97,573.102,28.4281,105.517,0.25
212000000,43,259.492,-2.17253,39.704,0.277
213000000,37,210.236,-5.29761,36.4878,0.284
214000000,32,194.999,9.56681,44.6539,0.255
215000000,47,273.223,54.0342,46.9451,0.245
216000000,41,252.03,15.5555,44.2342,0.242667
217000000,34,200.172,-14.1964,34.1989,0.265
218000000,40,236.83,2.30868,30.3941,0.271
219000000,42,253.649,42.5173,54.3937,0.251
220000000,19,114.665,-16.7954,11.0233,0.251875
221000000,53,328.65,43.3137,47.2058,0.214
222000000,41,243.192,-8.5242,39.8285,0.247
223000000,24,140.394,13.6254,25.0078,0.251
224000000,38,219.382,23.6866,30.3472,0.28
225000000,30,181.481,16.9874,30.6533,0.2705
226000000,16,94.1496,-7.21469,22.7899,0.2535
227000000,33,198.559,3.90422,29.2116,0.253
228000000,44,271.513,37.7889,40.674,0.266
229000000,35,201.74,-18.9904,32.8314,0.241
230000000,27,157.853,34.2462,25.4441,0.245
231000000,55,326.351,21.4326,62.9121,0.266
232000000,25,157.148,9.9387,26.4728,0.244
233000000,15,95.3938,0.46953,16.1517,0.249
234000000,36,226.433,50.958,40.2767,0.258
235000000,26,152.129,35.0511,30.3178,0.219
236000000,45,257.367,41.9795,41.0034,0.254
237000000,57,348.578,32.353,62.1784,0.24
238000000,37,213.576,-33.1609,44.6562,0.2845
239000000,61,355.319,42.5614,53.0593,0.235
240000000,17,101.693,-11.875,13.9468,0.26825
241000000,68,414.516,-12.5256,62.9774,0.282
242000000,83,486.478,29.4782,76.7023,0.258
243000000,47,276.404,4.72985,41.8884,0.265
244000000,33,202.551,12.4754,30.2206,0.2575
245000000,41,249.043,1.5444,43.7606,0.2805
246000000,81,470.111,38.6744,94.929,0.251
247000000,46,266.522,18.9102,57.2007,0.267
248000000,23,127.688,-28.3028,24.4165,0.26
249000000,27,165.635,-2.55496,18.5418,0.2375
250000000,70,421.229,20.3228,66.0773,0.255
251000000,71,411.652,-9.57517,74.8951,0.259
252000000,30,170.763,18.7177,33.9221,0.249
253000000,45,262.861,-34.1783,52.0357,0.283333
254000000,41,251.377,52.4462,41.4739,0.238
255000000,36,204.111,-15.836,41.8541,0.2515
256000000,40,242.514,-13.5664,50.3212,0.2505
257000000,56,329.917,22.0827,58.3499,0.24
258000000,50,288.203,73.1221,52.6486,0.234
259000000,33,198.334,48.9209,30.5384,0.22
260000000,55,348.743,30.3195,57.6977,0.263
261000000,46,274.259,-13.6818,46.2237,0.267
262000000,70,422.621,33.6352,65.9074,0.246
263000000,72,424.182,-28.2269,76.5135,0.274
264000000,45,266.519,13.5406,40.5272,0.238
265000000,38,229.055,12.0456,38.9619,0.277
266000000,44,261.302,30.3339,23.9855,0.234
267000000,32,191.001,-1.97012,30.5345,0.257
268000000,65,392.465,10.0985,79.44,0.25375
269000000,45,250.464,48.8127,41.6435,0.2425
270000000,25,145.788,16.5559,25.146,0.24225
271000000,51,316.507,19.2999,44.5306,0.227
272000000,74,439.212,32.4771,66.4092,0.247
273000000,40,225.807,8.97049,32.0076,0.273
274000000,30,185.332,28.3431,31.0981,0.242333
275000000,35,210.837,-5.09249,38.1449,0.2645
276000000,44,269.577,52.0268,43.6926,0.231
277000000,57,339.272,30.436,55.7378,0.255
278000000,33,199.911,10.1573,38.7857,0.266
279000000,28,168.892,5.95884,27.8627,0.25275
280000000,18,109.946,7.49991,14.8408,0.256
281000000,46,265.001,30.4913,40.5698,0.251
282000000,14,81.5433,-12.8172,16.2507,0.2515
283000000,53,323.302,-15.8619,70.3289,0.237
284000000,50,310.976,15.1352,35.0603,0.25
285000000,50,297.247,32.3025,47.4463,0.2365
286000000,36,213.892,23.5822,35.2478,0.25
287000000,33,206.712,21.8125,37.2763,0.2475
288000000,69,409.577,44.479,80.9573,0.254
289000000,24,155.408,7.6522,21.454,0.2585
290000000,45,268.199,43.0358,44.4993,0.2495
291000000,54,319.049,19.6047,59.6484,0.247
292000000,31,185.873,40.6616,27.4248,0.262
293000000,52,312.567,58.6887,46.7396,0.255
294000000,36,215.297,16.096,38.1716,0.2695
295000000,47,282.143,-27.4022,48.7132,0.2795
296000000,30,176.798,-0.654076,38.4229,0.26
297000000,33,186.234,-3.8927,24.5032,0.257
298000000,29,175.507,-15.2723,20.8762,0.259333
299000000,34,199.916,18.3953,27.6191,0.2315
300000000,54,312.182,20.284,48.7055,0.253
301000000,40,241.285,48.5631,33.2089,0.257
302000000,48,288.865,24.5228,39.9332,0.268
303000000,56,336.474,3.02499,47.7378,0.247
304000000,58,353.831,28.5095,50.7015,0.23
305000000,35,216.787,-17.8172,27.3452,0.2505
306000000,51,311.746,32.0787,47.7098,0.251
307000000,34,212.723,35.3253,24.4503,0.256
308000000,42,244.525,38.3698,34.8192,0.255
309000000,33,195.951,15.8439,47.6215,0.25
310000000,35,204.829,20.4033,34.7897,0.26225
311000000,35,207.905,-13.3981,35.7726,0.251
312000000,50,307.913,5.79451,54.3879,0.25
313000000,70,429.149,55.8265,66.5091,0.2445
314000000,37,209.932,-0.588254,41.7498,0.2605
315000000,35,212.759,26.0779,37.2987,0.2435
316000000,43,272.666,-22.9467,46.8776,0.257667
317000000,40,238.48,23.1264,30.3464,0.2285
318000000,26,151.407,-4.6368,38.8237,0.2925
319000000,19,118.643,-26.4042,24.2491,0.268
320000000,43,257.092,10.3376,46.1602,0.2495
321000000,51,308.043,0.651345,58.1189,0.2745
322000000,33,173.844,-11.201,33.756,0.2795
323000000,51,290.752,14.6412,50.233,0.26
324000000,32,187.255,10.7317,41.1437,0.2555
325000000,44,268.22,13.677,40.6859,0.248
326000000,44,243.664,13.9647,48.2052,0.266
327000000,38,223.722,62.8714,45.1402,0.2295
328000000,29,174.235,-1.9546,30.2142,0.266
329000000,32,181.876,27.0895,31.2814,0.243
330000000,49,294.269,2.50599,45.6303,0.275
331000000,54,309.715,19.6553,48.0448,0.251
332000000,41,242.024,33.3135,47.9692,0.2455
333000000,33,192.54,-13.1748,33.5177,0.27
334000000,16,92.7841,-5.95714,21.953,0.235667
335000000,28,167.238,-15.8987,25.0443,0.266
336000000,37,219.323,48.4776,45.6025,0.237
337000000,58,343.382,21.2955,60.613,0.26
338000000,28,151.869,-29.3993,30.1958,0.28
339000000,80,499.077,6.90264,87.3074,0.275
340000000,59,355.848,25.9101,62.3919,0.243
341000000,39,235.714,5.06778,31.9902,0.278
342000000,56,332.673,42.1812,59.1487,0.258
343000000,33,187.168,14.2588,40.3593,0.254
344000000,27,163.915,-15.5077,31.988,0.26
345000000,34,211.661,25.2827,48.841,0.25
346000000,45,258.746,32.024,42.6189,0.24
347000000,36,211.119,-6.48812,39.5401,0.2855
348000000,26,148.833,-18.4229,29.3562,0.2642
349000000,22,124.546,-21.2061,21.097,0.2535
350000000,26,153.036,7.60315,29.0931,0.2635
351000000,46,282.195,23.5454,46.0041,0.2405
352000000,58,341.187,12.2495,55.3254,0.239
353000000,41,240.357,27.0266,39.1735,0.2395
354000000,26,157.016,3.41309,27.9699,0.2506
355000000,34,203.099,59.6983,39.8294,0.262
356000000,43,251.88,30.2117,45.1091,0.239
357000000,48,290.949,-12.4487,51.5852,0.2665
358000000,56,332.133,-4.33955,50.0001,0.253
359000000,58,348.459,11.7862,56.0623,0.236
360000000,52,319.065,41.1709,59.131,0.237
361000000,46,279.651,45.8223,40.5364,0.246
362000000,43,263.437,33.5503,42.5778,0.248
363000000,28,163.39,16.2065,28.3588,0.256
364000000,37,216.876,63.9023,41.5476,0.224
365000000,38,231.039,46.1541,33.0893,0.2245
366000000,28,179.177,29.1152,20.9254,0.253
367000000,30,177.386,-18.7384,31.5727,0.268
368000000,47,283.436,30.3634,40.1617,0.242
369000000,62,367.056,31.043,61.4702,0.227
370000000,50,298.295,12.3615,54.0296,0.2345
371000000,44,280.843,54.3005,39.8771,0.229
372000000,35,198.36,22.6037,36.2072,0.263
373000000,39,231.779,-18.9191,44.4039,0.269
374000000,33,207.332,1.77058,34.9172,0.244
375000000,46,282.059,26.241,35.4424,0.2635
376000000,40,234.707,-28.8479,41.0913,0.2895
377000000,49,295.624,-2.14059,65.0911,0.254
378000000,51,302.95,5.97193,48.9364,0.2295
379000000,32,186.411,-3.86666,28.949,0.247
380000000,37,208.919,7.12188,52.6258,0.256
381000000,47,264.234,-13.1742,49.8312,0.2635
382000000,23,145.934,4.86205,21.5619,0.2665
383000000,63,374.031,-1.14162,65.6299,0.27
384000000,52,307.702,1.35416,56.1572,0.259
385000000,42,255.085,25.2389,30.9064,0.282
386000000,52,295.045,49.5944,51.8172,0.22
387000000,44,268.87,51.1268,43.5176,0.24
388000000,47,275.006,25.5538,45.8805,0.2545
389000000,85,482.79,12.9371,81.4428,0.268
390000000,51,297.603,21.3568,69.6016,0.246
391000000,78,467.121,25.6465,71.7523,0.27
392000000,18,109.378,9.52642,15.3595,0.253667
393000000,50,291.928,38.4636,45.13,0.254
394000000,54,316.643,36.9159,46.7388,0.243
395000000,68,416.342,34.6144,75.3974,0.259
396000000,19,109.211,13.3729,20.4352,0.246
397000000,58,348.887,41.049,53.4235,0.251
398000000,55,334.512,52.507,52.3516,0.234
399000000,53,322.17,35.2064,59.6044,0.253
400000000,66,396.909,33.8499,57.657,0.24
401000000,37,237.758,6.91591,33.8826,0.228
402000000,43,251.472,38.667,43.3051,0.229
403000000,42,262.107,5.01796,42.0919,0.2485
404000000,39,235.324,14.7502,39.8963,0.258
405000000,31,190.551,-27.2586,31.6849,0.261
406000000,37,221.887,46.1133,28.7569,0.253
407000000,29,174.979,24.6249,28.9366,0.2395
408000000,58,350.578,41.4916,52.9678,0.246
409000000,67,394.575,24.5035,73.1278,0.239
410000000,49,297.889,4.53807,34.8745,0.253
411000000,38,235.113,5.34556,39.3761,0.251
412000000,25,141.853,2.10986,24.3024,0.2555
413000000,43,266.698,6.08386,37.4463,0.262
414000000,36,215.274,16.3384,35.9321,0.2585
415000000,29,172.268,-1.11192,29.8822,0.2559
416000000,45,271.262,34.629,43.7881,0.23
417000000,31,187.559,24.6354,31.113,0.2566
418000000,68,411.508,-9.90021,71.4609,0.276
419000000,53,313.575,36.7042,49.4914,0.254
420000000,41,234.894,-8.95813,33.822,0.249
421000000,42,251.202,26.1273,47.4476,0.243
422000000,42,263.068,55.8504,43.9797,0.25
423000000,33,205.714,6.63063,34.7609,0.264
424000000,63,361.369,46.8172,64.9772,0.248
425000000,32,190.082,6.40197,30.3103,0.2575
426000000,28,163.595,-3.44547,19.7925,0.2565
427000000,37,225.21,16.6067,29.1404,0.236
428000000,38,218.352,13.5613,40.3668,0.2564
429000000,22,126.089,-8.33815,17.2687,0.244
430000000,42,245.751,-9.99848,39.5732,0.27
431000000,31,184.47,15.7009,35.8814,0.236714
432000000,35,201.209,-14.1944,43.2669,0.2545
433000000,38,214.923,12.428,29.8273,0.246
434000000,41,248.187,30.4279,37.9457,0.2735
435000000,29,179.656,-19.4201,24.579,0.277
436000000,50,290.227,45.5363,56.9898,0.242
437000000,26,147.011,-8.04715,37.6946,0.2608
438000000,18,95.099,-1.81525,20.4394,0.253
439000000,36,217.518,47.8267,37.0035,0.254
440000000,42,257.792,32.1529,44.7186,0.25
441000000,41,240.685,4.2312,38.0785,0.253
442000000,56,330.083,41.936,58.4585,0.233
443000000,34,210.173,18.8905,54.2781,0.255
444000000,58,356.538,71.2871,52.327,0.225
445000000,43,265.91,26.3362,32.8464,0.244
446000000,52,317.494,31.9816,46.785,0.264
447000000,54,313.525,4.44225,49.3563,0.257
448000000,48,265.655,21.9365,57.3193,0.247
449000000,33,207.145,56.2135,27.1829,0.231
450000000,41,244.927,2.86975,45.1383,0.259
451000000,53,309.494,34.6343,51.8645,0.228
452000000,37,224.762,-7.0717,34.6975,0.248
453000000,43,267.341,37.465,53.1185,0.238
454000000,29,183.095,13.2542,36.9397,0.2635
455000000,40,240.863,35.6253,31.7992,0.249
456000000,51,300.259,-7.57161,52.7604,0.265
457000000,37,225.555,57.796,33.6846,0.241
458000000,36,215.152,-14.3229,42.5911,0.2564
459000000,60,359.251,-9.13107,56.3037,0.266
460000000,38,226.465,24.6493,38.5776,0.2635
461000000,38,223.28,44.8057,33.7566,0.224
462000000,40,237.028,20.1575,42.42,0.261
463000000,32,199.482,41.6343,28.5255,0.24475
464000000,50,294.738,11.823,53.8416,0.2415
465000000,32,188.653,45.0372,26.8594,0.2535
466000000,44,263.421,9.02296,40.3781,0.2515
467000000,39,224.634,27.8523,33.6587,0.241
468000000,61,349.424,33.5029,65.6185,0.2495
469000000,43,264.836,43.353,37.9809,0.2605
470000000,36,220.895,8.44144,41.7242,0.262
471000000,54,312.492,1.4783,53.9285,0.271
472000000,41,242.162,-12.2048,42.8528,0.258455
473000000,20,117.944,21.6248,17.5123,0.238333
474000000,46,280.08,42.4867,36.567,0.256
475000000,44,262.32,0.478609,57.6998,0.263
476000000,53,319.791,58.3908,58.3274,0.229
477000000,45,268.211,38.7366,41.2054,0.24
478000000,33,189.381,11.7644,36.1954,0.241
479000000,31,188.574,-20.9819,23.0263,0.2605
480000000,54,330.424,4.46954,48.0526,0.25
481000000,58,352.967,45.8943,49.5782,0.255
482000000,30,172.556,27.1695,31.4663,0.2445
483000000,36,213.059,21.3005,28.8912,0.248
484000000,54,329.765,-25.4218,57.9281,0.2435
485000000,64,382.046,57.5181,68.7263,0.226
486000000,46,272.485,38.2377,40.5053,0.248
487000000,60,347.779,23.4324,63.9578,0.255
488000000,66,400.653,1.13095,58.1803,0.243
489000000,44,271.255,15.4521,45.7107,0.239
490000000,88,520.032,70.5949,86.79,0.211
491000000,37,218.952,5.81743,37.3664,0.277
492000000,57,344.018,31.9334,61.1468,0.25
493000000,58,341.173,52.2679,52.0898,0.241
494000000,23,134.551,20.861,25.7585,0.2415
495000000,46,265.329,-13.5364,48.6645,0.2625
496000000,38,223.075,34.2163,27.4029,0.248
497000000,47,281.833,31.4007,46.5477,0.262
498000000,46,279.661,18.91,59.8863,0.246
499000000,28,169.818,1.82754,26.7796,0.2295
500000000,65,385.433,36.3357,64.3632,0.25
501000000,20,117.821,12.4755,23.1523,0.2515
502000000,37,220.295,47.3425,45.5823,0.24
503000000,45,277.261,26.5667,42.2723,0.26
504000000,53,322.397,63.7594,56.8714,0.23
505000000,48,287.172,-11.5389,51.3315,0.2585
506000000,48,297.984,-17.1222,38.3054,0.271
507000000,41,244.645,6.00761,36.7632,0.2465
508000000,46,276.875,26.2954,43.9035,0.2675
509000000,64,374.929,19.8578,69.5034,0.262
510000000,29,168.526,42.2944,18.901,0.2405
511000000,42,245.321,5.58739,47.2087,0.2455
512000000,40,223.33,18.4103,39.1946,0.243
513000000,40,241.323,22.5366,48.3238,0.2535
514000000,35,206.728,-26.5813,33.8434,0.254
515000000,38,222.292,2.04294,40.9648,0.257375
516000000,49,286.792,38.3128,46.6208,0.2525
517000000,38,229.716,26.3102,40.7419,0.2355
518000000,38,217.223,20.5399,34.5865,0.258
519000000,69,413.277,11.3739,71.5886,0.251
520000000,28,172.792,-16.3262,36.2883,0.260667
521000000,60,355.577,27.1094,65.7021,0.246
522000000,56,338.887,42.0517,51.9107,0.247
523000000,56,330.188,12.9695,52.8849,0.273
524000000,44,254.597,11.3947,42.0405,0.246667
525000000,33,205.728,19.5723,34.374,0.2375
526000000,70,425.414,46.4864,65.0936,0.249
527000000,32,197.083,6.84062,28.9285,0.243
528000000,49,298.662,-5.41668,46.9368,0.2575
529000000,39,232.431,19.206,35.8232,0.266
530000000,52,309.222,42.4731,59.8492,0.256
531000000,37,219.508,33.8443,30.4798,0.251
532000000,81,477.998,34.8052,69.1121,0.229
533000000,77,453.931,41.0868,73.1499,0.242
534000000,52,312.257,26.2294,45.8942,0.249
535000000,42,253.841,11.7491,41.0391,0.274
536000000,35,206.966,13.7255,29.7462,0.253667
537000000,57,322.013,15.7011,66.4692,0.2385
538000000,28,161.728,-0.191319,30.9655,0.259
539000000,29,177.179,15.4878,27.1388,0.258
540000000,18,100.33,-37.8235,20.3267,0.2595
541000000,45,270.001,46.8195,57.3901,0.239
542000000,33,204.028,33.5852,29.5695,0.257667
543000000,32,196.8,12.3162,21.4888,0.237
544000000,71,433.267,-0.248114,85.6915,0.288
545000000,53,317.07,-5.66214,38.5575,0.228
546000000,52,314.185,20.5729,43.0307,0.236
547000000,26,153.831,-26.3252,17.5093,0.2675
548000000,13,83.0437,-29.1676,9.76334,0.2585
549000000,37,219.848,46.3177,34.9108,0.241
550000000,33,196.354,-37.5402,32.8859,0.2645
551000000,51,309.149,-14.3301,47.2361,0.254
552000000,36,226.464,17.1603,41.2392,0.267
553000000,53,309.493,11.5406,44.2605,0.262
554000000,38,229.267,-8.89924,40.5908,0.2935
555000000,27,158.475,21.3069,21.472,0.252
556000000,35,224.264,47.0152,38.0473,0.2515
557000000,56,321.29,53.272,61.4554,0.2325
558000000,76,443.761,45.897,69.8347,0.254
559000000,26,151.236,30.8849,30.3123,0.2475
560000000,22,133.519,-1.18418,20.2337,0.2635
561000000,58,329.284,63.8044,53.8829,0.245
562000000,30,175.423,4.98484,36.5715,0.2495
563000000,72,434.492,23.425,63.435,0.252
564000000,38,234.396,-17.4853,31.1019,0.250625
565000000,43,264.399,46.9912,41.3307,0.23
566000000,52,312.345,9.75748,38.1345,0.271
567000000,46,274.787,26.3176,49.3634,0.2455
568000000,65,384.246,45.3558,67.4062,0.246
569000000,35,211.644,-2.84961,22.798,0.275
570000000,33,203.854,-31.584,35.8553,0.262
571000000,34,200.722,8.12487,32.4446,0.228333
572000000,49,290.627,39.4245,60.1544,0.237
573000000,76,438.576,19.7605,87.9342,0.261
574000000,46,271.778,-17.3214,48.8462,0.27
575000000,29,168.839,23.0109,32.7145,0.236
576000000,48,288.818,33.5078,41.2863,0.247
577000000,30,182.07,17.655,32.5612,0.25925
578000000,41,231.115,43.6298,40.6443,0.232
579000000,35,205.38,72.259,34.5087,0.24
580000000,15,87.2459,24.2309,14.4513,0.244
581000000,22,120.27,-0.50981,27.3434,0.2425
582000000,52,321.985,31.0175,58.8241,0.241
583000000,36,201.519,4.14362,33.3312,0.2665
584000000,34,192.367,16.164,35.4996,0.24
585000000,29,161.471,-3.25248,35.2744,0.2485
586000000,63,373.2,-7.55821,48.0476,0.239
587000000,48,277.084,57.7665,41.597,0.221
588000000,37,223.156,34.058,45.2054,0.234
589000000,65,396.092,35.5105,66.6832,0.252
590000000,58,341.355,21.6122,59.4835,0.249
591000000,41,253.033,28.8737,47.7209,0.262
592000000,28,173.678,1.65966,22.8879,0.2565
593000000,28,164.687,-6.21199,31.7969,0.249
594000000,35,211.813,55.1482,34.3778,0.22
595000000,52,304.521,20.2085,56.2519,0.246
596000000,31,179.589,15.1203,30.5558,0.2442
597000000,43,261.731,17.4659,39.5525,0.2525
598000000,32,180.532,22.8745,27.1015,0.256
599000000,42,248.306,37.817,57.8934,0.249333
600000000,74,452.09,39.3394,79.6555,0.265
601000000,37,222.304,18.8688,34.391,0.219
602000000,45,256.898,-16.1279,39.9833,0.2705
603000000,31,190.829,3.91269,30.8556,0.2415
604000000,37,217.592,22.1915,37.336,0.249
605000000,53,324.466,31.3335,55.0149,0.222
606000000,33,201.929,-11.8156,44.5219,0.257
607000000,27,163.084,17.063,32.3718,0.222
608000000,64,391.918,11.2792,64.0838,0.26
609000000,39,237.728,6.60322,49.5963,0.250667
610000000,57,347.971,19.4968,67.5238,0.2735
611000000,25,148.332,-45.8248,28.5636,0.286
612000000,38,227.259,21.8826,46.0193,0.2485
613000000,54,322.419,11.73,59.5356,0.264
614000000,63,384.005,58.4416,66.3388,0.254
615000000,31,180.11,21.7309,29.8642,0.2345
616000000,46,272.367,-5.71006,38.3487,0.234
617000000,57,347.781,45.3512,67.3043,0.235
618000000,38,238.671,-0.42411,39.4956,0.263
619000000,30,168.987,20.8959,31.8501,0.2615
620000000,63,377.764,1.34824,68.0195,0.277
621000000,41,239.57,23.6714,51.2119,0.24
622000000,26,153.699,0.798228,37.3497,0.2835
623000000,41,244.389,30.7896,44.3463,0.2545
624000000,26,154.797,23.252,24.2158,0.278
625000000,74,448.614,33.6302,61.3926,0.221
626000000,51,302.514,38.6293,48.0528,0.239
627000000,22,131.825,-1.19685,24.9398,0.265333
628000000,34,201.579,36.6139,28.4041,0.2255
629000000,32,185.35,30.0822,26.8948,0.243
630000000,54,335.162,17.5582,53.5409,0.254
631000000,46,284.47,18.7141,50.7316,0.2455
632000000,38,234.623,62.5838,30.7878,0.245
633000000,34,202.373,-23.1928,37.3245,0.2815
634000000,38,218.996,4.44953,27.6159,0.2785
635000000,51,307.892,-6.18625,44.3701,0.283
636000000,39,229.634,21.9734,39.8877,0.261
637000000,29,170.54,-12.7161,29.6882,0.256
638000000,56,336.508,15.23,39.8006,0.253
639000000,57,340.813,27.9372,60.0353,0.22
640000000,29,169.397,5.3844,33.8482,0.255
641000000,27,171.947,16.159,27.7648,0.2425
642000000,70,419.083,45.5209,65.1811,0.257
643000000,45,275.306,37.9685,59.5126,0.2405
644000000,39,244.516,31.9372,45.2677,0.27
645000000,29,163.225,-43.3118,33.7582,0.2845
646000000,20,117.222,3.06057,21.0104,0.2415
647000000,26,156.283,9.3237,28.0274,0.2415
648000000,49,294.511,32.0945,48.6296,0.259
649000000,28,169.905,17.9054,29.9093,0.276
650000000,68,398.708,2.17622,65.2513,0.266
651000000,45,273.45,6.59907,44.2789,0.2645
652000000,37,230.571,10.4979,29.6963,0.255
653000000,35,206.818,31.0635,44.445,0.2275
654000000,22,135.906,19.9475,15.7291,0.236
655000000,28,173.443,50.2711,26.157,0.247
656000000,38,233.089,15.741,35.2492,0.257
657000000,46,277.754,53.0198,50.0923,0.2485
658000000,50,291.133,51.3632,46.4276,0.24
659000000,53,310.788,35.3641,52.2747,0.244
660000000,49,276.123,39.5839,51.4614,0.264
661000000,54,315.347,25.5907,59.163,0.224
662000000,42,250.89,21.0547,46.269,0.2435
663000000,42,254.865,57.6242,43.334,0.2305
664000000,22,133.995,0.680868,27.6156,0.2675
665000000,44,252.835,42.7929,44.9752,0.261
666000000,44,265.557,11.1966,49.3896,0.261
667000000,42,243.706,40.5946,43.8152,0.204
668000000,47,281.476,-7.9832,42.8377,0.262
669000000,32,193.92,5.39104,38.4907,0.267
670000000,38,223.407,38.3107,38.3229,0.262
671000000,31,187.75,14.0392,25.932,0.252
672000000,63,347.761,58.3707,60.5848,0.235
673000000,68,421.559,29.4489,71.6809,0.2515
674000000,38,235.733,16.9833,27.0829,0.24
675000000,59,351.276,32.2212,59.0181,0.238
676000000,21,131.779,37.3193,21.527,0.2425
677000000,49,297.107,50.143,52.2911,0.233
678000000,58,339.506,58.0741,57.1839,0.2455
679000000,31,189.764,1.11769,27.4549,0.2435
680000000,20,120.313,-9.10001,33.3433,0.254333
681000000,40,234.901,14.1352,40.9296,0.2395
682000000,50,295.059,-8.46525,45.5143,0.283
683000000,35,202.919,-10.9517,32.6887,0.2542
684000000,38,227.184,-0.0306365,30.3253,0.2605
685000000,28,165.319,43.8926,21.482,0.224
686000000,25,145.859,9.66305,25.1189,0.254
687000000,18,101.498,-15.9394,17.4567,0.268
688000000,66,397.67,55.1497,63.1163,0.2455
689000000,32,186.996,-21.5724,29.3523,0.272
690000000,51,294.829,-2.06439,51.3385,0.2775
691000000,53,317.941,5.379,46.3598,0.269
692000000,33,200.357,20.3937,35.6754,0.254
693000000,76,455.046,46.4803,79.4642,0.244
694000000,34,200.493,-40.9003,32.7535,0.2848
695000000,56,331.683,21.673,59.1248,0.264
696000000,49,297.453,32.9574,42.4778,0.2295
697000000,21,128.265,-0.91126,17.25,0.2425
698000000,76,458.693,27.2074,109.544,0.267
699000000,59,346.821,55.4194,56.1944,0.234
700000000,41,242.927,17.9545,36.1761,0.249
701000000,21,129.999,24.814,14.9353,0.24575
702000000,28,169.654,21.3112,26.05,0.2464
703000000,60,365.27,47.9044,48.3506,0.26
704000000,42,244.424,18.1188,44.8364,0.229
705000000,53,323.919,53.7547,53.544,0.245
706000000,63,389.276,83.5372,60.6816,0.228
707000000,35,205.697,-7.18596,38.7797,0.2525
708000000,20,114.173,-10.3408,24.7112,0.256333
709000000,24,148.677,-16.5484,17.8293,0.2445
710000000,34,203.682,2.43019,33.3188,0.261
711000000,31,190.929,18.4527,31.2191,0.234333
712000000,88,532.19,28.7157,84.4865,0.231
713000000,35,202.45,-8.20546,31.1457,0.267
714000000,38,226.44,54.2416,39.5152,0.249
715000000,35,199.559,10.2664,41.3894,0.242
716000000,49,271.161,74.6739,36.8219,0.2205
717000000,20,124.941,-12.7736,25.1405,0.254286
718000000,41,241.742,20.5498,46.9662,0.234
719000000,25,146.2,8.83774,22.0415,0.267429
720000000,47,278.454,36.7146,47.7335,0.254
721000000,26,164.087,2.10058,25.6259,0.241
722000000,68,406.143,40.4479,65.8813,0.255
723000000,74,429.435,11.1466,64.3056,0.251
724000000,48,275.383,30.4764,59.9742,0.256
725000000,40,227.82,18.8721,46.9816,0.257
726000000,38,214.204,26.9172,37.9277,0.262
727000000,51,312.809,64.3261,60.5529,0.228
728000000,51,308.176,14.0186,45.6055,0.26
729000000,44,265.855,3.38015,42.7663,0.2745
730000000,22,132.368,-30.5175,23.8884,0.26
731000000,57,338.752,59.9961,64.3689,0.242
732000000,23,136.938,7.30324,26.0797,0.257
733000000,59,343.577,21.1966,46.3711,0.248
734000000,58,361.968,45.4195,76.4001,0.225
735000000,31,185.25,3.43082,30.9904,0.2572
736000000,43,252.651,34.4882,53.2963,0.261
737000000,18,107.596,-56.3885,19.8189,0.273
738000000,35,195.678,21.8091,35.0566,0.235
739000000,34,197.995,-5.57002,41.6516,0.268333
740000000,26,149.878,6.87809,20.1699,0.2522
741000000,32,200.137,44.2144,33.7596,0.229
742000000,61,356.104,53.7416,57.4013,0.269
743000000,65,395.452,20.1257,62.7593,0.275
744000000,68,414.794,55.4546,63.4617,0.2405
745000000,47,279.359,21.7667,59.787,0.247
746000000,26,145.068,6.44612,23.5704,0.2425
747000000,51,306.038,7.93891,57.5737,0.2575
748000000,35,195.656,23.6167,26.2313,0.262
749000000,39,221.76,16.7517,34.7868,0.26
750000000,18,110.49,28.3576,17.3058,0.259
751000000,48,284.029,11.3936,59.6487,0.258
752000000,38,215.165,22.3119,36.7539,0.232
753000000,45,267.323,48.4753,50.08,0.236
754000000,84,508.617,50.7913,88.9543,0.228
755000000,65,396.025,18.9973,62.2516,0.245
756000000,48,284.81,1.64297,64.1733,0.233
757000000,28,168.328,-1.66221,34.9504,0.244
758000000,19,121.007,-12.567,15.9834,0.263
759000000,23,139.069,-12.1066,21.4683,0.269333
760000000,34,198.677,17.014,37.2417,0.246
761000000,53,319.424,34.7578,49.337,0.238
762000000,63,377.821,13.4291,69.2114,0.25
763000000,33,201.077,-30.1145,29.948,0.265667
764000000,34,202.053,9.23096,41.0766,0.259143
765000000,46,281.517,-1.72934,40.4145,0.2695
766000000,28,164.481,14.4,22.3115,0.2285
767000000,33,185.56,24.0171,46.9167,0.248
768000000,54,316.213,23.7262,41.256,0.226
769000000,29,167.395,35.1201,39.901,0.250667
770000000,33,198.123,-9.52124,42.3587,0.2595
771000000,18,109.139,5.76872,17.9593,0.2465
772000000,48,293.378,14.0361,54.6513,0.271
773000000,35,208.22,25.2398,29.57,0.256
774000000,45,265.308,17.7184,55.5949,0.2505
775000000,36,212.046,24.1963,33.106,0.258
776000000,38,228.296,-10.4098,40.9433,0.255
777000000,50,296.03,42.022,51.3886,0.247
778000000,29,178.326,16.8629,26.6908,0.2465
779000000,49,296.433,36.2241,39.2581,0.2295
780000000,43,265.707,65.0401,44.3127,0.2445
781000000,75,452.098,45.962,79.787,0.2525
782000000,36,219.16,53.8334,44.096,0.2375
783000000,57,346.369,35.2001,54.0177,0.237
784000000,30,181.368,-9.553,26.1743,0.262875
785000000,37,219.455,34.1028,26.486,0.2425
786000000,58,352.126,26.4621,48.8786,0.236
787000000,40,242.001,23.1865,34.4067,0.24
788000000,46,274.158,-29.2848,50.1775,0.2745
789000000,64,380,-1.22684,59.6519,0.2615
790000000,62,360.458,-2.00696,68.4591,0.2795
791000000,40,240.102,52.9172,50.3671,0.233
792000000,47,288.863,51.9824,48.0375,0.235
793000000,27,162.538,31.8453,30.7887,0.244
794000000,35,204.236,14.8808,36.4423,0.271
795000000,57,346.319,38.4943,49.6928,0.253
796000000,38,227.077,36.5609,34.5363,0.225
797000000,48,268.314,45.7977,38.7714,0.258
798000000,43,265.13,25.3191,43.5871,0.264
799000000,21,127.021,-7.60064,26.9206,0.241
800000000,62,380.044,10.1959,45.888,0.274
801000000,25,158.192,-2.64623,22.4889,0.2605
802000000,27,159.343,-26.4904,28.0635,0.269
803000000,39,240.344,-6.33727,40.4626,0.267
804000000,35,204.307,43.8593,24.4054,0.242
805000000,53,304.539,27.2435,73.3859,0.2425
806000000,30,180.144,22.3542,25.0955,0.266
807000000,59,347.413,11.6138,59.5625,0.264
808000000,42,250.791,15.6885,50.2642,0.265
809000000,38,232.669,22.2378,43.8645,0.257
810000000,28,163.239,46.3765,23.325,0.236
811000000,32,191.042,51.6669,34.6674,0.223
812000000,42,244.133,13.8332,41.1777,0.2465
813000000,54,321.783,37.596,66.0104,0.263
814000000,47,285.259,39.5662,42.7548,0.2425
815000000,51,303.552,16.3904,51.7884,0.251
816000000,60,366.531,4.01568,50.7728,0.254
817000000,48,291.843,34.0184,56.4984,0.244
818000000,44,256.839,43.1534,33.1723,0.241
819000000,44,253.807,-20.3621,44.3268,0.264714
820000000,21,112.698,29.6547,20.3341,0.249
821000000,44,258.615,43.3286,52.7515,0.2345
822000000,29,175.257,-6.04363,26.2583,0.251
823000000,51,286.353,14.5546,50.6736,0.252
824000000,85,504.169,35.1081,81.6802,0.238
825000000,27,160.179,19.2389,32.861,0.233
826000000,18,109.389,-10.213,16.9254,0.256
827000000,64,394.872,8.04555,64.4454,0.281
828000000,56,347.709,5.29143,63.6143,0.2735
829000000,48,299.513,32.188,40.345,0.244
830000000,18,103.159,-6.92591,19.8553,0.2515
831000000,69,391.295,34.445,63.4589,0.247
832000000,30,176.249,-1.34579,33.358,0.2615
833000000,53,324.898,33.1183,56.4169,0.249
834000000,66,392.95,37.3971,69.7336,0.23
835000000,26,153.638,17.8145,32.9863,0.2425
836000000,44,265.038,17.7434,44.8572,0.264667
837000000,36,220.359,0.59,28.0411,0.251
838000000,32,197.04,8.82709,39.3727,0.272
839000000,39,239.926,-0.134056,39.9262,0.2575
840000000,54,324.033,47.0479,60.5485,0.256
841000000,38,223.81,9.75617,30.6539,0.25
842000000,50,302.141,7.90565,43.8223,0.2525
843000000,51,320.859,20.2318,42.9502,0.248
844000000,40,238.684,12.6098,40.3623,0.252
845000000,51,306.25,-24.451,51.5484,0.26
846000000,66,401.47,-0.260233,74.3113,0.268
847000000,43,257.601,7.43745,40.0628,0.252
848000000,26,155.915,-9.63953,25.8288,0.258
849000000,34,196.048,68.8553,39.6698,0.221
850000000,62,379.395,35.4432,57.2471,0.238
851000000,34,199.727,4.07638,23.7284,0.2545
852000000,44,265.044,19.7561,37.3746,0.26
853000000,77,451.82,13.8385,77.3984,0.246
854000000,40,234.559,23.7168,49.7008,0.2576
855000000,37,218.849,-33.6213,42.1358,0.270333
856000000,45,274.225,35.1175,56.3619,0.241
857000000,45,272.714,-6.22853,46.1006,0.269429
858000000,33,198.002,-24.859,47.1468,0.2815
859000000,97,580.1,30.0207,90.8671,0.244
860000000,32,204.553,26.7177,37.7065,0.256333
861000000,46,264.916,27.6846,52.4826,0.243
862000000,26,152.63,4.23592,21.6562,0.25325
863000000,30,182.214,10.0631,26.8085,0.254
864000000,23,129.686,-4.26483,32.0699,0.264
865000000,57,330.607,-12.023,52.3706,0.267
866000000,42,250.461,-32.9884,40.2951,0.28
867000000,43,246.843,14.4714,43.6711,0.288
868000000,50,296.52,45.5426,62.4285,0.267
869000000,44,262.231,-24.6457,41.877,0.285333
870000000,39,236.67,41.692,32.0351,0.223
871000000,72,431.715,27.4609,67.5688,0.259
872000000,63,355.323,4.42683,63.475,0.249
873000000,48,274.036,70.572,53.8224,0.216
874000000,76,456.326,41.9528,75.1362,0.22
875000000,59,348.291,4.63436,51.3903,0.269
876000000,66,387.542,10.5435,74.2549,0.26
877000000,25,148.584,3.89589,25.6311,0.246
878000000,73,442.473,10.6986,87.0993,0.232
879000000,31,186.207,-11.1099,27.0599,0.249
880000000,38,232.338,36.2726,38.5619,0.2475
881000000,45,264.308,30.4534,35.4749,0.2424
882000000,26,152.075,-5.41858,35.9378,0.2505
883000000,26,165.72,17.6796,25.3327,0.251
884000000,34,216.1,34.1345,30.9391,0.226
885000000,39,222.787,34.1567,25.5887,0.2304
886000000,49,286.789,45.4743,37.2019,0.241
887000000,50,311.926,26.907,44.9739,0.252
888000000,46,277.781,7.82535,47.95,0.272
889000000,40,242.931,29.252,49.3752,0.228
890000000,23,139.541,-11.3822,27.3901,0.26
891000000,21,126.885,13.0717,17.2372,0.2623
892000000,53,313.594,37.0444,47.6996,0.243
893000000,45,265.2,38.3663,44.7393,0.25525
894000000,41,246.83,6.81682,41.0935,0.244
895000000,45,270.933,23.8585,44.5555,0.2735
896000000,56,341.904,44.0017,54.9523,0.2395
897000000,21,133.58,7.55888,25.5497,0.2505
898000000,54,321.481,32.2444,54.1523,0.22
899000000,31,190.573,15.9801,35.6639,0.250667
900000000,27,160.716,48.2578,25.7255,0.225
901000000,47,281.511,-0.195399,59.4349,0.261
902000000,36,221.413,-38.5086,48.5756,0.248
903000000,48,284.935,40.5829,47.3916,0.225
904000000,37,216.525,-5.87871,28.439,0.265
905000000,50,295.322,56.658,43.4546,0.238
906000000,50,306.512,39.6619,46.4767,0.226
907000000,77,446.487,-20.7781,87.5409,0.272
908000000,28,164.072,-6.67905,20.8936,0.2565
909000000,29,171.125,15.9717,35.7166,0.2565
910000000,55,337.019,30.5731,48.3086,0.2395
911000000,34,206.651,-8.06789,35.5802,0.270667
912000000,79,467.229,57.4459,70.966,0.257
913000000,47,273.596,48.3218,53.0457,0.2465
914000000,43,253.542,25.3048,52.681,0.241
915000000,54,330.465,46.3299,50.1613,0.227
916000000,29,153.452,3.92466,33.258,0.2565
917000000,48,276.896,-47.2448,44.7225,0.293
918000000,28,164.251,-15.4676,24.6298,0.257
919000000,29,171.128,24.2493,29.5582,0.267
920000000,19,110.956,0.81623,23.0374,0.258
921000000,51,309.704,16.971,46.2705,0.242
922000000,47,280.825,28.2074,55.0388,0.262
923000000,60,364.097,22.2729,60.0753,0.257
924000000,45,269.391,14.158,56.1132,0.2695
925000000,70,429.464,36.7446,75.4464,0.235
926000000,30,180.608,20.8481,33.9277,0.241
927000000,44,260.631,-15.4891,45.5666,0.2645
928000000,40,233.886,-26.9412,35.276,0.267
929000000,16,92.9341,2.30749,13.1859,0.2345
930000000,43,243.739,19.8629,43.0771,0.255
931000000,58,357.574,8.41145,50.7576,0.276
932000000,42,242.11,12.6807,43.5001,0.2395
933000000,44,269.282,-1.67056,48.4108,0.271
934000000,43,261.853,9.24731,48.65,0.2525
935000000,87,503.476,52.1606,91.5381,0.236
936000000,44,265.243,18.5762,33.4047,0.26
937000000,38,219.91,37.0603,50.7385,0.2095
938000000,38,238.779,56.0457,51.0216,0.237
939000000,35,205.335,-9.69583,34.1263,0.2625
940000000,28,167.189,33.4089,31.6213,0.262
941000000,23,132.385,7.71479,26.7983,0.253
942000000,28,162.142,24.3499,24.0745,0.2375
943000000,38,228.838,2.96584,33.9971,0.255333
944000000,43,255.847,31.4533,40.7161,0.24
945000000,42,252.125,19.5785,41.354,0.247
946000000,49,291.627,15.6212,53.4572,0.253
947000000,37,222.946,-30.0241,29.3871,0.2835
948000000,46,277.086,22.8197,38.7993,0.2425
949000000,34,213.925,-3.02854,35.3628,0.261
950000000,31,178.192,22.1985,29.6714,0.256
951000000,38,232.316,23.4748,34.1157,0.279
952000000,38,223.355,-3.75024,33.3542,0.252
953000000,26,154.755,11.9402,24.0581,0.2515
954000000,53,308.152,-9.33285,46.5692,0.271
955000000,47,275.636,20.4448,46.962,0.261
956000000,35,195.145,10.6395,38.9228,0.261
957000000,27,151.215,-5.99284,31.895,0.248
958000000,38,224.532,24.508,26.2703,0.235
959000000,20,116.15,-3.50844,28.6886,0.247
960000000,69,407.477,41.9039,76.819,0.256
961000000,50,295.352,3.51107,53.2233,0.243
962000000,35,205.886,7.79495,43.298,0.24
963000000,52,314.982,17.9356,50.7659,0.257
964000000,39,225.759,1.58995,41.6085,0.231
965000000,42,240.513,26.1222,51.236,0.232333
966000000,53,322.659,2.85201,52.8374,0.258
967000000,51,311.656,22.9571,42.1695,0.2565
968000000,54,331.277,-0.617821,47.8322,0.279
969000000,22,135.787,-20.7479,22.4128,0.250125
970000000,43,269.467,33.7947,47.9128,0.255
971000000,35,208.587,29.1486,44.1382,0.255
972000000,34,200.603,0.770935,41.1626,0.26
973000000,51,308.913,4.10898,56.2254,0.307
974000000,41,243.399,2.56239,37.0344,0.225
975000000,47,280.698,25.6895,35.2712,0.243
976000000,44,265.665,47.098,48.3438,0.2435
977000000,55,334.084,2.07907,53.7056,0.262
978000000,18,101.396,-10.4548,18.4754,0.2585
979000000,19,115.594,15.3485,19.2706,0.251
980000000,30,182.764,11.6667,32.5485,0.2412
981000000,32,195.892,-5.30111,31.5819,0.251
982000000,47,289.519,44.3963,51.9549,0.2285
983000000,48,290.116,38.0163,55.9321,0.242
984000000,56,333.375,41.654,72.2064,0.261
985000000,33,194.732,32.5182,31.1727,0.246
986000000,65,381.518,46.0579,51.1294,0.2285
987000000,38,235.088,73.2072,33.2513,0.219
988000000,30,178.209,21.7916,34.5712,0.254
989000000,23,131.737,8.96403,23.2983,0.274
990000000,52,317.077,38.4409,40.8488,0.242
991000000,47,281.165,2.13987,55.1612,0.251
992000000,42,244.848,26.6927,46.2456,0.2215
993000000,41,241.384,26.635,42.8749,0.253
994000000,18,99.4692,16.9644,12.7411,0.254
995000000,31,183.054,15.4257,29.5388,0.2585
996000000,66,404.55,10.0579,75.3669,0.27
997000000,54,317.141,46.6626,50.9185,0.229
998000000,43,260.342,56.8148,43.1688,0.242
999000000,41,233.436,17.1327,31.9861,0.253667
