generation,N_shifts,logPrior,logLik,eventRate,acceptRate
0,0,-7.32518,-771.975,200,1
1000000,31,181.078,9.39127,29.405,0.24
2000000,92,546.785,41.2316,96.7969,0.225
3000000,34,211.334,43.8008,34.0752,0.233727
4000000,35,209.379,3.82451,46.383,0.253333
5000000,72,426.276,56.3106,69.2229,0.236
6000000,39,235.374,-2.10351,40.0641,0.2655
7000000,44,259.36,8.70943,39.4132,0.237
8000000,28,165.861,21.0815,28.7616,0.231
9000000,61,377.093,39.2085,65.0631,0.232
10000000,38,227.502,-32.6317,43.1613,0.258
11000000,59,364.258,0.0194938,62.4446,0.241
12000000,24,149.536,5.79971,20.9762,0.2455
13000000,40,224.349,24.1474,44.8889,0.247
14000000,40,240.411,51.4474,44.9533,0.219
15000000,35,209.786,37.5926,31.2329,0.241
16000000,37,223.961,44.4603,46.3341,0.2525
17000000,53,312.61,50.616,48.5513,0.245
18000000,30,180.136,-4.44779,27.094,0.273
19000000,39,235.87,48.5521,37.3794,0.249
20000000,22,136.069,12.5439,30.9533,0.2685
21000000,28,168.515,6.49275,28.0378,0.245667
22000000,57,347.098,4.80131,47.072,0.259
23000000,49,285.822,15.6958,40.9165,0.252
24000000,48,273.276,41.9518,43.7086,0.26
25000000,29,173.816,-19.7977,23.2152,0.2305
26000000,76,445.304,37.3869,82.249,0.2435
27000000,46,268.858,54.6006,47.2086,0.229
28000000,55,326.58,53.0553,63.3736,0.252
29000000,22,118.503,4.26178,22.0397,0.258333
30000000,45,274.164,51.447,44.9284,0.2135
31000000,37,230.558,9.57595,41.2028,0.239
32000000,56,333.333,-12.6686,66.3817,0.25
33000000,24,154.247,20.6906,22.8301,0.2465
34000000,46,274.11,11.039,44.5056,0.263
35000000,34,208.401,39.1054,33.8624,0.2415
36000000,36,197.301,27.8834,42.2915,0.265
37000000,25,144.092,-5.07333,31.3643,0.25225
38000000,36,223.189,8.25231,22.4152,0.261692
39000000,37,227.49,51.9055,46.882,0.2025
40000000,43,259.154,1.01715,52.3926,0.2545
41000000,42,253.939,1.33208,38.798,0.2625
42000000,34,196.343,31.7011,40.7226,0.244
43000000,50,296.196,11.8006,42.2759,0.258
44000000,24,141.771,5.48256,26.1665,0.254
45000000,57,350.508,8.19944,57.1676,0.2415
46000000,64,365.526,46.6176,57.2968,0.219
47000000,48,288.224,49.9855,51.2431,0.239
48000000,29,167.29,16.849,40.7891,0.257
49000000,18,111.683,4.70782,16.826,0.272
50000000,49,284.439,39.6978,56.0657,0.216
51000000,60,355.691,75.1911,52.6328,0.26
52000000,29,175.877,17.1171,25.4724,0.255167
53000000,36,213.49,25.2934,37.4377,0.246
54000000,37,219.459,-18.4315,35.4758,0.2615
55000000,48,300.311,23.8249,43.3564,0.226
56000000,24,128.363,26.9107,29.1438,0.224
57000000,49,282.232,-13.7198,50.4791,0.253
58000000,63,380.963,48.5933,51.5605,0.272
59000000,69,422.256,39.709,70.8291,0.246
60000000,23,128.055,25.9884,29.0953,0.225333
61000000,51,308.444,28.4984,40.8212,0.254667
62000000,31,182.848,21.4807,29.5995,0.244667
63000000,47,284.019,52.1722,45.3156,0.220667
64000000,41,244.283,0.857902,35.5428,0.2375
65000000,48,292.483,77.7226,60.007,0.231125
66000000,47,265.129,30.7671,52.5143,0.244333
67000000,45,264.619,39.9832,47.5925,0.234
68000000,48,293.698,17.261,58.5716,0.261
69000000,23,134.311,-16.6245,24.4258,0.269667
70000000,55,322.939,35.2863,53.6211,0.25
71000000,34,208.36,25.1636,44.1593,0.2295
72000000,25,145.17,-0.831134,32.6237,0.2375
73000000,20,119.181,29.726,23.4328,0.2485
74000000,20,125.803,20.411,18.544,0.247
75000000,24,140.199,8.56467,17.8492,0.2445
76000000,39,236.482,37.7671,47.1903,0.219
77000000,40,239.082,6.10519,45.1003,0.243
78000000,40,249.208,3.84597,30.0392,0.2585
79000000,34,202.363,11.8354,31.2898,0.253
80000000,54,311.101,11.1773,49.5847,0.229
81000000,43,256.024,62.2352,35.7128,0.225
82000000,49,276.196,26.0873,46.8727,0.248
83000000,35,203.733,33.6387,40.8356,0.227
84000000,41,244.677,29.3428,40.2933,0.246
85000000,49,309.266,18.0626,46.6046,0.249
86000000,54,314.819,-7.95663,51.4311,0.2525
87000000,31,179.922,-10.5906,34.8158,0.257
88000000,38,216.879,-8.51459,32.3773,0.268
89000000,32,193.836,-4.03949,38.4634,0.254
90000000,45,282.803,3.96615,55.593,0.255
91000000,44,261.02,41.5972,46.9702,0.227
92000000,34,206.939,40.0017,37.9188,0.2335
93000000,53,324.47,16.7959,57.9905,0.221
94000000,42,255.253,35.9528,37.0205,0.218
95000000,36,219.133,-4.51581,34.5946,0.258857
96000000,54,320.933,16.2995,39.225,0.261
97000000,34,192.421,-1.2257,38.0316,0.261
98000000,29,174.158,45.7306,28.6681,0.2445
99000000,47,282.867,-3.81978,47.4937,0.255
100000000,72,433.905,62.8699,70.8379,0.261
101000000,62,368.672,23.792,70.7925,0.253
102000000,33,197.933,-18.9841,24.7234,0.272
103000000,41,242.791,43.9888,52.1667,0.246
104000000,46,283.714,24.1335,37.2494,0.252667
105000000,26,151.26,4.23477,28.1462,0.27
106000000,70,435.431,-7.07815,76.7296,0.255
107000000,32,178.861,2.94377,34.2879,0.26
108000000,45,272.471,82.4373,44.8231,0.21
109000000,30,175.126,43.0457,29.0908,0.2455
110000000,32,196.196,12.1234,34.6801,0.2575
111000000,27,165.211,8.27099,17.7337,0.238
112000000,51,306.523,53.1209,50.2045,0.241
113000000,55,314.454,0.823164,44.2205,0.256
114000000,42,247.633,19.3252,45.3674,0.241
115000000,51,310.079,27.9406,59.686,0.247333
116000000,34,208.293,16.8902,37.8484,0.2555
117000000,46,264.558,22.4031,44.9173,0.2575
118000000,53,328.194,9.62798,64.4911,0.262
119000000,62,361.063,9.21882,64.9141,0.272
120000000,52,310.934,12.7525,42.2143,0.227
121000000,48,290.832,10.6247,45.9313,0.2715
122000000,25,142.885,-18.5697,19.2015,0.255
123000000,44,261.283,49.5833,63.395,0.239
124000000,31,175.853,18.9021,33.3263,0.245
125000000,34,211.454,-21.3736,38.9766,0.2525
126000000,45,266.14,56.0757,53.6268,0.254
127000000,34,202.255,9.823,37.3747,0.221
128000000,30,185.445,15.316,34.1277,0.258
129000000,43,247.696,7.54585,46.2556,0.241
130000000,27,156.987,22.9913,31.0539,0.237
131000000,42,260.543,-1.21579,48.5143,0.26
132000000,58,355.576,24.5845,48.6734,0.237
133000000,49,290.149,55.4482,45.1451,0.234
134000000,51,319.131,26.1755,45.4329,0.241
135000000,41,247.586,15.9481,56.2714,0.257333
136000000,32,192.775,50.0167,27.2067,0.23
137000000,59,354.838,43.5457,60.3914,0.256
138000000,49,290.559,46.2428,57.5698,0.254
139000000,50,298.821,-8.38852,46.7181,0.265
140000000,60,352.974,63.0971,70.0379,0.236
141000000,34,204.283,-11.4909,33.8192,0.2375
142000000,44,261.488,33.1216,40.0942,0.237
143000000,28,168.673,-8.42675,29.8138,0.2755
144000000,53,320.243,35.0785,69.1859,0.221
145000000,38,215.398,23.9624,37.9899,0.2405
146000000,19,114.052,-17.9955,16.8688,0.2765
147000000,46,273.219,55.764,48.5316,0.25
148000000,39,242.684,41.1245,37.803,0.267
149000000,49,294.095,47.3,46.3017,0.2455
150000000,54,314.949,20.927,57.2381,0.272
151000000,35,211.8,13.3997,36.3706,0.228
152000000,52,326.444,23.4595,56.6492,0.238
153000000,39,222.122,31.2618,41.603,0.237
154000000,64,402.332,-15.291,69.9588,0.2565
155000000,77,471.132,11.5372,86.9922,0.263
156000000,26,149.531,31.054,22.1956,0.236
157000000,43,248.268,-16.1408,41.7752,0.276
158000000,32,195.599,-11.9331,30.9644,0.2555
159000000,18,110.015,0.937696,21.0499,0.243333
160000000,69,424.837,70.1032,79.1738,0.22
161000000,36,225.664,14.9514,39.0727,0.233
162000000,45,280.44,35.8648,41.2212,0.2215
163000000,60,357.465,27.5291,57.9134,0.2665
164000000,50,300.424,29.492,43.1214,0.242
165000000,51,298.229,16.8778,39.1941,0.217
166000000,32,196.091,-1.44673,20.88,0.255
167000000,45,261.286,56.2203,44.5732,0.2625
168000000,45,277.434,39.1675,40.234,0.233
169000000,33,207.083,32.6365,39.8524,0.239
170000000,27,159.326,32.6724,36.1589,0.2305
171000000,49,290.127,-17.3226,43.4661,0.2755
172000000,19,109.899,-5.054,19.053,0.2605
173000000,50,297.368,9.54177,53.1499,0.2565
174000000,57,355.312,13.167,68.606,0.249
175000000,35,211.958,35.463,38.0998,0.237
176000000,38,226.866,-7.2745,47.1334,0.249
177000000,46,285.353,-32.4338,44.5616,0.288
178000000,44,263.28,31.4793,41.9076,0.2565
179000000,21,126.861,13.2219,22.999,0.248
180000000,35,211.249,-16.6208,33.7168,0.25
181000000,58,364.91,8.15983,58.8351,0.251
182000000,28,175.304,-4.71732,31.6883,0.25775
183000000,36,218.871,-28.2905,36.091,0.256
184000000,57,358.621,34.7422,66.4378,0.249
185000000,79,483.737,12.3993,87.3552,0.238
186000000,45,276.974,-10.8771,47.9357,0.265
187000000,54,340.255,58.9768,52.5025,0.207
188000000,59,336.948,25.8682,46.0983,0.245
189000000,73,422.193,32.1743,65.7334,0.274
190000000,27,156.482,0.602706,23.1485,0.255333
191000000,45,272.783,34.8941,39.1137,0.23
192000000,35,194.947,7.89202,38.543,0.2685
193000000,38,226.598,39.2917,29.5825,0.2305
194000000,69,415.463,45.4771,51.4284,0.235
195000000,66,388.678,-5.02902,60.015,0.27
196000000,43,255.453,-16.5747,47.081,0.2555
197000000,33,190.863,3.2837,32.4235,0.251333
198000000,56,345.847,56.0957,54.8223,0.226
199000000,53,310.479,5.11624,51.2365,0.2455
200000000,62,352.885,-27.4908,59.0229,0.295333
201000000,46,286.144,-6.21206,33.0277,0.26
202000000,21,114.753,0.996109,19.4357,0.253333
203000000,43,260.08,-4.42149,39.3066,0.267
204000000,29,171.466,35.1287,37.8737,0.2285
205000000,50,313.21,35.1662,46.1143,0.218
206000000,49,284.965,57.8368,52.5459,0.2215
207000000,54,324.125,71.0403,52.5245,0.24
208000000,55,330.218,16.367,59.0819,0.248
209000000,49,287.824,38.1804,40.6193,0.2485
210000000,43,253.968,-13.5446,48.1555,0.283
211000000,54,317.286,41.9889,60.2395,0.264
212000000,55,329.112,32.7317,43.2857,0.246
213000000,47,285.003,31.4116,45.4571,0.247
214000000,54,331.4,0.34429,59.2284,0.269
215000000,59,351.6,22.9164,49.6528,0.239
216000000,22,126.844,-48.2197,24.2579,0.293
217000000,74,438.597,13.6492,94.7087,0.271
218000000,41,245.314,22.4483,48.5457,0.2435
219000000,49,296.603,20.821,50.6881,0.262
220000000,51,301.667,36.9022,73.5726,0.248
221000000,57,343.188,70.915,53.8338,0.215
222000000,40,235.908,55.4386,33.7818,0.211
223000000,39,233.057,-11.8952,41.3251,0.25
224000000,47,271.571,46.77,48.8049,0.224667
225000000,73,446.05,-5.90518,77.2311,0.244
226000000,34,198.995,-12.5323,25.3087,0.2514
227000000,36,218.502,27.664,37.4063,0.228
228000000,33,208.432,4.828,40.8024,0.26
229000000,29,162.008,10.53,38.4121,0.2545
230000000,18,99.4573,33.7174,13.7105,0.226
231000000,44,260.713,28.0559,54.2041,0.2335
232000000,32,187.863,23.7777,26.8973,0.239
233000000,37,223.774,19.6766,32.0937,0.241
234000000,22,126.489,46.0421,21.9817,0.2295
235000000,60,339.895,34.6496,56.6637,0.234
236000000,48,289.201,18.8164,48.8774,0.2555
237000000,57,356.799,-5.80996,65.7322,0.256
238000000,20,118.535,-7.58581,19.9129,0.2545
239000000,59,337.059,-11.9162,55.9389,0.2705
240000000,46,264.318,1.09793,49.0557,0.27
241000000,48,286.93,57.236,43.357,0.23
242000000,40,229.66,4.69357,41.6859,0.256
243000000,50,309.176,34.1733,40.6757,0.251
244000000,46,277.023,4.97724,40.2676,0.253
245000000,46,270.293,6.55815,51.9585,0.255
246000000,43,250.208,35.2038,46.4214,0.2435
247000000,41,242.129,14.3306,41.7321,0.253
248000000,34,199.361,14.5436,41.2293,0.262
249000000,45,266.507,6.7702,56.8657,0.2355
250000000,27,154.185,38.4213,27.5222,0.242
251000000,39,236.799,35.5639,47.6752,0.269
252000000,34,209.699,51.6515,34.22,0.23725
253000000,44,265.741,-9.6258,40.2058,0.259
254000000,37,233.282,1.08928,32.1232,0.240833
255000000,59,342.817,54.8921,46.2157,0.241
256000000,77,457.364,36.8924,68.3401,0.251
257000000,80,494.82,-8.87091,88.3747,0.254
258000000,39,227.828,62.7372,42.568,0.215
259000000,37,217.346,22.4085,38.7739,0.2585
260000000,74,441.914,47.6935,71.5255,0.22
261000000,31,188.425,-4.23073,28.4942,0.249
262000000,53,320.872,24.4142,46.6749,0.236
263000000,43,253.729,29.6643,38.1423,0.2395
264000000,67,398.885,63.7117,76.0729,0.2515
265000000,42,263.934,18.2584,29.5201,0.2495
266000000,69,411.791,16.1001,60.7642,0.272
267000000,31,184.894,45.1743,34.8224,0.2535
268000000,63,374.194,67.5363,54.7922,0.21
269000000,57,350.895,55.7082,50.245,0.249
270000000,45,264.581,40.6727,48.9266,0.223
271000000,49,289.991,-11.9822,35.4967,0.264
272000000,67,395.632,52.1911,68.1884,0.215
273000000,30,174.879,14.6096,27.3826,0.2515
274000000,53,311.555,29.6914,60.6967,0.225
275000000,62,367.154,15.22,64.0728,0.248
276000000,67,424.056,20.4312,68.2405,0.265
277000000,61,374.567,36.395,56.8825,0.256
278000000,42,250.457,41.403,42.1025,0.2255
279000000,51,299.389,60.3314,44.8928,0.219
280000000,47,281.166,-23.9084,47.1743,0.268
281000000,86,501.001,8.97776,91.9762,0.2625
282000000,49,301.234,37.3385,47.1937,0.2325
283000000,35,211.147,38.0032,38.7618,0.245333
284000000,27,169.226,44.3167,25.7833,0.2335
285000000,31,166.076,18.5093,36.9338,0.256
286000000,38,228.669,3.57867,40.9781,0.249667
287000000,37,220.518,49.2676,44.5341,0.215
288000000,58,349.289,42.7451,60.7691,0.239
289000000,24,140.466,33.3442,19.0102,0.23975
290000000,77,458.443,44.227,63.6363,0.235
291000000,64,401.509,51.223,64.3119,0.243
292000000,39,240.485,49.1708,38.2911,0.2275
293000000,32,196.167,2.79348,31.0341,0.247
294000000,37,222.36,-1.71908,47.8873,0.248
295000000,37,217.422,37.6007,36.9423,0.244
296000000,51,316.621,74.6242,50.0379,0.216
297000000,49,298.057,58.8769,38.6229,0.251
298000000,31,186.163,-5.21025,31.7286,0.261
299000000,26,160.987,23.7789,26.7803,0.247
300000000,49,290.746,-7.87747,39.4978,0.256
301000000,35,218.859,47.2794,30.7604,0.225
302000000,59,346.688,17.9997,54.4968,0.219
303000000,80,496.666,30.8403,75.5085,0.245
304000000,26,145.642,44.6001,27.2866,0.235
305000000,46,266.54,22.366,55.8386,0.263
306000000,29,178.601,-8.36869,23.2579,0.239
307000000,39,244.935,8.66597,42.2817,0.2555
308000000,60,345.825,34.84,63.3718,0.234
309000000,44,266.183,-5.45638,48.8352,0.2515
310000000,30,184.157,13.5991,35.0522,0.2465
311000000,31,176.982,18.2144,43.5952,0.244909
312000000,47,280.715,20.0051,61.6468,0.248
313000000,26,153.351,-3.41862,28.9936,0.251333
314000000,23,129.615,30.3548,29.6471,0.2365
315000000,73,445.087,22.4644,70.9701,0.221
316000000,27,168.867,18.1654,27.149,0.23
317000000,72,434.616,75.2793,73.6275,0.24
318000000,67,415.482,69.637,59.1576,0.242
319000000,39,242.877,42.1463,32.0355,0.248
320000000,32,181.86,1.66462,31.6157,0.243
321000000,39,232.87,7.43719,42.6131,0.26375
322000000,35,206.965,25.3832,30.2436,0.232
323000000,32,196.477,39.2943,31.8991,0.2405
324000000,41,215.221,19.117,51.5982,0.227
325000000,57,336.665,25.6627,62.1263,0.241
326000000,32,196.979,44.4251,28.4751,0.245
327000000,54,312.39,19.793,60.3215,0.2345
328000000,31,198.694,2.56839,39.1654,0.262
329000000,42,252.934,0.218476,33.5381,0.2605
330000000,39,240.374,1.47217,44.3733,0.262
331000000,56,340.979,13.2426,59.66,0.244
332000000,50,296.903,-1.51516,50.365,0.261
333000000,43,255.237,15.0184,41.127,0.256
334000000,28,165.116,2.04729,30.9506,0.2625
335000000,54,320.671,30.1079,56.3833,0.2475
336000000,72,439.682,26.6405,69.5596,0.266
337000000,55,328.359,33.5729,53.6454,0.2315
338000000,76,470.518,10.1598,89.5764,0.242
339000000,34,205.558,45.7725,27.912,0.24
340000000,47,286.16,6.76348,45.0431,0.253
341000000,52,306.806,0.624209,52.0698,0.262
342000000,49,295.985,30.033,48.52,0.241
343000000,42,256.318,24.2833,39.4942,0.247
344000000,56,331.784,25.0586,50.405,0.229
345000000,39,234.225,-10.3601,36.6567,0.265
346000000,45,285.933,10.5176,51.292,0.264
347000000,48,293.257,31.2359,49.9609,0.241
348000000,34,196.278,-11.9273,25.9695,0.262
349000000,32,189.327,-2.55869,30.4959,0.267
350000000,47,281.936,46.2898,52.4711,0.238
351000000,10,60.888,17.1348,13.1284,0.257
352000000,35,215.47,33.281,35.4042,0.23
353000000,43,263.711,6.58418,45.9428,0.240286
354000000,43,262.562,6.84622,39.4971,0.256
355000000,32,188.814,-0.738901,27.2772,0.24725
356000000,53,314.996,9.18562,41.4454,0.2535
357000000,51,303.451,-7.77053,50.355,0.265
358000000,48,280.867,38.1951,51.5113,0.25
359000000,19,116.067,-11.2571,19.9556,0.26
360000000,24,143.708,-22.8983,38.5913,0.2395
361000000,38,226.907,10.5306,32.783,0.2615
362000000,48,287.823,31.1613,50.0789,0.244
363000000,31,186.096,25.8116,38.3549,0.224
364000000,36,211.328,11.0817,35.1982,0.256143
365000000,54,311.782,28.2006,57.699,0.249
366000000,40,232.296,8.30074,49.5388,0.241
367000000,72,429.349,21.0248,76.8713,0.2565
368000000,47,263.736,55.2655,40.3824,0.2425
369000000,49,286.584,24.4575,57.1701,0.25
370000000,42,266.929,41.8624,46.9629,0.247
371000000,25,146.657,-10.9643,25.4974,0.2595
372000000,26,150.889,21.1611,31.4858,0.247
373000000,82,466.926,-16.8946,74.767,0.2585
374000000,29,174.11,23.0976,23.814,0.2365
375000000,46,286.35,24.6009,37.6085,0.2465
376000000,63,371.832,46.7834,59.625,0.226
377000000,32,195.003,-9.07176,26.0625,0.232
378000000,39,236.006,13.2022,39.7113,0.259
379000000,62,385.544,34.8795,58.3239,0.266
380000000,23,127.798,12.1752,22.4555,0.241333
381000000,45,270.979,-3.47545,47.1496,0.2695
382000000,88,534.958,25.9939,84.7709,0.273
383000000,28,165.406,-0.0877024,19.3542,0.245429
384000000,71,426.669,26.3727,64.4452,0.251
385000000,34,205.457,35.551,30.915,0.232
386000000,65,400.594,7.24974,67.5041,0.2715
387000000,40,244.315,1.81593,37.7601,0.266
388000000,24,145.347,23.0861,33.1684,0.253667
389000000,85,525.966,62.8414,82.455,0.243
390000000,37,210.607,4.09091,39.1987,0.2365
391000000,41,249.989,29.6356,38.2595,0.238
392000000,36,229.407,28.6052,52.8246,0.242
393000000,49,297.159,39.8615,34.03,0.22
394000000,40,228.768,-13.6672,38.024,0.259
395000000,35,207.327,16.4091,51.353,0.2575
396000000,49,300.581,7.93352,44.7356,0.252
397000000,33,193.28,-2.34339,33.8665,0.26
398000000,70,428.014,40.237,54.5879,0.242
399000000,35,208.494,18.7782,33.1064,0.2425
400000000,32,188.51,-3.62507,42.618,0.249
401000000,70,411.829,47.6183,66.249,0.237
402000000,63,382.752,82.802,66.9632,0.233
403000000,42,247.208,22.6238,53.6535,0.26
404000000,50,289.052,5.42227,39.0823,0.256
405000000,42,254.524,-19.4445,43.1784,0.247
406000000,59,362.449,17.4528,53.0854,0.241667
407000000,38,223.165,2.40693,43.213,0.254
408000000,56,335.434,3.65897,51.8279,0.25575
409000000,43,236.112,-11.0104,50.0008,0.252
410000000,54,299.042,43.4018,53.5621,0.234
411000000,35,202.218,-19.304,30.3052,0.278
412000000,37,224.002,13.9677,49.0533,0.2635
413000000,14,78.3253,-26.7907,15.7012,0.266333
414000000,46,278.953,-11.6524,40.0808,0.266
415000000,33,198.177,-2.34841,33.067,0.251
416000000,33,209.205,2.20101,31.3912,0.2545
417000000,40,233.823,-21.2115,42.58,0.2698
418000000,63,373.792,33.8734,49.7187,0.232
419000000,29,175.94,-10.2437,28.1913,0.2665
420000000,35,203.66,25.6442,49.2723,0.2355
421000000,33,206.063,6.18215,40.9508,0.248
422000000,56,326.511,28.3144,77.3958,0.212
423000000,28,160.928,22.7474,37.6588,0.2315
424000000,42,251.237,14.0327,33.437,0.264
425000000,43,256.185,29.0887,38.2309,0.246667
426000000,32,177.692,20.3447,30.9284,0.237182
427000000,34,206.518,-11.312,33.0392,0.259
428000000,41,245.681,25.3804,37.813,0.2355
429000000,35,214.865,-20.7808,35.5222,0.264
430000000,31,185.787,19.1808,31.8249,0.268
431000000,41,250.484,-12.6078,39.3316,0.259
432000000,56,320.377,35.0815,59.6694,0.252
433000000,50,304.281,7.70302,58.3796,0.241
434000000,47,294.662,62.0315,44.1165,0.208
435000000,46,270.352,57.0415,57.0581,0.248
436000000,26,160.697,28.0631,28.6227,0.252333
437000000,28,168.715,2.90648,23.2883,0.254
438000000,31,178.058,0.441688,27.6079,0.2315
439000000,48,281.716,17.0798,44.0428,0.257
440000000,60,360.584,7.85325,66.8344,0.283
441000000,51,281.852,22.6441,48.4495,0.2695
442000000,28,163.93,-30.214,25.2061,0.26525
443000000,42,238.07,-29.7663,36.9245,0.26
444000000,43,262.48,65.3889,43.5588,0.224
445000000,71,434.456,30.6584,71.8989,0.236
446000000,33,197.425,7.93675,31.2509,0.257
447000000,47,280.264,58.0551,52.4196,0.236
448000000,65,395.304,-18.4907,61.7008,0.275
449000000,32,197.63,24.0436,26.3997,0.2495
450000000,42,247,8.82322,45.9756,0.256
451000000,33,181.566,32.1275,31.4926,0.232
452000000,42,257.219,-20.5263,50.4243,0.224
453000000,44,259.637,40.4182,46.1429,0.256
454000000,28,153.796,24.288,28.4915,0.2435
455000000,106,660.189,39.8523,103.668,0.262
456000000,38,227.749,24.8882,44.8888,0.2415
457000000,62,379.819,45.7254,57.8928,0.223
458000000,25,153.222,53.205,23.7333,0.21
459000000,41,225.318,23.9274,27.161,0.217
460000000,45,268.086,19.2992,50.6709,0.253
461000000,77,465.749,2.76552,71.3101,0.246
462000000,54,329.086,50.2359,51.0619,0.241
463000000,36,217.808,38.5495,30.592,0.233
464000000,40,239.599,37.5279,29.6083,0.2235
465000000,53,317.963,-14.0071,46.4068,0.269
466000000,50,307.116,56.3715,53.6898,0.225
467000000,45,270.849,68.3282,44.7052,0.199
468000000,37,218.509,17.31,37.9235,0.257
469000000,27,157.41,37.0524,27.9513,0.241
470000000,35,201.013,17.9783,27.2211,0.243
471000000,63,377.755,20.0403,46.5933,0.253
472000000,54,332.813,30.7631,59.3315,0.276
473000000,55,333.227,21.2955,53.4248,0.236
474000000,35,207.091,8.27118,29.3933,0.2655
475000000,34,195.573,39.514,37.2919,0.252
476000000,36,222.035,42.7296,43.3079,0.2355
477000000,44,265.298,29.8375,43.8503,0.233
478000000,66,391.102,7.47619,72.9385,0.243
479000000,56,335.46,-5.20879,46.4349,0.267
480000000,38,229.716,26.223,35.2457,0.234
481000000,30,174.79,-8.49074,30.4829,0.2385
482000000,46,272.842,30.5165,36.1563,0.265
483000000,24,139.277,12.1406,31.8691,0.235
484000000,34,198.712,-6.5326,32.1619,0.248
485000000,72,419.271,16.6607,78.3197,0.254
486000000,43,262.335,8.77888,48.7704,0.27
487000000,34,203.932,9.90234,29.0098,0.236
488000000,45,277.031,20.1325,42.6961,0.25
489000000,44,243.901,-11.4296,35.8123,0.265
490000000,33,194.512,-3.46707,34.6802,0.275
491000000,55,333.224,46.3757,53.3771,0.232
492000000,44,258.89,38.0081,53.5581,0.241
493000000,22,127.356,-30.4332,29.8067,0.25375
494000000,35,205.904,31.3713,51.5375,0.242
495000000,40,247.092,33.0726,51.9893,0.231
496000000,33,201.188,27.8738,36.592,0.22825
497000000,38,235.524,39.8138,31.3086,0.279
498000000,44,267.607,30.079,59.3175,0.225
499000000,59,366.089,28.8416,53.4973,0.25
500000000,51,305.199,37.2642,53.5248,0.2555
501000000,53,313.625,23.3299,51.1247,0.26
502000000,66,407.537,-7.91304,62.4217,0.251857
503000000,34,220.324,-28.4271,32.3111,0.259
504000000,43,266.086,49.9867,51.823,0.233
505000000,50,300.561,8.23123,49.471,0.2375
506000000,30,178.399,62.7412,44.7424,0.224
507000000,42,242.714,23.8103,42.5613,0.225
508000000,39,226.052,5.55701,43.5592,0.236667
509000000,54,320.852,59.5895,54.3188,0.255
510000000,53,318.253,17.2196,45.7718,0.246
511000000,56,343.131,36.7232,56.4613,0.2475
512000000,55,318.11,42.7651,49.2712,0.22
513000000,62,369.016,20.3143,71.6781,0.231
514000000,29,172.459,24.9442,29.7618,0.2625
515000000,32,198.84,38.6237,30.1302,0.24
516000000,39,234.433,17.875,50.0441,0.248
517000000,46,267.227,19.6842,47.4063,0.249
518000000,24,143.536,28.7074,27.2668,0.2305
519000000,49,295.647,9.17018,54.8427,0.234
520000000,30,176.653,13.5969,31.041,0.255
521000000,22,139.555,27.3742,17.1634,0.2325
522000000,47,288.909,17.1699,42.2789,0.278
523000000,31,185.694,37.827,41.7196,0.236
524000000,38,226.154,31.003,37.1914,0.2235
525000000,35,210.354,38.9192,31.5248,0.2395
526000000,65,375.961,61.5564,77.6477,0.226
527000000,49,289.123,-23.2778,53.3675,0.2825
528000000,52,314.603,0.543637,49.9643,0.276
529000000,49,291.707,56.3274,52.4633,0.244
530000000,55,330.857,43.8111,69.825,0.233
531000000,27,158.476,32.1312,33.1216,0.263
532000000,32,189.809,11.3982,26.96,0.25375
533000000,71,435.707,33.5281,73.0297,0.25
534000000,46,282.36,1.18051,46.5263,0.254
535000000,51,307.466,33.98,40.7169,0.2205
536000000,56,329.406,41.6306,56.5283,0.239
537000000,64,393.511,-4.2446,70.57,0.244
538000000,45,260.033,21.3377,39.072,0.234333
539000000,31,178.118,38.9123,33.9788,0.23375
540000000,32,197.069,6.16794,57.6691,0.274
541000000,32,192.389,27.1136,31.9207,0.232
542000000,60,354.239,29.7033,53.4361,0.238
543000000,42,256.341,-3.1582,40.8775,0.254
544000000,53,315.941,21.4767,49.1981,0.283
545000000,21,128.987,-19.1167,11.9889,0.276333
546000000,33,188.782,-5.55469,38.9179,0.2505
547000000,87,521.709,62.3708,81.3235,0.254
548000000,24,134.003,23.5511,25.1447,0.252
549000000,44,266.229,32.2791,60.3375,0.259
550000000,35,213.095,1.00428,22.9485,0.2465
551000000,38,229.942,31.075,33.69,0.248
552000000,28,165.612,18.1739,27.6213,0.23
553000000,60,363.167,27.8576,55.0905,0.286
554000000,58,351.608,43.0107,57.5762,0.249
555000000,61,353.44,56.5389,67.2896,0.225
556000000,44,264.634,22.6336,35.6427,0.256
557000000,38,222.707,22.9351,43.9314,0.232
558000000,37,231.483,39.4869,38.9388,0.239
559000000,58,346.148,31.9618,51.0579,0.239
560000000,27,166.262,37.0407,23.1982,0.226
561000000,46,286.318,-11.3614,41.8795,0.252
562000000,40,246.598,1.90019,56.2623,0.2545
563000000,60,357.817,33.5272,55.3481,0.256
564000000,47,283.684,40.9855,49.2437,0.2485
565000000,66,404.547,-1.63833,60.4905,0.31
566000000,53,311.925,43.5684,47.4056,0.227
567000000,59,355.135,32.8618,58.0578,0.227
568000000,36,221.982,23.1017,40.7429,0.241
569000000,51,309.751,7.71393,51.6831,0.2465
570000000,31,179.046,16.5237,49.5951,0.25125
571000000,29,173.905,-13.1746,31.5883,0.267
572000000,41,240.633,22.022,41.6695,0.236
573000000,43,261.566,22.9678,39.9464,0.2635
574000000,33,204.636,35.2508,30.6136,0.244857
575000000,27,164.273,-2.70815,30.7587,0.247
576000000,46,281.843,25.8121,68.1756,0.251
577000000,24,143.868,1.63587,20.2439,0.2415
578000000,28,161.53,11.7732,29.0429,0.243
579000000,33,197.859,-12.0023,39.1703,0.252333
580000000,26,155.827,13.2903,30.8249,0.258
581000000,88,521.938,46.6792,93.7678,0.252
582000000,38,219.832,16.5935,34.9718,0.2305
583000000,41,247.668,13.1093,48.1864,0.282
584000000,47,292.417,37.1852,62.8146,0.225
585000000,50,296.625,46.9877,54.8926,0.2465
586000000,38,236.399,4.22574,46.8547,0.275
587000000,53,329.348,33.7159,56.5383,0.2365
588000000,26,164.822,34.1197,33.6584,0.254
589000000,28,163.146,3.60605,40.8067,0.2505
590000000,67,389.735,22.9719,71.6293,0.263
591000000,49,309.537,-0.717328,43.5875,0.276
592000000,51,293.894,43.2014,49.618,0.235
593000000,68,399.837,39.6375,67.3034,0.264
594000000,25,149.508,24.7946,31.5022,0.242
595000000,32,192.089,66.2774,42.747,0.215
596000000,35,215.339,37.1842,28.008,0.2395
597000000,39,229.867,19.9781,43.894,0.224
598000000,32,182.048,51.182,44.4878,0.2385
599000000,36,216.323,29.8483,38.2036,0.252
600000000,34,198.977,-7.59661,26.6311,0.251
601000000,38,225.418,-7.31826,42.5728,0.242143
602000000,46,271.436,-0.68507,51.6491,0.2585
603000000,59,354.317,19.4111,62.147,0.255
604000000,55,328.602,42.0781,55.8802,0.26
605000000,51,316.118,39.1678,57.7078,0.239
606000000,68,404.135,36.0762,66.0901,0.2495
607000000,45,259.615,17.2892,38.5984,0.265
608000000,31,175.265,19.5648,20.1367,0.255333
609000000,38,214.456,5.34623,35.2771,0.249
610000000,31,184.376,32.5905,43.1798,0.240875
611000000,45,271.755,18.9965,43.5821,0.257
612000000,22,128.636,6.71679,17.0265,0.2245
613000000,44,270.97,25.1136,38.0227,0.229
614000000,83,500.305,29.096,104.692,0.274
615000000,56,348.204,60.537,58.2136,0.239
616000000,41,239.41,22.4263,42.0297,0.23
617000000,56,332.622,42.2536,59.1932,0.2335
618000000,50,310.939,41.8354,67.5571,0.2355
619000000,44,270.266,16.3362,57.0082,0.234
620000000,32,193.356,5.17264,27.2042,0.251
621000000,46,285.193,33.8664,39.0597,0.257
622000000,36,225.023,-5.73828,37.395,0.2605
623000000,36,208.294,5.24225,31.5184,0.24725
624000000,55,339.322,34.8381,51.1645,0.2475
625000000,48,280.64,24.7528,38.3005,0.259
626000000,54,315.205,40.9366,73.552,0.259
627000000,45,261.507,5.54226,48.7499,0.266
628000000,50,283.424,11.1534,42.3544,0.2385
629000000,40,255.809,67.4136,41.3809,0.247
630000000,51,304.744,41.2689,50.3997,0.233
631000000,50,285.145,9.0309,42.9063,0.262
632000000,45,280.944,15.8013,54.2519,0.2385
633000000,41,233.719,60.4107,42.2235,0.224
634000000,49,301.615,54.9271,36.0384,0.247
635000000,39,238.7,33.231,34.2556,0.24
636000000,49,292.036,33.0003,51.4012,0.235
637000000,27,165.417,-1.39194,32.2867,0.2545
638000000,39,236.63,20.638,35.6655,0.25
639000000,53,330.891,21.4457,46.4429,0.25
640000000,26,157.564,27.014,36.6034,0.23075
641000000,55,330.164,27.9753,42.5142,0.245
642000000,38,230.993,-3.31709,53.9448,0.241
643000000,53,329.433,17.1514,40.1211,0.2515
644000000,43,253.348,14.7944,47.5953,0.2455
645000000,31,176.64,1.585,24.6618,0.2475
646000000,51,297.908,4.03732,41.88,0.26
647000000,47,271.988,48.0098,43.4411,0.229
648000000,60,356.817,14.7676,54.1884,0.2585
649000000,37,224.394,18.1275,31.2507,0.242
650000000,38,222.792,59.1505,43.2756,0.249
651000000,33,200.273,27.2026,40.7903,0.2345
652000000,46,272.009,16.0071,50.3774,0.244
653000000,23,141.763,26.5459,33.831,0.244
654000000,28,169.195,27.2359,27.6299,0.2345
655000000,53,321.247,29.4073,54.1966,0.26
656000000,41,250.401,43.6151,43.2216,0.233
657000000,51,303.939,7.35686,64.6741,0.237
658000000,62,390.708,31.9785,51.5878,0.231
659000000,36,201.614,57.1722,49.9411,0.242
660000000,39,243.95,0.464967,37.7271,0.2765
661000000,39,225.051,34.4091,35.7035,0.2425
662000000,34,202.323,41.2551,26.345,0.244
663000000,43,259.26,10.5914,34.9949,0.251
664000000,32,189.289,21.9389,30.2997,0.2458
665000000,70,416.528,24.2934,74.3179,0.227
666000000,58,338.749,69.3196,54.9554,0.2395
667000000,33,181.513,10.1018,28.1218,0.239
668000000,31,182.264,16.1546,22.3124,0.251
669000000,62,358.273,17.4049,63.4264,0.234
670000000,54,324.314,-28.2219,49.31,0.26
671000000,32,192.561,-12.8917,19.0769,0.262
672000000,37,223.292,23.4401,39.3752,0.242
673000000,48,291.924,3.42682,33.4682,0.283
674000000,23,135.751,28.2883,27.4301,0.2575
675000000,33,198.936,33.6172,22.7801,0.2545
676000000,29,170.412,28.0793,24.5631,0.2335
677000000,55,324.522,18.0207,53.6381,0.241
678000000,58,343.252,24.1301,53.1057,0.2565
679000000,58,362.414,22.1006,70.5574,0.26
680000000,61,384.723,31.5689,60.1981,0.24
681000000,51,276.502,-7.05673,45.6087,0.2495
682000000,48,282.152,13.6072,48.4228,0.2485
683000000,55,321.87,48.0843,49.7801,0.249
684000000,22,133.563,-10.1503,22.1835,0.25775
685000000,47,288.895,25.2051,53.6069,0.2555
686000000,55,332.764,8.91994,50.6305,0.255
687000000,67,410.865,69.2497,61.9644,0.245
688000000,31,166.607,11.5826,35.9626,0.2415
689000000,32,179.003,-15.0953,28.4939,0.26
690000000,49,293.198,49.1082,44.2274,0.244
691000000,53,295.784,12.8983,53.9902,0.231
692000000,34,201.837,-17.9516,34.2487,0.2525
693000000,46,262.578,-53.0613,42.5152,0.2785
694000000,31,177.605,9.75976,25.2415,0.257
695000000,33,197.324,9.34191,27.6778,0.2535
696000000,40,244.497,-8.33657,39.1057,0.2665
697000000,40,235.089,25.4774,43.2464,0.252
698000000,58,352.503,-9.67769,57.865,0.239
699000000,53,310.309,-62.232,55.0842,0.296
700000000,47,286.33,27.3826,40.137,0.239
701000000,42,259.517,70.8977,46.2301,0.247
702000000,68,403.222,4.42072,67.1091,0.2545
703000000,43,251.695,-11.5747,37.9492,0.254
704000000,68,422.195,18.9273,58.112,0.263
705000000,23,137.534,8.67944,21.2859,0.269
706000000,50,302.555,9.63034,54.1131,0.255
707000000,25,141.819,8.11655,27.6801,0.2445
708000000,32,187.836,38.7557,30.5941,0.254
709000000,32,182.958,27.9513,33.9403,0.228
710000000,53,323.164,43.5096,76.6833,0.22
711000000,28,165.983,27.0286,30.7103,0.231
712000000,40,235.363,-7.68034,37.4817,0.2865
713000000,31,175.403,34.9401,43.326,0.2585
714000000,63,373.919,39.955,57.2453,0.247
715000000,42,260.328,30.1207,44.0308,0.2645
716000000,37,224.29,16.3253,40.0987,0.24
717000000,53,318.015,30.6831,70.5574,0.239
718000000,57,345.197,44.4298,62.2864,0.23
719000000,42,249.593,1.6808,33.5862,0.2632
720000000,98,585.443,37.1789,83.939,0.242
721000000,22,131.038,-6.50706,17.4913,0.252
722000000,39,241.928,3.07153,39.8876,0.257
723000000,43,260.249,28.7089,42.6267,0.245
724000000,37,213.585,12.1274,24.9765,0.257
725000000,50,290.386,8.06974,47.3281,0.2616
726000000,103,624.162,-22.9024,114.135,0.287
727000000,20,117.767,-3.62155,21.8923,0.2506
728000000,70,421.514,31.503,74.7789,0.22
729000000,41,249.225,17.4787,36.1267,0.2385
730000000,41,237.863,0.150019,51.0466,0.2665
731000000,40,241.592,-8.03331,28.9767,0.2435
732000000,33,194.077,41.7203,26.0009,0.2175
733000000,46,282.724,7.3643,52.1069,0.271
734000000,45,273.138,52.5541,46.1989,0.234
735000000,26,162.708,9.95394,23.6257,0.23
736000000,39,234.657,27.3185,31.9404,0.2385
737000000,40,230.997,-36.0593,43.9088,0.279
738000000,52,306.663,-6.61508,55.6989,0.257
739000000,66,409.657,-20.098,64.4682,0.235
740000000,39,236.376,44.6772,38.497,0.224
741000000,53,302.639,42.3556,41.714,0.227
742000000,48,290.613,40.7677,47.5076,0.2475
743000000,70,421.315,-35.5033,78.5255,0.2755
744000000,46,261.756,22.0289,39.1231,0.2355
745000000,48,295.445,8.3479,50.594,0.2605
746000000,48,288.863,48.8924,46.4591,0.2385
747000000,55,333.842,19.306,59.7973,0.234
748000000,23,136.192,-9.25484,24.6739,0.2355
749000000,54,318.302,24.4405,64.2189,0.231
750000000,49,278.781,31.5193,58.209,0.2435
751000000,37,238.717,5.03589,42.109,0.255
752000000,26,154.425,-13.1964,35.4985,0.2605
753000000,40,239.01,30.0402,44.7858,0.232
754000000,45,275.451,27.0735,39.5225,0.259
755000000,39,237.163,27.3474,43.9747,0.2515
756000000,37,220.494,-2.96739,36.6414,0.23725
757000000,59,347.096,7.00079,55.3085,0.278
758000000,24,144.476,18.0499,24.41,0.252
759000000,48,298.908,29.517,39.1963,0.244
760000000,21,113.004,25.133,22.2686,0.237667
761000000,43,250.548,34.7594,42.2417,0.2425
762000000,40,244.028,26.5013,47.023,0.264
763000000,41,250.717,16.4488,37.1228,0.259
764000000,58,350.997,37.0069,60.1385,0.242
765000000,51,288.159,0.558499,49.7815,0.2475
766000000,31,181.199,39.0206,32.9051,0.198
767000000,79,477.309,63.0429,87.0965,0.221
768000000,40,212.338,44.0973,33.6589,0.2295
769000000,51,308.912,43.2042,56.662,0.264
770000000,32,191.616,2.9372,33.7297,0.252
771000000,51,308.393,33.0867,48.7894,0.252
772000000,44,258.697,29.2205,45.4698,0.245333
773000000,37,224.284,27.4519,35.6787,0.253
774000000,40,234.841,31.6639,22.0093,0.255
775000000,68,400.261,-1.84253,63.7864,0.234
776000000,36,222.217,13.398,45.4177,0.25
777000000,37,215.017,33.2495,36.6401,0.2265
778000000,62,370.449,16.9428,53.8619,0.289
779000000,55,315.813,50.4099,56.2161,0.23
780000000,69,415.544,58.4614,68.4544,0.219
781000000,35,205.686,28.7215,39.3349,0.236333
782000000,40,250.506,17.4178,57.3698,0.249
783000000,41,253.863,37.4758,33.9629,0.2315
784000000,41,237.92,-17.6063,44.4676,0.262333
785000000,37,222.149,29.9413,35.8656,0.254
786000000,29,168.617,19.1744,25.092,0.256
787000000,48,273.062,3.77719,41.5983,0.2535
788000000,22,125.385,25.3642,34.1697,0.2335
789000000,31,174.046,9.48294,32.643,0.242
790000000,35,229.849,17.1605,32.8028,0.246
791000000,68,418.972,50.7647,65.9596,0.224
792000000,30,181.932,14.8547,24.2759,0.249667
793000000,34,190.392,23.4214,38.0635,0.246
794000000,42,245.96,15.2231,46.8639,0.25
795000000,56,332.965,47.7118,55.1988,0.231
796000000,37,226.86,26.3478,38.0679,0.232
797000000,75,449.48,63.5366,80.6036,0.2435
798000000,30,168.288,37.5229,32.7118,0.2425
799000000,64,397.91,29.2219,56.6512,0.2485
800000000,36,204.721,41.9501,23.4051,0.2225
801000000,54,326.117,45.2141,49.4276,0.244
802000000,63,376.212,32.8628,60.303,0.244
803000000,40,246.926,8.66742,44.1523,0.2475
804000000,38,221.171,19.6629,40.9387,0.2405
805000000,80,468.107,28.2887,78.7581,0.26
806000000,71,419.614,49.3891,76.6556,0.231
807000000,23,141.01,-12.26,18.5476,0.2465
808000000,25,143.753,-25.9981,18.9617,0.2595
809000000,37,222.594,35.4647,35.6601,0.221
810000000,33,201.096,4.70799,34.1727,0.27
811000000,57,349.326,28.8833,63.8059,0.244
812000000,60,346.426,38.2902,58.6985,0.254
813000000,14,79.6296,-24.7711,17.7527,0.267429
814000000,34,209.191,-2.8282,27.8782,0.286
815000000,51,294.073,28.7364,42.2568,0.228
816000000,45,278.785,49.0032,44.0349,0.228
817000000,45,264.378,43.9684,49.5771,0.248
818000000,50,311.362,34.8155,56.6579,0.261
819000000,41,238.32,-7.89441,40.0626,0.267
820000000,21,124.512,25.2212,20.5296,0.259
821000000,28,171.68,8.8484,24.452,0.2515
822000000,34,209.095,20.3427,40.438,0.243
823000000,45,273.47,26.9554,44.0122,0.254
824000000,33,201.731,1.38562,26.418,0.2695
825000000,36,217.591,45.6255,42.5571,0.248
826000000,47,273.929,45.3847,62.9926,0.233
827000000,47,286.832,-24.2626,53.1795,0.249
828000000,42,250.82,52.7523,43.4292,0.2355
829000000,47,279.801,16.7146,52.3416,0.246
830000000,56,338.429,8.46495,64.2858,0.246
831000000,47,282.274,38.2778,38.4686,0.239
832000000,47,278.962,26.2223,47.8545,0.2485
833000000,38,226.889,10.2949,33.5136,0.2355
834000000,65,393.816,-14.2017,65.4309,0.277
835000000,45,263.644,18.5324,41.6623,0.2615
836000000,42,243.731,43.3397,39.8253,0.231
837000000,32,197.363,36.9539,29.7679,0.2285
838000000,23,128.454,60.4201,32.1525,0.236
839000000,40,245.097,11.702,58.3287,0.231
840000000,44,269.919,44.0551,48.7842,0.245
841000000,34,203.529,5.74851,33.6484,0.246
842000000,35,202.469,1.56882,35.2644,0.2465
843000000,60,358.331,21.5844,67.4404,0.256
844000000,35,213.3,2.50999,43.0344,0.26
845000000,34,208.601,29.3237,55.5823,0.2415
846000000,28,166.409,28.8254,37.3772,0.251
847000000,65,375.589,-1.49385,67.2157,0.285
848000000,29,175.398,37.0259,39.1744,0.24
849000000,61,367.395,11.0608,59.6906,0.263
850000000,49,287.206,16.583,41.1622,0.266
851000000,39,217.542,48.7169,39.4373,0.258
852000000,56,331.184,-3.05299,51.047,0.2545
853000000,35,208.245,7.3651,29.5797,0.246
854000000,68,404.791,18.9665,74.0654,0.2825
