generation,N_shifts,logPrior,logLik,eventRate,acceptRate
0,0,-7.33009,-777.911,200,1
1000000,25,142.656,-4.17038,22.2403,0.261667
2000000,61,368.945,22.2708,71.8473,0.25
3000000,32,194.365,20.3792,35.362,0.238
4000000,49,301.89,15.2884,55.8184,0.2545
5000000,26,159.789,12.8654,34.7777,0.2385
6000000,47,283.926,33.7709,56.048,0.253571
7000000,45,260.399,13.6718,36.3366,0.253
8000000,31,182.185,-16.0763,33.3107,0.248714
9000000,39,238.445,34.8942,52.8257,0.249
10000000,32,185.983,-12.1087,31.2948,0.237
11000000,45,264.628,24.9945,45.6804,0.255
12000000,65,393.037,-2.09967,56.1979,0.2565
13000000,53,324.559,82.2632,67.3355,0.256
14000000,38,210.338,48.5827,37.5172,0.241
15000000,40,241.838,7.27696,34.002,0.2695
16000000,19,109.499,-18.326,20.1548,0.2452
17000000,38,218.319,47.1742,29.1715,0.224
18000000,54,331.086,18.085,43.8189,0.228
19000000,25,147.284,7.55512,26.4662,0.271
20000000,62,383.777,37.8053,57.2386,0.278
21000000,60,355.908,38.3283,56.1258,0.239
22000000,51,294.392,24.7574,82.4848,0.236
23000000,54,334.845,43.1425,66.1854,0.221
24000000,57,355.643,25.6233,41.0477,0.256
25000000,69,424.1,-29.7758,89.6039,0.274
26000000,45,255.651,-3.38669,47.0614,0.282
27000000,33,183.149,-1.76625,30.6066,0.261333
28000000,58,335.269,46.2613,59.5411,0.216
29000000,19,110.353,3.24,18.6078,0.255
30000000,32,191.876,15.3059,34.1361,0.2415
31000000,36,217.231,-12.8047,35.6424,0.269
32000000,39,227.074,0.911909,33.4774,0.2535
33000000,24,136.485,-0.696572,21.3731,0.259
34000000,41,248.387,28.3332,46.2527,0.2445
35000000,83,499.55,43.1568,87.0806,0.25675
36000000,35,208.644,21.619,40.9433,0.241
37000000,39,222.4,37.6212,38.6896,0.232
38000000,65,396.714,6.89527,74.3156,0.246
39000000,47,284.983,-0.414551,48.5761,0.259
40000000,31,187.349,-38.4142,33.7636,0.269
41000000,34,208.254,-27.9817,36.4431,0.286
42000000,37,227.93,17.1363,52.7781,0.2464
43000000,39,236.679,24.9948,37.4862,0.245
44000000,31,190.333,44.5464,31.724,0.216
45000000,33,206.697,-2.03638,37.1258,0.253
46000000,36,210.073,3.95992,33.2618,0.254
47000000,60,364.653,6.16404,66.4158,0.2605
48000000,60,348.109,61.8547,69.5872,0.225
49000000,22,138.176,-30.3419,34.5473,0.265333
50000000,54,325.664,39.077,55.2521,0.245
51000000,59,340.057,23.9413,73.4298,0.2515
52000000,27,160.415,-35.199,30.0448,0.269
53000000,28,169.679,-19.2225,29.4518,0.264
54000000,30,179.772,40.0605,20.8278,0.2365
55000000,55,319.496,-0.499694,44.9469,0.245
56000000,47,280.037,-8.36747,42.2858,0.257
57000000,24,132.159,-7.88038,19.3696,0.237
58000000,22,124.193,19.2876,19.1,0.242286
59000000,39,229.008,-37.5115,49.7219,0.274
60000000,72,450.618,-12.7673,58.252,0.251
61000000,38,224.897,-12.7977,43.6404,0.2565
62000000,84,479.567,45.9541,79.8228,0.219
63000000,57,345.268,50.446,73.3906,0.231
64000000,58,332.055,12.5969,52.3343,0.249
65000000,34,198.919,8.17504,32.1644,0.228
66000000,41,229.302,30.7804,36.7745,0.233
67000000,43,262.942,32.1473,43.204,0.228
68000000,49,288.981,19.7961,55.7312,0.2395
69000000,62,355.884,-19.2544,63.6427,0.2685
70000000,40,242.472,29.7952,44.702,0.2565
71000000,53,311.977,-16.3875,44.7501,0.273
72000000,78,476.516,-9.31815,85.4966,0.262
73000000,34,210.756,41.3463,41.6575,0.24
74000000,32,185.974,13.886,30.1778,0.2585
75000000,44,256.336,-13.9686,45.5214,0.253
76000000,44,263.325,13.0029,47.8495,0.2665
77000000,16,103.246,3.67453,17.5918,0.2415
78000000,56,333.272,22.8137,49.3893,0.27
79000000,45,268.207,-0.171516,42.9285,0.253
80000000,39,226.098,5.34069,56.6727,0.266
81000000,53,303.258,-3.43513,53.2722,0.282
82000000,18,104.89,-3.94796,19.9522,0.258429
83000000,30,179.53,34.2645,29.0802,0.252
84000000,73,439.33,6.38965,83.2343,0.24
85000000,47,286.916,-4.52722,42.0337,0.252667
86000000,28,163.197,10.4813,27.4772,0.244
87000000,36,214.424,12.8353,38.7553,0.247
88000000,35,214.785,13.3625,28.4067,0.266
89000000,49,280.784,18.3652,47.2811,0.275
90000000,60,363.123,25.6537,67.0378,0.2495
91000000,45,265.68,33.6419,38.2348,0.2315
92000000,23,132.52,20.4359,27.8808,0.238
93000000,17,99.1165,-25.6929,23.5879,0.255
94000000,35,208.51,29.0162,33.4804,0.243
95000000,31,181.597,1.02237,24.8795,0.243273
96000000,43,259.14,57.6333,55.8183,0.2365
97000000,25,146.773,-2.14404,38.376,0.247
98000000,33,204.598,57.7024,26.6426,0.229
99000000,24,143.644,-6.02837,21.7643,0.2385
100000000,40,228.388,4.53601,39.289,0.226
101000000,35,202.321,22.5287,42.6011,0.229
102000000,58,342.723,57.4015,61.5158,0.254
103000000,44,256.321,52.2271,41.1161,0.227
104000000,47,284.599,28.8774,42.1193,0.245
105000000,43,257.231,29.1574,51.8789,0.235
106000000,50,294.402,23.2259,39.4785,0.2348
107000000,39,240.606,-14.6337,33.7364,0.2505
108000000,38,225.733,-9.31454,46.836,0.255
109000000,26,151.76,20.0098,23.6028,0.2515
110000000,24,145.876,16.1914,33.4615,0.241
111000000,27,161.618,6.06523,36.7471,0.241
112000000,17,100.231,31.6461,15.2378,0.230667
113000000,28,169.015,12.8755,25.8099,0.243
114000000,34,203.657,-6.08324,30.8359,0.25
115000000,52,319.898,26.3806,59.4174,0.242
116000000,33,197.716,33.0034,30.808,0.2275
117000000,46,263.751,-2.8711,46.3958,0.244
118000000,32,185.801,46.477,37.7098,0.224
119000000,99,598.722,38.1938,113.954,0.268
120000000,40,236.764,-7.10087,35.5897,0.259125
121000000,42,254.179,-17.2846,45.2381,0.2464
122000000,27,164.016,18.8987,29.4367,0.2605
123000000,28,163.738,17.3099,25.691,0.236
124000000,30,179.455,20.7028,25.6803,0.266
125000000,45,283.464,18.734,41.5547,0.238
126000000,35,213.58,-18.8608,39.4578,0.2725
127000000,41,249.198,22.9148,39.1953,0.2415
128000000,43,249.991,43.3426,42.4739,0.234
129000000,24,141.39,44.1611,29.722,0.232
130000000,46,258.929,-2.29308,47.068,0.2575
131000000,67,407.766,6.06086,68.6674,0.257
132000000,57,349.242,1.69068,59.9659,0.254
133000000,51,322.372,21.5918,44.9061,0.215
134000000,63,392.849,45.8412,61.3876,0.232
135000000,61,360.837,25.2989,58.085,0.244
136000000,39,233.784,32.9104,36.0748,0.24
137000000,51,310.119,11.904,43.7437,0.2575
138000000,50,305.546,48.4472,46.184,0.232
139000000,28,159.012,-1.48412,21.9755,0.245
140000000,50,308.254,14.945,59.8251,0.244
141000000,35,206.781,22.1617,38.2882,0.232
142000000,39,240.494,42.4797,39.4646,0.26
143000000,31,196.641,-0.959822,28.0528,0.242
144000000,34,192.556,9.59044,24.0739,0.2665
145000000,53,318.396,27.5935,51.4581,0.243
146000000,38,223.861,5.91946,45.989,0.2395
147000000,46,272.223,22.0709,34.9668,0.238
148000000,71,432.411,28.5842,76.0831,0.268
149000000,42,245.751,8.02263,40.0709,0.2625
150000000,34,210.504,39.1422,35.7987,0.2325
151000000,46,261.267,11.4639,40.5162,0.2495
152000000,26,154.257,14.8161,23.4066,0.267
153000000,49,299.204,1.03379,47.9239,0.275
154000000,33,199.207,10.4673,45.5315,0.262
155000000,39,233.992,37.7412,36.1303,0.243
156000000,67,388.495,-15.7858,59.9167,0.271
157000000,22,133.19,-25.113,25.9222,0.247
158000000,26,149.85,-21.135,29.2754,0.251
159000000,58,343.124,35.6303,61.3471,0.234
160000000,37,208.836,4.58467,40.3923,0.2675
161000000,63,393.625,50.1844,64.4548,0.214
162000000,59,350.033,-50.4086,61.7694,0.284
163000000,46,275.23,34.5517,53.2418,0.233
164000000,19,116.244,8.09098,30.0208,0.2635
165000000,39,224.736,46.416,47.5979,0.226
166000000,51,311.701,26.4914,56.9051,0.27
167000000,53,310.438,-0.202046,60.3962,0.2435
168000000,57,336.218,19.3534,60.3717,0.2655
169000000,50,305.213,27.1978,53.041,0.21
170000000,54,323.621,12.1283,63.8736,0.248
171000000,55,326.813,14.8634,48.797,0.264
172000000,42,249.048,26.6138,52.9843,0.248
173000000,25,151.023,17.8479,32.1836,0.246
174000000,33,202.304,11.8087,30.5677,0.254
175000000,57,328.22,21.7137,63.0202,0.255
176000000,27,168.265,-9.16377,28.1411,0.257667
177000000,66,391.669,1.56683,71.8648,0.263
178000000,35,211.458,18.1367,33.2438,0.245
179000000,49,303.063,6.52622,57.404,0.271
180000000,41,241.565,-9.07713,33.0242,0.2625
181000000,65,407.68,44.3393,65.0051,0.256
182000000,32,194.493,27.12,28.8994,0.2395
183000000,55,334.295,23.4385,46.1714,0.242
184000000,60,355.712,41.2121,68.0709,0.217
185000000,31,190.174,-14.4167,25.1754,0.2595
186000000,42,233.404,-27.1102,38.8456,0.2555
187000000,46,271.834,13.1074,44.195,0.24
188000000,63,391.012,58.2866,52.956,0.222
189000000,30,179.338,-15.9079,30.8914,0.2564
190000000,27,157.856,4.48774,27.8955,0.266
191000000,28,154.226,5.92754,26.4357,0.262
192000000,61,370.456,-2.55554,64.9785,0.249
193000000,38,225.899,-32.487,42.8678,0.278
194000000,34,202.165,16.9571,43.4809,0.268
195000000,35,208.712,36.4044,35.1094,0.2295
196000000,33,196.87,23.4864,35.5689,0.264091
197000000,35,212.598,10.0274,39.4686,0.255
198000000,73,441.816,31.0356,63.312,0.225
199000000,53,327.07,11.5692,55.5134,0.273
200000000,44,268.17,-25.322,40.8243,0.275
201000000,28,168.374,7.3406,18.3738,0.256
202000000,35,215.631,41.8664,35.7972,0.248
203000000,23,122.039,13.6281,18.4777,0.241
204000000,30,178.669,-10.8299,37.4394,0.2405
205000000,29,159.72,37.7811,18.8132,0.230333
206000000,43,245.261,-7.22004,40.3067,0.2485
207000000,37,217.371,53.5622,43.0029,0.228
208000000,41,244.117,15.9047,40.2449,0.238
209000000,43,256.545,23.9142,38.8665,0.24
210000000,43,265.703,17.5943,35.131,0.236
211000000,53,321.912,35.6832,50.9148,0.239
212000000,71,436.981,3.59953,77.2343,0.24
213000000,37,225.286,17.3863,30.0821,0.2565
214000000,52,308.471,-3.00601,62.7005,0.243
215000000,44,258.06,28.43,57.3014,0.246
216000000,48,292.255,31.8111,46.8344,0.238
217000000,69,405.716,-2.76884,61.3018,0.286
218000000,22,131.292,11.2812,23.0667,0.244
219000000,29,171.193,-22.9753,24.1872,0.2585
220000000,35,221.606,21.3964,29.3846,0.265
221000000,33,199.558,12.4107,38.7048,0.23
222000000,41,235.729,-5.60593,46.467,0.25
223000000,52,316.997,26.9962,40.1459,0.2505
224000000,17,104.841,-19.7599,15.0823,0.252
225000000,33,194.543,53.1798,32.8891,0.241
226000000,40,238.131,65.8419,44.19,0.2364
227000000,28,159.928,-1.69875,38.8574,0.265
228000000,77,462.673,29.1665,89.2123,0.24
229000000,35,198.537,-6.02772,28.9003,0.26
230000000,36,213.598,16.3066,37.3586,0.241
231000000,49,303.214,32.0365,48.9243,0.256
232000000,40,245.271,45.9231,29.0513,0.257
233000000,36,217.56,-8.24759,26.9521,0.258
234000000,26,146.557,32.3269,29.5838,0.23825
235000000,35,210.292,38.2648,41.3408,0.24
236000000,25,138.691,36.919,27.8401,0.245
237000000,51,307.662,32.4462,58.0853,0.2375
238000000,34,209.181,27.5081,37.7561,0.233
239000000,46,268.627,58.1699,52.1001,0.228
240000000,47,285.017,9.03375,40.0707,0.24
241000000,50,302.178,23.0687,39.6695,0.249167
242000000,58,344.406,11.246,47.6482,0.264
243000000,42,249.617,-12.6337,37.5427,0.245
244000000,34,191.473,28.8365,33.8231,0.229
245000000,64,358.553,36.8013,55.9959,0.264
246000000,35,202.966,17.2232,42.1463,0.239
247000000,40,231.741,21.2029,38.6941,0.2505
248000000,32,194.281,-9.46796,40.5387,0.229
249000000,36,214.517,5.9541,42.06,0.257
250000000,31,182.511,8.04229,29.7121,0.257
251000000,18,108.251,-2.08124,17.3259,0.249
252000000,51,320.42,9.18375,53.9071,0.242
253000000,29,165.925,36.9366,30.7287,0.22
254000000,37,230.214,4.64728,37.1481,0.2645
255000000,34,215.099,24.1078,30.8695,0.2295
256000000,41,255.085,1.05781,43.9723,0.249
257000000,35,201.376,76.6135,28.7718,0.226
258000000,62,392.444,18.1827,52.6046,0.25
259000000,19,111.742,-10.5446,18.1207,0.25925
260000000,48,280.941,12.6265,54.3953,0.24
261000000,37,224.916,20.3332,34.5044,0.255
262000000,45,267.116,-2.04149,47.7564,0.249
263000000,30,181.095,19.7263,26.0258,0.251
264000000,42,250.265,15.011,46.2737,0.261
265000000,23,137.604,-6.58643,34.1828,0.259
266000000,49,294.65,20.7551,35.3073,0.261
267000000,68,411.509,44.4171,64.2179,0.244
268000000,15,86.4471,13.6769,12.4386,0.2415
269000000,29,181.032,6.26144,22.5188,0.2544
270000000,50,296.604,26.6346,56.2373,0.2405
271000000,34,202.89,10.3624,40.5299,0.2575
272000000,50,300.347,33.7519,60.3067,0.2445
273000000,41,243.625,32.519,46.8136,0.214
274000000,46,281.627,23.0157,45.2063,0.2595
275000000,42,250.313,-6.34814,38.3974,0.2345
276000000,47,285.107,10.1479,44.9153,0.2615
277000000,44,268.445,16.2917,39.9036,0.244
278000000,38,228.116,44.6813,32.29,0.246
279000000,39,223.396,36.5819,38.9005,0.241
280000000,43,256.829,4.86359,58.9757,0.244
281000000,35,205.862,-37.1489,35.4726,0.274
282000000,35,224.379,15.8041,29.3872,0.2545
283000000,35,218.259,1.81101,34.5651,0.2605
284000000,53,317.76,3.32545,54.5497,0.2545
285000000,25,152.074,12.2753,21.6041,0.2435
286000000,67,413.568,57.4091,66.2508,0.228
287000000,28,168.636,46.0313,34.4651,0.228
288000000,57,339.668,38.623,49.5568,0.227
289000000,34,204.228,-12.6996,22.1612,0.2625
290000000,42,251.713,-0.048928,43.201,0.239
291000000,37,209.123,27.3155,32.8257,0.244
292000000,36,212.13,20.2044,32.0154,0.241
293000000,36,198.951,14.517,38.6308,0.2465
294000000,23,140.683,-24.9981,26.3968,0.2685
295000000,33,197.19,14.7736,28.4323,0.2485
296000000,39,234.539,26.7993,50.2977,0.243
297000000,33,199.699,-28.8125,30.4758,0.261538
298000000,53,318.679,34.6393,57.3371,0.27
299000000,63,395.712,42.5604,50.0354,0.243
300000000,49,292.102,38.8509,47.2912,0.2535
301000000,45,257.263,31.1909,43.9556,0.233
302000000,68,413.924,40.5339,70.7099,0.244
303000000,35,210.261,-18.215,33.0761,0.2485
304000000,50,306.278,29.9537,47.3321,0.2505
305000000,59,342.613,14.3141,56.6957,0.233
306000000,34,212.507,26.1181,34.7111,0.246
307000000,56,323.126,7.77514,59.0508,0.283
308000000,30,171.631,6.99942,34.3735,0.245125
309000000,43,260.137,-3.52512,50.412,0.2355
310000000,47,281.103,-6.97162,43.6016,0.2615
311000000,45,273.913,8.10472,42.7668,0.2585
312000000,87,518.038,36.0972,85.0968,0.249
313000000,20,120.926,2.56681,28.3948,0.2645
314000000,21,122.63,-28.1249,20.5092,0.257333
315000000,48,283.587,10.0235,53.1506,0.254
316000000,46,269.567,18.8819,53.7969,0.243
317000000,53,320.192,46.0327,54.8515,0.247
318000000,52,321.828,43.9215,50.2548,0.245
319000000,56,336.929,15.6243,56.6458,0.256
320000000,23,131.587,-13.8398,21.0619,0.26
321000000,43,253.626,36.7539,50.1795,0.239
322000000,32,189.034,25.4838,42.6013,0.2455
323000000,53,310.142,4.80912,49.2168,0.248
324000000,53,309.761,33.7924,48.0929,0.231
325000000,50,307.969,9.37299,59.683,0.2475
326000000,55,332.585,28.9021,59.98,0.2525
327000000,48,281.851,-17.7364,50.5812,0.2665
328000000,49,294.384,10.7056,40.2691,0.262
329000000,19,116.69,17.0911,16.573,0.256
330000000,36,221.269,4.1166,26.3172,0.2345
331000000,31,186.522,19.1251,37.2089,0.2505
332000000,21,131.304,-4.7452,30.8908,0.255571
333000000,43,262.606,61.4095,49.5354,0.198
334000000,53,323.64,38.366,62.336,0.2525
335000000,44,255.908,26.6667,44.8357,0.242
336000000,40,227.81,27.9932,55.4735,0.237
337000000,48,279.79,-1.09886,30.6423,0.2515
338000000,54,319.626,14.6384,60.4728,0.253
339000000,66,389.479,52.7985,61.2992,0.227
340000000,28,166.11,23.9232,25.8513,0.24812
341000000,53,312.916,13.4111,54.0892,0.245
342000000,29,169.792,-29.362,32.9931,0.265
343000000,28,164.854,18.2709,21.3964,0.2595
344000000,47,290.337,-23.484,47.3486,0.247
345000000,20,117.255,-10.0209,25.6652,0.234
346000000,40,222.743,-26.9402,44.0621,0.2415
347000000,58,351.96,36.5232,52.3601,0.238
348000000,34,208.46,7.98783,27.496,0.257
349000000,24,137.746,28.1841,27.3456,0.245
350000000,32,188.392,30.2292,43.043,0.261
351000000,43,259.938,-1.97902,42.27,0.255
352000000,58,336.328,21.338,57.9756,0.233
353000000,32,197.612,13.7043,28.2035,0.2565
354000000,42,253.751,0.0978646,43.9175,0.25
355000000,52,308.315,26.1642,51.3279,0.24
356000000,57,345.442,30.7106,50.3956,0.271
357000000,35,214.501,33.7055,41.6314,0.246
358000000,20,105.165,4.78854,29.9354,0.2515
359000000,22,131.159,-13.7674,28.4352,0.266
360000000,46,281.044,18.7955,42.5138,0.257
361000000,74,445.508,31.2957,75.2133,0.254
362000000,52,308.63,42.2285,50.3285,0.2435
363000000,26,159.253,19.7847,18.0334,0.234
364000000,36,218.848,-14.9017,37.3985,0.259
365000000,75,462.318,-19.2282,88.3367,0.264
366000000,74,441.718,37.2508,72.2032,0.278
367000000,31,186.281,-11.1971,30.7012,0.2562
368000000,53,315.475,24.7342,52.2787,0.2575
369000000,29,177.849,13.4442,33.2566,0.2285
370000000,55,316.643,-7.15143,52.3936,0.251
371000000,18,100.701,16.525,28.2219,0.253
372000000,38,218.803,24.5764,29.0511,0.2575
373000000,32,175.248,26.7006,33.0003,0.2305
374000000,48,290.82,16.8824,57.7034,0.259333
375000000,49,297.585,34.7515,47.9929,0.248333
376000000,87,521.889,11.4934,93.6923,0.251
377000000,52,322.617,28.4445,46.9338,0.252
378000000,57,330.609,29.3435,52.3313,0.256
379000000,40,234.08,25.2911,44.0232,0.2315
380000000,37,222.221,18.9752,46.0431,0.245
381000000,45,263.735,39.363,43.3406,0.227
382000000,47,277.008,18.7404,55.0681,0.254
383000000,46,278.487,22.0507,50.1904,0.254
384000000,45,274.397,33.1464,48.362,0.234
385000000,31,188.235,50.7319,34.2037,0.233
386000000,35,204.062,4.04592,33.9273,0.2615
387000000,36,208.106,28.3357,40.8257,0.247
388000000,39,241.82,20.473,33.7934,0.2415
389000000,42,248.85,31.1572,37.046,0.247
390000000,39,232.157,33.0722,38.8252,0.242
391000000,45,275.002,3.84313,46.0315,0.2455
392000000,50,290.512,22.9306,42.5977,0.242
393000000,41,241.286,39.3359,36.3018,0.246
394000000,49,298.218,25.6565,50.9761,0.223
395000000,34,205.434,44.4971,32.626,0.2545
396000000,27,158.869,-28.399,27.0762,0.27
397000000,35,204.947,-9.79907,34.4335,0.256
398000000,45,273.156,34.6215,43.4406,0.2415
399000000,41,254.586,-15.6655,42.3707,0.22
400000000,43,261.901,21.6217,40.5993,0.252
401000000,22,130.86,19.6047,21.0284,0.245
402000000,58,349.221,11.5655,54.2007,0.2535
403000000,45,274.304,38.2446,47.8456,0.236
404000000,38,222.028,-14.7436,25.4456,0.2695
405000000,42,233.224,10.5768,36.1582,0.2555
406000000,62,374.053,1.03004,61.4714,0.252
407000000,36,215.005,30.9867,43.3756,0.243
408000000,71,441.556,36.2232,73.887,0.264
409000000,63,365.146,25.6228,59.2963,0.238
410000000,41,237.203,14.1749,55.0421,0.2425
411000000,35,209.896,25.431,34.5812,0.241
412000000,40,235.715,21.9105,41.4739,0.243667
413000000,43,247.034,-28.9507,45.0705,0.26975
414000000,43,257.596,4.13874,36.2871,0.259
415000000,43,243.24,5.94935,46.0945,0.253
416000000,31,192.966,14.1948,41.3897,0.2505
417000000,56,341.462,-8.70412,65.9119,0.263
418000000,28,168.119,43.9901,28.0443,0.242
419000000,52,301.047,-0.579461,47.1952,0.27
420000000,56,321.06,-6.16202,60.4927,0.266
421000000,33,201.576,52.9805,36.7541,0.251
422000000,34,197.293,36.4266,42.2873,0.226
423000000,39,228.596,8.84524,30.2602,0.242333
424000000,52,315.344,-13.5724,65.39,0.2885
425000000,48,280.154,-1.08603,46.5816,0.242
426000000,54,315.184,13.2052,45.7463,0.284
427000000,28,167.204,21.9015,33.9331,0.269
428000000,52,311.884,35.743,51.8156,0.27
429000000,27,173.285,-9.49929,37.1536,0.262333
430000000,62,383.812,18.8919,63.1572,0.231
431000000,32,186.224,5.32414,26.3576,0.259
432000000,32,193.349,5.10706,35.9003,0.236
433000000,21,123.14,31.1837,17.7822,0.237
434000000,43,259.873,35.9828,45.2481,0.263
435000000,35,213.296,-3.52628,30.5205,0.244
436000000,44,268.81,26.3169,34.858,0.277
437000000,29,162.407,9.7694,23.6994,0.249
438000000,43,259.399,32.9092,42.0265,0.2315
439000000,64,386.521,36.1957,64.0134,0.249
440000000,58,339.434,23.1402,54.4171,0.235
441000000,60,344.137,13.2548,56.6231,0.225
442000000,42,256.094,-50.1347,35.3927,0.2765
443000000,33,199.007,31.3123,40.0979,0.24
444000000,18,114.052,0.698289,13.0786,0.257
445000000,61,366.053,0.614522,69.7605,0.244
446000000,52,305.095,-14.5684,43.9937,0.239
447000000,15,90.2963,-24.7176,20.1298,0.267667
448000000,36,222.248,32.9699,32.2927,0.249
449000000,58,352.123,-7.96877,70.9606,0.261
450000000,63,367.871,35.6635,54.0374,0.253
451000000,34,201.883,19.5381,32.5508,0.268
452000000,30,180.911,9.53963,27.6963,0.282
453000000,26,156.322,-22.8271,30.1914,0.256667
454000000,22,136.355,27.0984,23.4386,0.249667
455000000,42,251.963,10.6744,36.7203,0.247
456000000,64,373.886,27.8129,69.8369,0.2455
457000000,25,147.776,-1.05774,32.058,0.2565
458000000,54,319.144,18.5362,57.7377,0.265
459000000,69,412.458,46.164,64.6629,0.252
460000000,18,102.254,11.1367,20.822,0.250333
461000000,45,266.216,53.3806,44.0129,0.248
462000000,31,187.282,26.8481,26.4575,0.267
463000000,50,286.83,3.2465,54.485,0.246
464000000,50,302.871,52.4465,47.4368,0.239
465000000,24,140.464,-4.4021,23.6881,0.25
466000000,36,210.815,8.89455,37.5702,0.255
467000000,33,201.196,10.8649,38.7435,0.2425
468000000,71,436.611,11.8491,90.1735,0.244
469000000,44,263.064,31.9091,41.7999,0.251
470000000,48,286.212,29.5875,49.4059,0.233
471000000,33,191.942,4.35383,34.6225,0.2575
472000000,45,271.775,37.4929,44.1803,0.239
473000000,31,190.94,51.2116,39.545,0.241
474000000,42,243.912,11.413,40.7808,0.2565
475000000,21,128.155,10.0014,27.1403,0.232
476000000,37,227.963,19.5142,35.9322,0.25125
477000000,34,204.122,36.0882,50.1423,0.261
478000000,37,222.645,8.02163,32.8595,0.249
479000000,47,284.325,22.3751,43.7929,0.263
480000000,44,273.265,-4.24916,50.2452,0.26325
481000000,55,322.034,40.9262,58.2554,0.239
482000000,71,416.791,30.8734,71.7715,0.246
483000000,54,327.409,10.9004,49.0362,0.277
484000000,46,279.115,3.33685,51.9632,0.278
485000000,70,415.044,7.12749,63.1271,0.268
486000000,33,195.233,25.5725,44.5449,0.2585
487000000,67,396.709,36.6714,60.5657,0.268
488000000,43,260.739,23.396,51.7811,0.237
489000000,55,340.201,48.323,55.9408,0.228
490000000,55,333.444,17.5823,67.1587,0.26
491000000,36,222.244,-14.6346,43.636,0.271667
492000000,100,613.784,7.97197,103.765,0.268
493000000,58,341.8,45.3108,53.1071,0.232
494000000,44,261.919,8.04119,54.2056,0.24025
495000000,63,380.659,56.0157,74.535,0.223
496000000,40,235.652,-20.4489,46.7494,0.2508
497000000,52,302.352,-8.01911,51.5622,0.276
498000000,21,121.792,21.03,23.3765,0.232
499000000,41,243.877,17.9175,39.883,0.2465
500000000,34,202.729,-1.58948,45.3503,0.2465
501000000,59,355.885,16.2099,62.0162,0.239
502000000,42,249.362,15.7308,50.2607,0.260667
503000000,42,251.135,5.26578,40.6159,0.232
504000000,46,282.445,43.1713,38.0915,0.222
505000000,52,318.903,-2.38473,58.4781,0.259
506000000,31,187.779,-2.3619,36.7764,0.267
507000000,36,213.19,-10.5656,32.4119,0.249
508000000,22,134.985,-5.72567,22.2284,0.2625
509000000,50,291.618,11.3849,54.1144,0.248
510000000,34,209.308,11.7334,37.7301,0.246
511000000,34,210.686,50.786,32.831,0.229
512000000,57,339.813,55.1683,53.1835,0.211
513000000,48,288.625,15.0647,47.0725,0.267
514000000,54,319.006,40.1054,50.1126,0.267
515000000,34,210.804,18.8676,31.6776,0.2485
516000000,53,321.789,10.8994,48.263,0.2635
517000000,58,344.579,17.7711,46.612,0.234
518000000,36,197.465,0.990096,34.1004,0.243
519000000,81,475.404,45.793,88.6821,0.246
520000000,43,252.364,31.7354,54.8512,0.262
521000000,25,148.167,-32.8263,21.3185,0.2725
522000000,49,284.289,22.0991,43.0445,0.252
523000000,50,299.932,59.9603,52.3878,0.222
524000000,34,215.53,-0.897973,38.0811,0.24425
525000000,31,190.971,0.354254,33.445,0.2515
526000000,37,222.215,8.2023,36.9647,0.2435
527000000,49,308.579,17.0267,49.6502,0.242
528000000,41,236.867,26.939,42.8032,0.252
529000000,42,238.695,28.3253,47.6975,0.249
530000000,59,360.74,32.4478,63.8649,0.245
531000000,26,164.375,26.0201,25.0673,0.2355
532000000,27,159.918,30.7448,23.1351,0.235
533000000,57,343.735,8.44688,44.0141,0.2675
534000000,28,167.685,17.8604,28.4494,0.232
535000000,28,158.833,7.26439,24.1725,0.249
536000000,48,297.387,-15.167,40.8589,0.271
537000000,25,147.916,-11.1914,34.3889,0.272
538000000,22,122.495,7.63819,22.8351,0.2355
539000000,39,241.05,-16.4729,38.6018,0.266333
540000000,34,207.903,6.83477,29.5685,0.2445
541000000,25,147.327,-26.7349,29.4095,0.267
542000000,26,163.647,33.5731,24.4117,0.244
543000000,59,358.223,34.7331,65.0919,0.253
544000000,30,161.325,30.757,24.1283,0.2385
545000000,41,248.263,-17.3904,37.542,0.2685
546000000,57,328.807,8.46964,68.4371,0.2455
547000000,55,311.758,2.95947,63.1131,0.239
548000000,47,283.568,32.9943,55.3528,0.2545
549000000,34,211.706,-18.1891,37.9389,0.259
550000000,21,121.407,-7.17885,24.995,0.2615
551000000,65,405.989,22.6642,71.4946,0.24
552000000,43,265.28,4.78975,48.6675,0.275
553000000,34,197.138,11.4699,36.9084,0.2415
554000000,37,204.439,-12.4929,47.5084,0.258333
555000000,70,430.915,25.7614,87.5935,0.28
556000000,37,221.296,15.4492,39.307,0.2665
557000000,38,234.051,39.2565,37.4637,0.209
558000000,23,132.028,35.7202,26.1791,0.2345
559000000,59,352.733,20.0609,46.2414,0.257
560000000,32,188.757,21.3844,26.557,0.258
561000000,43,252.994,20.5425,40.6353,0.2335
562000000,49,309.854,55.178,36.9157,0.247
563000000,46,273.002,19.1854,37.7351,0.258
564000000,37,220.917,14.6331,30.7853,0.273
565000000,28,170.715,12.4144,32.1722,0.235
566000000,20,116.989,-16.7865,22.6816,0.276438
567000000,26,154.563,28.3189,27.0003,0.252
568000000,59,352.559,25.8045,60.9773,0.226
569000000,59,356.341,10.6152,50.1685,0.251
570000000,28,171.329,-18.0946,32.3438,0.2592
571000000,39,242.545,2.0424,38.6141,0.2485
572000000,20,122.82,-22.3883,20.998,0.268
573000000,24,137.843,12.275,20.7794,0.2475
574000000,34,209.487,14.8551,28.6447,0.242
575000000,32,192.691,16.2392,31.7995,0.245
576000000,25,145.645,30.1968,27.0438,0.246
577000000,27,161.859,5.63982,25.1259,0.252917
578000000,36,216.482,41.2324,39.8787,0.252667
579000000,41,249.735,2.53844,38.4157,0.2515
580000000,46,282.988,16.5083,44.7965,0.258
581000000,60,366.162,24.9855,60.3803,0.243
582000000,55,335.123,6.11597,67.3698,0.247
583000000,42,253.277,25.5084,33.3221,0.246
584000000,23,136.194,-24.3842,28.2156,0.235
585000000,40,245.816,40.4489,31.2926,0.245
586000000,62,369.027,13.8394,57.8732,0.236
587000000,49,311.303,47.0297,52.7307,0.225
588000000,38,236.491,1.70168,28.7861,0.2645
589000000,58,354.159,64.8287,49.2351,0.239
590000000,41,244.664,45.3038,34.7704,0.226
591000000,51,300.191,30.6286,45.1078,0.244
592000000,34,201.704,0.737478,32.2042,0.248
593000000,38,224.838,13.5614,32.1781,0.268
594000000,40,239.036,8.90785,40.967,0.2345
595000000,19,106.152,-7.42623,26.7487,0.253
596000000,70,431.122,15.6443,77.0175,0.254
597000000,60,372.402,16.9745,65.7871,0.255
598000000,48,300.897,-25.4459,50.2665,0.2505
599000000,53,313.744,24.7146,48.3657,0.245
600000000,46,272.026,-7.92688,44.4595,0.267
601000000,50,302.761,24.9554,44.6954,0.279
602000000,40,237.508,-28.0474,40.1832,0.2585
603000000,17,108.656,12.459,17.2319,0.227
604000000,42,264.315,14.4885,42.5709,0.26
605000000,49,270.292,15.7914,65.217,0.258
606000000,48,274.211,40.1325,45.9209,0.2305
607000000,55,320.199,-22.7349,44.8582,0.2955
608000000,35,217.711,28.811,40.1932,0.2465
609000000,64,380.615,51.9939,48.8583,0.24
610000000,36,209.343,70.1928,46.3934,0.231
611000000,42,255.997,35.0399,49.8616,0.2415
612000000,41,246.975,15.1902,40.9218,0.2495
613000000,62,351.165,28.1657,65.471,0.2545
614000000,51,286.107,32.969,42.9705,0.2485
615000000,30,187.717,4.62728,35.0425,0.242
616000000,16,91.5823,24.7985,17.0511,0.243
617000000,18,109.181,24.3672,13.8424,0.244667
618000000,53,322.516,40.1,41.6801,0.231
619000000,70,421.386,-1.4808,75.2194,0.259
620000000,25,155.559,-21.4866,21.4384,0.267
621000000,44,270.545,-28.3963,40.5701,0.25
622000000,31,183.863,22.8757,38.0615,0.261
623000000,43,258.564,10.6056,36.2466,0.238
624000000,49,292.532,48.1166,53.971,0.249
625000000,39,230.721,18.188,33.5397,0.267
626000000,19,117.871,9.8607,22.3736,0.248
627000000,24,144.743,-11.3965,21.8336,0.2565
628000000,58,355.806,-2.153,61.9849,0.276
629000000,32,187.902,14.1037,32.2621,0.2515
630000000,29,175.615,-19.7245,29.269,0.275
631000000,45,258.775,60.0249,44.3028,0.2455
632000000,45,279.708,-24.2435,53.33,0.267
633000000,41,234.165,39.6759,41.4102,0.275
634000000,65,387.424,35.7483,81.7639,0.248
635000000,36,218.624,1.99264,33.2016,0.249333
636000000,40,243.516,47.5916,40.0338,0.2345
637000000,33,192.445,29.332,27.5212,0.246
638000000,48,299.346,0.457769,53.4895,0.2305
639000000,48,286.385,31.8781,48.5826,0.249
640000000,21,125.137,16.2277,14.9469,0.256
641000000,25,149.726,-17.7674,48.3423,0.251
642000000,38,232.166,-30.3281,40.6204,0.2725
643000000,26,144.661,-11.84,31.24,0.2655
644000000,37,222.095,24.239,40.0426,0.2455
645000000,56,340.206,35.2693,54.287,0.244
646000000,72,437.71,52.763,73.351,0.233
647000000,39,208.766,-18.8408,39.8367,0.27
648000000,58,356.31,6.46101,52.3353,0.224
649000000,47,280.486,28.1941,62.5063,0.2455
650000000,49,292.224,54.2782,54.1688,0.244
651000000,81,469.375,55.1605,80.2809,0.262
652000000,62,362.838,8.44824,51.4687,0.239
653000000,61,353.747,38.5245,77.0762,0.251
654000000,27,170.308,2.48329,33.9512,0.257
655000000,39,221.541,4.01153,47.4308,0.255
656000000,53,331.008,24.5499,46.8408,0.246
657000000,49,303.313,73.8134,40.7697,0.238
658000000,16,89.6518,-22.2792,9.90669,0.2565
659000000,34,207.563,22.1733,31.0658,0.2595
660000000,17,99.4733,9.21334,19.9468,0.266
661000000,30,185.047,-28.9196,28.22,0.25
662000000,66,416.282,8.81773,66.7985,0.259
663000000,52,312.473,55.6294,60.6479,0.2415
664000000,53,326.55,20.8395,38.1935,0.252
665000000,26,161.007,5.28604,26.7644,0.257
666000000,68,387.138,16.4742,64.973,0.23
667000000,48,278.081,-21.3478,49.7592,0.2545
668000000,48,283.083,13.7954,55.6224,0.243
669000000,43,256.945,25.9813,54.605,0.244
670000000,54,305.929,5.88623,50.7002,0.2325
671000000,35,210.674,9.67509,20.5099,0.243
672000000,24,135.183,22.5878,21.909,0.24
673000000,38,228.001,27.7015,31.4229,0.2735
674000000,41,250.567,59.2349,45.4558,0.229
675000000,36,216.652,35.633,29.0225,0.223
676000000,42,238.085,-13.5387,40.1294,0.27
677000000,43,241.601,20.0666,44.7297,0.2535
678000000,36,221.233,17.1985,37.9914,0.251
679000000,35,209.942,14.6572,37.8213,0.267
680000000,41,239.871,1.0145,45.853,0.263
681000000,39,246.072,37.6896,33.5727,0.254
682000000,55,339.981,28.5142,61.3617,0.24
683000000,46,284.322,-3.68104,47.3461,0.2665
684000000,26,154.863,21.1579,24.802,0.243
685000000,34,193.725,5.74009,39.1551,0.2665
686000000,45,277.028,-14.9252,44.3946,0.2515
687000000,30,188.161,35.9412,31.6965,0.235
688000000,40,239.485,-3.51395,52.5651,0.245
689000000,46,273.452,37.5993,50.615,0.217
690000000,32,189.292,0.0784335,32.6844,0.25475
691000000,27,156.893,-15.8119,30.9485,0.252
692000000,26,149.011,18.5855,22.6305,0.225
693000000,44,276.46,0.550198,43.5416,0.275
694000000,55,331.49,31.5395,52.308,0.2485
695000000,35,188.121,21.7054,25.9806,0.276
696000000,53,334.709,18.7111,68.5616,0.268
697000000,40,234.464,17.1016,35.6975,0.2525
698000000,47,288.694,18.2835,51.3922,0.2575
699000000,47,265.5,41.4241,38.641,0.238
700000000,29,171.392,-8.95329,34.1194,0.235
701000000,73,434.909,2.38635,78.0958,0.249
702000000,14,74.0667,1.36847,12.3134,0.243
703000000,105,630.287,33.2809,112.804,0.255
704000000,59,359.131,45.2399,58.5939,0.261
705000000,30,177.243,29.6515,35.8978,0.2265
706000000,42,251.722,29.6353,40.9033,0.23425
707000000,27,168.161,-21.4766,23.9321,0.2595
708000000,56,336.599,6.10098,62.2423,0.2745
709000000,48,288.958,-0.413187,55.4041,0.27
710000000,52,303.25,37.3557,44.228,0.249
711000000,38,217.477,-12.006,27.8514,0.25
712000000,45,250.726,37.2776,52.7105,0.226
713000000,47,275.679,21.4412,53.8319,0.239
714000000,20,124.393,-8.91031,23.6434,0.2612
715000000,38,219.562,35.4638,38.0932,0.2335
716000000,32,200.051,15.7753,38.12,0.246
717000000,47,269.469,7.45239,36.7897,0.269
718000000,34,193.743,-28.4585,30.9631,0.2665
719000000,55,320.876,50.4772,55.3049,0.235
720000000,28,163.176,11.275,21.2312,0.266
721000000,31,177.526,-6.51358,30.7059,0.2445
722000000,42,243.701,26.3307,40.5319,0.23
723000000,33,208.529,0.031602,34.1566,0.257
724000000,21,125.809,-11.6728,24.0488,0.247
725000000,42,252.527,2.4314,43.1482,0.2425
726000000,31,182.598,13.605,47.5665,0.26
727000000,44,261.894,10.218,35.9927,0.2555
728000000,41,246.241,48.1456,44.7598,0.2424
729000000,42,256.592,10.4682,51.6218,0.2635
730000000,50,291.943,-1.40152,47.6866,0.231
731000000,34,207.785,27.6771,33.8318,0.239
732000000,29,178.425,30.8857,27.9294,0.247
733000000,21,122.04,25.5446,16.3401,0.25
734000000,20,119.59,27.087,20.9709,0.24625
735000000,35,211.347,40.9047,31.3262,0.2465
736000000,33,196.254,52.4382,35.0891,0.2325
737000000,33,202.116,21.4756,28.5839,0.2575
738000000,26,143.991,3.7292,28.2733,0.2305
739000000,31,187.267,18.4946,29.6775,0.2465
740000000,25,154.968,6.79487,29.0326,0.259
741000000,32,195.214,31.9722,37.3921,0.244
742000000,43,270.226,47.0711,49.8427,0.233333
743000000,19,108.35,-19.4169,16.1184,0.251
744000000,48,297.865,26.9184,67.6952,0.2315
745000000,52,294.829,41.5735,54.3405,0.239
746000000,47,284.171,13.7234,48.4113,0.2515
747000000,84,492.783,8.235,81.3707,0.281
748000000,29,159.39,5.80208,31.9716,0.2605
749000000,37,228.615,12.8111,42.8256,0.2585
750000000,100,594.987,28.8187,99.7147,0.252
751000000,71,430.606,-24.7124,86.0689,0.277
752000000,47,285.924,52.4368,52.3803,0.238
753000000,43,252.621,-11.2477,42.018,0.2435
754000000,40,239.197,-34.5286,29.1143,0.2705
755000000,33,194.975,-6.05964,27.6633,0.227
756000000,64,378.115,36.5563,57.8373,0.265
757000000,31,186.383,41.7416,26.012,0.248
758000000,31,173.972,5.48033,29.1573,0.2455
759000000,43,265.196,14.6256,45.0174,0.258
760000000,25,145.883,-7.66425,19.4526,0.248
761000000,71,445.936,23.8094,72.4393,0.26
762000000,23,134.664,11.1786,23.4378,0.244
763000000,27,158.364,3.39973,27.7776,0.2482
764000000,35,210.015,55.6835,30.07,0.2335
765000000,51,320.464,27.2488,46.3869,0.27
766000000,45,269.612,-3.62284,33.0637,0.258
767000000,50,295.94,-7.72615,40.7125,0.267
768000000,40,243.671,8.60341,40.2626,0.2425
769000000,25,144.714,6.27085,27.487,0.26875
770000000,26,157.116,13.7607,31.9894,0.23225
771000000,36,209.612,-34.0276,29.5752,0.269
772000000,41,249.212,52.5241,31.5897,0.252
773000000,70,410.019,-1.48089,53.2077,0.251
774000000,34,199.969,32.809,34.3257,0.244
775000000,25,145.151,19.4288,28.4756,0.25
776000000,35,216.482,44.4911,30.4443,0.2305
777000000,52,312.849,52.5546,56.3317,0.244
778000000,66,413.708,4.13522,66.9315,0.287
779000000,41,245.125,49.5555,67.5252,0.261
780000000,34,191.649,11.4803,42.4663,0.255
781000000,42,243.164,31.7056,41.2271,0.24
782000000,28,170.112,-34.1296,24.2767,0.2715
783000000,37,235.615,13.0578,30.1572,0.2515
784000000,48,279.693,1.65868,60.6612,0.248
785000000,47,275.495,8.20488,44.2175,0.262
786000000,46,272.925,36.3988,49.3208,0.239
787000000,34,211.652,26.7062,32.5363,0.242
788000000,47,260.343,20.626,60.2964,0.261
789000000,64,377.839,11.9221,70.809,0.248
790000000,33,195.654,1.23424,35.6258,0.248
791000000,25,151.057,15.6432,24.3722,0.2855
792000000,42,247.585,3.33383,40.4503,0.249
793000000,36,211.38,15.2459,29.2792,0.2515
794000000,60,350.269,47.7037,53.5175,0.2315
795000000,58,345.442,14.8763,56.724,0.252
796000000,28,162.379,-10.8149,21.5162,0.248
797000000,40,235.446,3.86771,42.6801,0.282
798000000,31,187.999,25.1376,33.7341,0.236
799000000,39,226.051,23.3238,39.0826,0.251
800000000,28,167.861,14.9313,31.2602,0.252
801000000,47,276.102,5.18267,50.1137,0.248
802000000,31,181.902,11.0919,27.5611,0.2415
803000000,37,190.713,-13.1768,42.8771,0.261
804000000,47,284.289,-5.22349,42.8866,0.2635
805000000,49,292.507,13.8577,37.7847,0.267
806000000,46,271.117,19.5959,42.8508,0.248
807000000,58,339.243,45.8237,70.5159,0.242
808000000,43,259.865,20.7815,40.908,0.253
809000000,56,335.793,-6.1485,43.1758,0.263
810000000,40,234.4,23.8766,43.8833,0.2505
811000000,35,208.747,28.9046,35.8179,0.222
812000000,21,126.203,-1.5395,29.1569,0.248167
813000000,48,295.804,-19.5607,41.8899,0.272
814000000,41,251.466,35.0595,37.9477,0.251
815000000,31,191.326,28.1603,31.9609,0.2435
816000000,27,163.917,45.8862,29.3996,0.231
817000000,32,171.211,16.1795,26.371,0.261
818000000,52,322.612,-17.8398,50.501,0.231
819000000,28,160.94,12.5613,19.1889,0.232
820000000,49,289.9,11.7871,53.7842,0.253
821000000,52,310.629,17.6204,41.2528,0.2745
822000000,37,218.866,-1.85373,34.7847,0.253429
823000000,28,166.248,42.0843,24.7046,0.266
824000000,40,249.262,-3.517,54.7265,0.249
825000000,26,150.261,1.84089,30.4458,0.247667
826000000,44,255.263,-11.2899,44.9366,0.278667
827000000,71,441.609,20.1563,68.74,0.251
828000000,39,232.884,-52.546,34.6711,0.2685
829000000,54,325.403,39.7762,56.8598,0.234
830000000,30,184.411,34.5765,33.4229,0.236
831000000,33,198.633,-19.8451,46.0481,0.2535
832000000,41,253.761,11.1367,45.7531,0.258
833000000,40,244.313,5.05672,35.6745,0.2485
834000000,37,218.846,5.33578,34.969,0.243667
835000000,63,375.332,15.1378,59.0092,0.268
836000000,37,223.763,32.775,37.3806,0.2495
837000000,61,349.173,0.688186,63.4307,0.2545
838000000,29,168.807,18.6049,26.3307,0.2435
839000000,32,191.842,-2.45293,45.7542,0.289
840000000,41,246.526,-8.45246,41.0204,0.244
841000000,34,190.677,26.6482,31.2588,0.231
842000000,32,196.095,-1.67334,37.8223,0.2565
843000000,33,195.779,2.90641,39.1761,0.246
844000000,49,288.054,-6.39802,51.1319,0.2465
845000000,33,203.222,-25.0283,31.5335,0.2625
846000000,54,316.662,26.7015,49.1021,0.215
847000000,92,566.286,61.9748,88.6861,0.214
848000000,26,149.767,7.12167,31.1582,0.272
849000000,38,238.691,5.41133,43.0894,0.2335
850000000,62,375.57,2.29815,64.8603,0.228
851000000,29,171.822,-22.8204,27.8156,0.252
852000000,47,291.001,36.0106,37.6629,0.232
853000000,43,253.824,20.5243,40.6609,0.237
854000000,53,317.441,-35.2347,50.7194,0.268
855000000,54,332.374,53.305,60.83,0.222
856000000,50,292.507,28.5603,45.1214,0.2505
857000000,27,163.931,8.0817,30.5915,0.2546
858000000,31,194.415,25.2638,29.8119,0.2465
859000000,41,254.043,9.877,44.4638,0.252
860000000,39,238.434,14.9425,38.6929,0.237
861000000,57,357.72,13.3021,55.8673,0.285
862000000,12,75.0951,-22.0171,16.2113,0.234
863000000,62,371.73,-13.3811,49.7452,0.27
864000000,61,374.863,-12.2917,69.3353,0.245
865000000,49,295.732,10.2119,51.6186,0.253
866000000,41,260.909,28.3059,41.6327,0.231
867000000,44,252.361,-15.6225,41.3427,0.2735
868000000,49,298.292,-0.204376,46.0906,0.241667
869000000,70,406.361,13.9772,67.4473,0.23
870000000,38,232.695,6.38783,37.3828,0.2435
871000000,46,273.76,50.2882,46.4975,0.215
872000000,39,225.364,-3.7938,41.7337,0.263714
873000000,62,378.129,32.4634,69.6412,0.261
874000000,49,292.15,11.5566,41.6673,0.278
875000000,39,240.131,13.0102,42.6667,0.247
876000000,44,261.562,56.8767,36.7574,0.241
877000000,21,129.617,-0.671544,19.1873,0.269
878000000,54,322.85,37.412,54.2207,0.228
879000000,39,239.313,45.8304,43.8457,0.23
880000000,34,205.74,12.9523,39.2295,0.2545
881000000,51,304.523,38.9672,42.8478,0.2315
882000000,38,230.56,17.7552,45.3919,0.25
883000000,18,111.571,-2.75952,15.3417,0.2495
884000000,20,116.043,-8.82483,19.1934,0.262571
885000000,42,252.849,45.4126,47.6789,0.254
886000000,56,333.857,18.4018,50.4391,0.284
887000000,27,160.884,-14.6887,35.8823,0.25675
888000000,33,202.369,18.6103,36.8838,0.256
889000000,58,348.734,51.2618,62.0191,0.217
890000000,50,311.886,27.7052,44.6842,0.242
891000000,45,272.418,12.3413,51.07,0.253
892000000,37,217.619,19.3415,45.4901,0.28
893000000,41,257.399,30.0335,38.1269,0.245
894000000,50,304.991,6.1321,56.9628,0.2385
895000000,30,180.438,20.307,35.4506,0.2345
896000000,67,418.079,35.9636,68.9637,0.261
897000000,34,202.068,-1.07399,42.1261,0.2555
898000000,23,141.582,13.3405,23.7106,0.25575
899000000,56,343.297,30.2084,82.2733,0.2285
900000000,34,188.302,71.8999,31.1638,0.2195
901000000,36,215.126,4.36771,32.4851,0.2545
902000000,42,255.736,41.2991,39.8711,0.2365
903000000,29,169.342,-2.75314,29.5362,0.231
904000000,42,260.137,37.1584,37.169,0.248
905000000,19,111.483,2.32107,24.2973,0.228
906000000,24,157.989,-9.11918,23.3051,0.272
907000000,68,414.779,35.8401,52.8622,0.266
908000000,46,274.871,-31.1448,49.6378,0.2755
909000000,39,228.484,-31.0452,58.8275,0.257
910000000,24,138.931,28.84,19.5661,0.2565
911000000,53,329.586,35.2678,49.8475,0.214
912000000,40,232.501,-11.0916,39.6916,0.259
913000000,60,369.283,-24.7454,51.3936,0.246
914000000,50,296.392,43.6972,47.4276,0.2755
915000000,52,313.548,16.7157,38.0472,0.239
916000000,58,340.108,11.9402,67.6757,0.253
917000000,50,301.874,-41.2961,62.3793,0.271
918000000,74,442.287,27.9862,71.117,0.238
919000000,31,182.643,-4.82723,34.1523,0.283
920000000,40,248.656,13.5918,36.8154,0.242333
921000000,35,209.434,14.7503,35.6253,0.2365
922000000,37,225.196,18.0584,42.1273,0.244
923000000,60,351.506,30.8883,71.7627,0.244
924000000,32,187.474,9.88265,32.506,0.27
925000000,42,261.615,-0.498974,44.7412,0.223
926000000,34,208.402,36.9278,35.6114,0.2405
927000000,34,182.415,-9.95019,22.4394,0.2555
928000000,58,346.442,11.3036,69.6733,0.246
929000000,43,251.102,32.7248,49.734,0.2345
930000000,29,166.721,22.2572,27.3602,0.251
931000000,24,139.566,-0.486551,28.3928,0.249333
932000000,52,311.008,26.2978,54.8925,0.2455
933000000,47,289.998,14.755,50.7069,0.223
934000000,47,268.364,28.3208,45.0351,0.24
935000000,36,208.837,17.972,30.5385,0.2505
936000000,26,148.214,-14.7021,26.0823,0.253
937000000,55,327.832,5.64491,58.5749,0.256
938000000,53,320.83,23.3826,66.9799,0.267
939000000,57,330.949,36.0506,61.7269,0.237
940000000,41,237.235,39.3155,37.7824,0.2355
941000000,13,72.8922,-52.4365,17.3353,0.273
942000000,32,196.914,30.5,25.3034,0.226
943000000,44,254.337,42.0533,43.5524,0.267
944000000,22,123.186,8.09754,23.2816,0.2465
945000000,22,129.931,1.24465,20.5374,0.2325
946000000,45,260.447,-17.4849,45.0509,0.275
947000000,35,218.523,32.9363,29.902,0.24225
948000000,32,188.673,36.5137,34.1423,0.2345
949000000,31,190.437,21.1746,37.8436,0.237
950000000,46,262.433,-1.69654,40.9323,0.2545
951000000,23,133.86,10.1742,23.6848,0.2425
952000000,40,240.139,-3.59077,45.3814,0.248
953000000,55,314.663,17.9543,46.5843,0.2495
954000000,30,181.511,22.9236,27.1074,0.236333
955000000,54,313.598,19.2638,64.3846,0.275
956000000,16,86.7848,-11.1149,18.3161,0.246
957000000,57,353.16,7.89336,56.2796,0.244
958000000,52,311.554,22.566,57.4588,0.294
959000000,46,278.296,40.6562,45.6136,0.234
960000000,47,288.646,21.9844,38.623,0.253
961000000,33,198.817,17.7627,31.0354,0.249167
962000000,45,264.351,-22.032,31.9137,0.266
963000000,54,327.8,13.4856,63.12,0.235
964000000,62,371.513,-8.48051,61.3892,0.267
965000000,47,293.977,51.49,48.9551,0.2415
966000000,40,227.179,2.90912,40.1356,0.259
967000000,51,303.129,39.7323,50.2914,0.252
968000000,38,220.77,47.2866,46.4239,0.2345
969000000,33,189.715,18.4674,39.5633,0.237
970000000,68,389.554,47.5717,70.4454,0.24
971000000,66,388.945,18.6567,69.3707,0.238
972000000,36,202.823,49.6096,38.0693,0.248
973000000,47,288.366,5.54028,43.4999,0.258667
974000000,37,226.918,42.0484,35.8836,0.2165
975000000,44,259.79,13.3798,43.2921,0.245
976000000,41,236.598,-16.8653,41.2266,0.261
977000000,40,247.433,27.3647,47.4675,0.2565
978000000,39,238.716,35.9277,38.6582,0.2365
979000000,15,85.5749,17.0434,25.3758,0.248111
980000000,32,185.348,-12.7922,33.887,0.253
981000000,60,363.956,33.5541,68.1955,0.232
982000000,28,155.726,32.7765,37.2387,0.24
983000000,29,178.376,-2.44767,25.3737,0.25
984000000,25,160.129,-1.64469,30.4092,0.239
985000000,43,254.924,46.0602,46.3974,0.269
986000000,28,168.609,16.1887,36.2446,0.2455
987000000,37,218.395,-9.835,36.4254,0.2735
988000000,25,145.574,15.2253,28.0802,0.2515
989000000,52,323.752,-1.31977,47.2203,0.2775
990000000,41,253.434,26.2496,40.1866,0.274
991000000,43,247.459,26.0594,49.4824,0.24
992000000,35,211.028,4.37902,28.7219,0.2465
993000000,61,381.395,6.82347,69.7905,0.263
994000000,20,125.56,-17.3686,23.3644,0.251667
995000000,37,217.129,6.13873,48.0845,0.247
996000000,49,289.362,42.2032,54.4128,0.2405
997000000,29,179.455,3.60415,28.618,0.24625
998000000,54,328.519,24.2621,65.769,0.242
999000000,63,366.117,44.8567,50.014,0.2495
