generation,N_shifts,logPrior,logLik,eventRate,acceptRate
0,0,-7.39412,-889.839,200,0
1000000,43,269.055,15.913,41.2928,0.264
2000000,42,252.073,26.6894,45.4005,0.244333
3000000,28,162.169,12.7485,34.0729,0.228
4000000,42,247.443,41.9769,46.062,0.251
5000000,42,254.728,30.2067,39.0128,0.249
6000000,37,226.91,7.05517,43.2281,0.2555
7000000,49,289.256,4.64891,57.5206,0.2545
8000000,29,171.27,-8.25397,26.5496,0.249
9000000,39,232.374,39.3708,37.5665,0.247
10000000,27,170.525,25.7843,30.0435,0.252333
11000000,47,278.627,44.4782,60.1521,0.2495
12000000,56,326.739,38.5068,45.5961,0.25
13000000,53,323.688,42.1724,59.7701,0.263
14000000,21,122.707,-6.10162,17.8016,0.242333
15000000,40,239.183,-12.9438,52.717,0.234
16000000,61,371.632,19.0147,55.2518,0.233
17000000,54,317.78,-6.01101,53.7587,0.242
18000000,47,288.235,34.9986,53.4361,0.240667
19000000,20,111.445,15.0997,18.6799,0.2485
20000000,43,261.006,66.9651,36.1908,0.218
21000000,46,272.818,42.1304,49.027,0.244
22000000,25,153.035,44.6547,24.9979,0.225
23000000,33,193.594,29.0847,40.6159,0.248
24000000,47,284.4,34.2404,36.9506,0.242
25000000,44,265.879,11.2716,44.3733,0.265
26000000,45,276.269,33.5283,46.5947,0.263
27000000,39,231.52,8.1825,45.9193,0.254333
28000000,30,185.532,21.8432,26.5373,0.257
29000000,58,352.684,36.7204,47.6214,0.248
30000000,74,450.84,56.7601,69.9219,0.245
31000000,30,179.282,28.3884,40.967,0.2585
32000000,48,289.95,38.8803,51.5485,0.227
33000000,32,193.038,3.84083,27.6913,0.286
34000000,77,457.37,16.2063,60.0272,0.227
35000000,42,237.465,33.3168,44.3741,0.227
36000000,36,213.959,10.312,40.906,0.2365
37000000,37,206.186,33.5635,34.2838,0.243
38000000,44,262.994,50.062,32.4132,0.233
39000000,59,353.676,28.2797,52.9605,0.256
40000000,38,227.175,23.1742,38.5246,0.221
41000000,49,277.073,37.5716,54.2209,0.241
42000000,45,259.733,45.9478,33.8674,0.241
43000000,35,213.88,-7.15899,38.1975,0.265
44000000,56,346.282,14.3357,61.3193,0.2575
45000000,40,242.443,10.2648,46.2663,0.235
46000000,47,279.24,-2.97631,44.6217,0.261
47000000,38,217.056,3.43587,25.8645,0.2475
48000000,35,215.045,0.777337,34.0017,0.274
49000000,38,232.846,35.479,39.3845,0.249
50000000,38,240.969,3.7314,39.7819,0.2575
51000000,28,173.609,6.93586,30.3594,0.2335
52000000,47,287.935,1.55145,56.547,0.246
53000000,48,284.264,36.3113,45.6233,0.243
54000000,51,310.472,-10.9951,43.2886,0.268
55000000,31,175.707,23.3868,24.4411,0.239333
56000000,62,383.295,32.9987,53.8495,0.249
57000000,22,130.906,23.0888,36.5991,0.233
58000000,51,316.099,47.0143,50.3721,0.2345
59000000,44,265.365,5.66024,37.1852,0.2485
60000000,38,230.248,31.11,33.3218,0.2525
61000000,52,318.615,13.9633,55.2834,0.238
62000000,29,169.992,13.2628,39.1785,0.2455
63000000,26,153.553,52.8782,21.426,0.222
64000000,39,244.268,5.01738,27.5712,0.249
65000000,40,236.71,67.7936,30.7924,0.232
66000000,21,115.48,26.1286,15.7882,0.263
67000000,46,264.524,11.4504,43.0517,0.248
68000000,48,285.755,54.5061,45.7496,0.223
69000000,33,197.83,14.931,44.9826,0.2495
70000000,31,188.387,58.2601,32.4753,0.26
71000000,42,256.632,31.9926,40.4211,0.246
72000000,26,158.098,10.3166,25.4947,0.244
73000000,54,331.676,68.6202,55.6393,0.227
74000000,39,231.225,50.6614,41.0112,0.2345
75000000,48,298.491,17.104,46.9952,0.246
76000000,42,251.471,29.9006,51.2845,0.246
77000000,55,326.265,57.8048,47.4861,0.228
78000000,42,239.081,13.3856,44.2664,0.2425
79000000,49,290.289,-7.78352,54.8051,0.277
80000000,33,198.951,27.3014,32.4846,0.249
81000000,49,287.554,8.41086,52.9202,0.2655
82000000,29,174.276,-2.00146,19.0705,0.2525
83000000,36,212.764,50.2483,43.8877,0.255
84000000,21,132.429,-2.82602,33.6611,0.246333
85000000,45,271.59,8.68023,39.9156,0.2635
86000000,47,267.017,46.0176,43.7036,0.238429
87000000,25,143.457,16.1448,29.2467,0.23
88000000,28,158.86,39.5901,39.9063,0.222
89000000,52,296.381,25.4663,57.0442,0.265667
90000000,35,206.279,20.9392,29.7028,0.248
91000000,40,232.788,-10.9469,41.3986,0.2525
92000000,26,152.212,32.891,22.9743,0.225
93000000,15,92.5548,-22.1115,9.35575,0.2605
94000000,56,335.121,-3.40474,53.3447,0.229
95000000,32,193.512,44.4103,30.4885,0.224
96000000,52,313.317,11.8228,44.6072,0.244
97000000,62,361.758,11.9588,62.051,0.2715
98000000,75,452.335,28.0025,86.28,0.247
99000000,31,187.902,26.5567,32.0921,0.2305
100000000,31,191.398,9.73923,27.2601,0.2455
101000000,45,261.162,35.1955,49.1458,0.238
102000000,39,235.017,54.2064,35.6096,0.256
103000000,70,413.196,20.2449,60.0213,0.242
104000000,33,197.242,32.7527,27.9678,0.2415
105000000,25,149.913,54.4948,35.6672,0.2345
106000000,50,290.762,30.4195,46.6551,0.2375
107000000,60,365.783,56.1676,60.0224,0.241
108000000,40,240.866,22.1901,43.9839,0.231
109000000,51,309.496,43.0992,63.7669,0.256667
110000000,56,309.913,15.2571,62.6486,0.26
111000000,39,239.092,18.1289,45.9048,0.239
112000000,20,112.449,-32.5374,16.8397,0.261733
113000000,40,239.099,24.5431,25.1448,0.2505
114000000,36,225.351,-19.5138,34.2137,0.256
115000000,29,164.126,26.9235,34.3826,0.236
116000000,60,352.055,-27.5232,58.0306,0.2925
117000000,33,202.535,37.2321,25.7413,0.2465
118000000,32,187.88,12.3251,46.0102,0.254
119000000,44,250.985,53.7677,40.5854,0.231
120000000,25,148.097,0.217167,22.126,0.2505
121000000,55,331.935,30.9968,60.5561,0.2355
122000000,30,175.012,15.5694,28.5083,0.241
123000000,59,367.246,73.3482,52.9436,0.227
124000000,43,260.531,35.4989,37.5646,0.24
125000000,33,200.264,36.3272,35.7667,0.225
126000000,62,376.513,74.0434,50.9933,0.231
127000000,27,165.941,19.5355,32.462,0.242
128000000,35,217.747,12.778,26.9983,0.2485
129000000,41,249.645,-4.66512,40.4875,0.24625
130000000,69,418.464,35.8409,77.5786,0.258
131000000,43,257.113,22.002,43.8252,0.225
132000000,20,123.384,15.7691,22.3323,0.288
133000000,30,182.096,36.7707,32.4771,0.2305
134000000,74,462.942,45.334,66.8084,0.233
135000000,41,219.17,15.1631,47.2165,0.25
136000000,36,206.642,12.2123,36.3818,0.2625
137000000,38,222.25,11.7131,35.0366,0.2526
138000000,44,274.442,8.58112,41.9832,0.242
139000000,54,321.318,26.9655,43.8807,0.233
140000000,39,209.333,37.6453,51.3771,0.229
141000000,38,232.341,7.35594,40.4711,0.246
142000000,28,164.072,9.77299,27.7231,0.2565
143000000,34,203.181,27.7096,30.2824,0.238667
144000000,27,168.041,-23.5534,29.7672,0.2635
145000000,42,252.207,20.1172,38.744,0.238
146000000,70,412.731,2.76759,67.3803,0.2575
147000000,26,164.795,23.0646,21.7777,0.249
148000000,56,320.035,26.1585,61.7208,0.237
149000000,49,276.311,-3.12195,40.3977,0.262
150000000,48,298.121,32.4242,57.7649,0.2585
151000000,58,355.305,-29.1833,73.2341,0.257
152000000,35,214.46,4.58198,31.5228,0.239
153000000,38,232.156,32.7024,40.2693,0.2355
154000000,43,265.082,10.3393,55.7239,0.244
155000000,30,176.157,1.46245,29.8099,0.252333
156000000,54,339.953,59.0549,54.2171,0.242
157000000,56,340.541,61.2025,64.7036,0.223
158000000,25,133.862,17.2665,25.2106,0.254
159000000,36,214.043,34.4098,37.0823,0.233
160000000,64,381.491,24.2356,60.7543,0.25
161000000,34,197.874,6.73637,34.6159,0.219
162000000,64,376.274,53.7888,52.1284,0.243
163000000,20,115.627,2.38708,16.7652,0.2725
164000000,40,227.983,-17.537,42.7328,0.273
165000000,34,210.396,39.3889,50.1166,0.234
166000000,32,190.097,-0.629558,26.0872,0.2375
167000000,31,177.177,18.837,28.5742,0.276
168000000,18,105.084,-4.49152,22.2973,0.2595
169000000,62,380.232,-23.479,64.8102,0.26
170000000,59,359.362,4.13551,58.2779,0.2725
171000000,57,331.669,60.2935,47.5686,0.235
172000000,28,177.379,33.008,27.3728,0.249
173000000,36,206.158,40.651,39.1156,0.2385
174000000,16,98.8698,-20.0206,17.6916,0.256
175000000,18,110.864,27.1539,21.8099,0.221
176000000,37,224.041,12.9593,31.7647,0.2455
177000000,81,496.473,34.5081,92.5354,0.262
178000000,15,86.4448,-12.3631,18.0304,0.2225
179000000,44,262.551,41.7802,40.0528,0.254
180000000,54,316.696,35.5278,52.1023,0.243
181000000,34,196.055,3.4002,29.6533,0.2561
182000000,57,347.663,35.4391,71.3468,0.233
183000000,35,204.893,5.19104,34.1209,0.257
184000000,40,226.113,60.5983,33.3001,0.2465
185000000,47,282.733,4.0152,44.1434,0.25
186000000,17,112.305,-21.3297,17.4932,0.255
187000000,77,470.966,45.0786,77.184,0.234
188000000,47,290.14,51.1567,38.5566,0.23
189000000,29,172.424,2.31578,30.5157,0.2405
190000000,51,297.432,34.7396,53.0415,0.26
191000000,33,203.47,10.1912,43.9699,0.2495
192000000,47,285.488,54.1556,44.0227,0.219
193000000,33,189.749,-38.2795,26.459,0.272
194000000,42,253.3,47.1213,53.8004,0.254
195000000,51,284.189,-1.72271,55.6265,0.251
196000000,33,191.007,17.6612,36.6782,0.24
197000000,44,258.207,17.0401,47.5403,0.256333
198000000,43,263.264,43.3543,51.9158,0.248
199000000,47,285.898,36.2146,45.4697,0.209
200000000,55,332.603,40.731,63.5766,0.232
201000000,35,211.21,20.587,31.1783,0.262
202000000,61,370.533,27.5291,66.242,0.269
203000000,32,205.379,-9.19646,29.3553,0.2775
204000000,44,270.22,64.885,54.9779,0.229
205000000,38,237.306,51.7737,40.6673,0.233
206000000,37,227.975,62.1475,40.2873,0.248
207000000,32,185.98,7.62315,34.5101,0.2545
208000000,52,303.763,26.2832,40.9523,0.267
209000000,36,222.442,-3.70895,42.0585,0.268
210000000,31,196.098,20.8045,30.641,0.2485
211000000,33,177.366,10.108,35.6847,0.259333
212000000,41,249.897,22.2083,37.506,0.236333
213000000,42,244.037,36.4429,43.3392,0.234
214000000,60,368.229,16.2139,67.5119,0.236
215000000,19,116.367,-6.69062,21.1283,0.27
216000000,23,139.042,-10.0458,18.8774,0.259
217000000,27,164.67,-2.61997,25.522,0.251
218000000,45,246.138,25.4615,45.7761,0.241
219000000,67,410.529,33.9681,46.8885,0.24
220000000,42,261.135,47.5209,36.6314,0.227
221000000,35,216.636,-23.0256,60.2784,0.2575
222000000,42,249.364,22.3181,33.1169,0.263
223000000,46,268.653,37.5997,47.0139,0.228
224000000,49,293.634,43.1321,53.2273,0.2365
225000000,30,168.454,9.75253,30.7835,0.2555
226000000,57,358.621,36.1255,55.2288,0.233
227000000,68,406.757,42.1766,78.9717,0.232
228000000,32,194.358,-11.11,25.9838,0.265
229000000,37,222.868,2.76931,46.0504,0.247167
230000000,33,201.394,38.4967,23.2437,0.2515
231000000,38,239.924,20.3527,40.3717,0.245
232000000,43,261.189,26.473,42.0499,0.247
233000000,56,334.774,51.3685,65.798,0.262
234000000,38,219.18,50.7385,42.661,0.243
235000000,40,247.281,30.1809,39.4568,0.25
236000000,60,368.092,18.7445,66.6839,0.2635
237000000,64,379.504,60.5638,64.6411,0.2115
238000000,38,227.664,-15.804,29.2195,0.268
239000000,44,271.672,35.0153,31.5785,0.254
240000000,37,219.068,21.5353,43.4801,0.251
241000000,50,297.274,7.48352,55.4436,0.272
242000000,48,284.78,9.27908,51.4625,0.269
243000000,30,182.965,-11.9102,29.6482,0.2455
244000000,46,283.659,53.6595,46.8217,0.212
245000000,50,292.711,16.0059,44.5398,0.245
246000000,38,212.647,32.1653,40.5845,0.235
247000000,29,180.089,-21.4321,38.2262,0.2555
248000000,58,361.913,46.011,56.8635,0.2145
249000000,46,277.19,24.341,43.7967,0.262
250000000,49,300.726,35.4423,48.5163,0.2375
251000000,46,265.337,32.8844,48.156,0.2335
252000000,36,222,22.9707,29.9866,0.263
253000000,38,224.75,35.3526,41.2155,0.2445
254000000,44,265.558,10.3909,36.6874,0.23
255000000,43,257.24,-9.653,42.8439,0.265
256000000,59,340.469,7.14264,61.5597,0.241
257000000,89,551.223,18.2299,81.2048,0.257
258000000,33,205.689,16.2337,31.3167,0.226
259000000,43,254.522,23.3496,51.2751,0.2415
260000000,51,291.06,79.0412,57.0401,0.2375
261000000,50,296.888,8.78593,40.3733,0.255
262000000,56,330.16,24.9441,68.3114,0.229
263000000,28,164.745,17.9458,22.8586,0.2405
264000000,32,194.663,23.3608,44.2989,0.239
265000000,32,190.101,68.2727,29.5477,0.234
266000000,42,250.654,50.8211,40.899,0.214
267000000,19,110.991,5.46518,15.6701,0.2445
268000000,36,210.696,43.8101,29.2576,0.21
269000000,31,180.455,43.5758,26.1835,0.245
270000000,54,332.133,65.7852,49.5167,0.218
271000000,26,145.639,-10.2819,31.4225,0.2845
272000000,49,304.081,-6.60983,47.6136,0.263
273000000,31,188.964,44.9926,33.7192,0.2245
274000000,32,189.893,-19.1746,37.6656,0.2582
275000000,49,298.501,42.2134,46.5056,0.233
276000000,60,357.481,27.7433,63.1992,0.237
277000000,56,332.971,8.81321,57.9567,0.262
278000000,73,440.602,65.3243,86.9059,0.23
279000000,57,342.77,50.48,52.7955,0.232
280000000,49,283.481,5.79728,44.0189,0.236
281000000,36,211.345,-10.9452,46.2422,0.263429
282000000,42,248.258,10.4314,37.6651,0.262
283000000,38,230.535,49.2088,46.3395,0.262
284000000,63,364.77,39.5591,64.9953,0.268
285000000,41,237.516,17.848,41.5065,0.248
286000000,51,307.286,46.057,46.2983,0.219
287000000,47,282.583,28.5783,46.1789,0.2435
288000000,59,361.614,36.5116,55.4987,0.244
289000000,33,189.98,40.3505,34.1575,0.23
290000000,45,273.557,12.1267,44.3501,0.262
291000000,32,195.251,8.98075,23.4728,0.243
292000000,63,360.507,40.2932,62.4423,0.235
293000000,31,194.184,43.7177,34.7472,0.2265
294000000,32,188.537,7.5085,34.4976,0.25
295000000,32,178.379,9.93486,38.7261,0.2405
296000000,49,273.996,-1.03567,53.0725,0.2645
297000000,36,212.986,-4.70839,36.7324,0.249
298000000,39,233.445,3.50018,37.7173,0.267
299000000,56,321.849,7.90617,56.2458,0.2435
300000000,57,321.859,31.7584,50.4574,0.234667
301000000,56,333.376,68.0521,60.9934,0.243
302000000,26,157.542,19.0365,32.7872,0.247875
303000000,41,239.661,29.4603,39.1892,0.2245
304000000,62,371.371,24.3936,64.1635,0.223
305000000,60,354.025,13.8654,53.6899,0.243
306000000,49,292.649,19.0273,50.7181,0.256
307000000,70,401.324,28.5616,77.967,0.24
308000000,28,155.059,3.73217,25.9207,0.240667
309000000,41,247.431,27.8229,39.7598,0.223
310000000,35,210.214,7.58741,32.8866,0.236
311000000,31,171.799,29.5824,24.2142,0.2322
312000000,34,215.023,16.7295,39.4887,0.2505
313000000,41,249.089,35.5256,40.6281,0.2455
314000000,41,234.418,64.6914,33.0787,0.2405
315000000,47,288.711,40.5124,51.0084,0.254
316000000,41,233.411,57.0936,37.8394,0.212
317000000,42,265.883,63.8643,43.7544,0.242
318000000,56,317.229,45.2679,41.6825,0.232
319000000,65,388.017,19.6139,83.6924,0.24
320000000,41,253.448,29.9433,46.8471,0.242
321000000,43,255.935,19.0081,48.1534,0.253
322000000,39,234.999,3.51657,34.4844,0.269
323000000,44,266.458,19.0962,38.3535,0.247
324000000,61,369.106,39.7971,52.6429,0.2525
325000000,53,329.535,-6.94887,46.6039,0.256
326000000,39,212.724,35.8975,43.6544,0.238
327000000,46,284.722,31.9717,52.0301,0.2485
328000000,51,309.688,11.1044,43.3658,0.234
329000000,42,268.737,51.5066,40.6472,0.2395
330000000,29,169.873,-14.629,36.4965,0.2555
331000000,30,174.933,12.281,22.9215,0.2345
332000000,52,304.067,32.0463,53.4035,0.231
333000000,27,155.83,19.7097,30.5284,0.2375
334000000,67,391.893,12.1443,78.1802,0.253
335000000,22,138.191,-17.2941,31.2392,0.26475
336000000,61,365.629,27.7847,60.3317,0.245
337000000,29,170.114,34.0955,36.6996,0.238333
338000000,58,351.901,25.8243,60.9564,0.227
339000000,31,186.742,0.691304,21.73,0.255
340000000,61,363.446,27.5373,62.496,0.25
341000000,34,201.44,40.6633,29.3073,0.2295
342000000,37,218.188,-16.2711,35.3229,0.2535
343000000,40,236.405,10.4266,46.4258,0.25
344000000,37,219.139,-4.02767,51.8976,0.2425
345000000,35,204.711,-16.9267,33.515,0.2725
346000000,43,262.188,26.4985,59.8752,0.243
347000000,52,313.831,18.1352,57.6105,0.2532
348000000,31,190.581,-11.1659,43.6451,0.2528
349000000,16,98.5197,18.8547,11.4012,0.263
350000000,34,203.181,63.9222,38.538,0.206
351000000,56,332.763,45.8661,57.4562,0.234
352000000,23,134.38,-2.25611,23.557,0.234
353000000,35,201.58,17.3886,29.0407,0.268
354000000,63,378.447,8.19445,53.84,0.28
355000000,30,168.728,-1.26149,21.8735,0.2465
356000000,33,199.825,49.3904,39.6134,0.204
357000000,56,331.689,13.7534,46.0448,0.26
358000000,62,378.24,-9.73432,56.3976,0.279
359000000,50,294.646,14.6928,67.1093,0.253
360000000,73,439.702,4.52755,79.3187,0.267
361000000,42,242.631,19.1649,30.5277,0.255333
362000000,21,126.521,17.3965,18.9151,0.254
363000000,22,130.261,-6.53835,20.6476,0.2535
364000000,32,191.757,23.8987,34.4952,0.257
365000000,42,241.538,19.474,41.5961,0.25125
366000000,69,429.48,41.3259,74.1178,0.2385
367000000,53,310.556,23.3592,65.4494,0.257
368000000,78,466.829,35.2377,82.5206,0.286
369000000,35,207.249,29.105,29.6591,0.239667
370000000,15,85.4346,-11.1813,23.1659,0.258667
371000000,50,315.267,16.5435,59.4636,0.247
372000000,54,336.56,30.2084,60.3933,0.2445
373000000,51,306.138,19.3485,41.9754,0.248
374000000,20,119.494,7.98982,32.3365,0.2265
375000000,33,192.051,-12.3747,32.3765,0.268
376000000,63,372.688,12.5473,46.9067,0.2375
377000000,26,154.474,4.47581,27.4017,0.26375
378000000,42,244.358,24.3743,34.8813,0.242
379000000,32,200.071,35.9066,25.5365,0.2345
380000000,50,301.925,-27.7664,41.0093,0.29
381000000,66,395.902,43.9943,66.2762,0.257
382000000,40,239.081,-13.0688,46.8434,0.2655
383000000,31,183.068,-1.14112,31.0852,0.255
384000000,56,337.568,15.553,40.6078,0.237
385000000,63,381.812,22.7638,72.3866,0.228
386000000,39,239.107,23.8569,44.6004,0.269
387000000,15,91.9429,-12.7091,21.3569,0.25675
388000000,35,211.392,-40.292,31.8023,0.273
389000000,30,180.045,22.439,32.8348,0.2325
390000000,30,187.833,8.23842,26.0257,0.248333
391000000,70,419.352,29.6689,70.2143,0.249
392000000,41,248.159,17.3174,43.6138,0.2475
393000000,54,323.919,22.2366,47.8593,0.2445
394000000,42,258.828,26.0854,41.3886,0.2605
395000000,29,176.763,-3.12103,36.4547,0.25875
396000000,23,134.643,-3.25486,17.6956,0.277333
397000000,56,336.749,42.8371,45.3549,0.262
398000000,29,174.833,5.47425,33.627,0.23
399000000,38,230.847,19.8593,47.0893,0.2505
400000000,37,225.401,45.4737,43.7541,0.251
401000000,41,244.278,20.0372,38.2853,0.248
402000000,54,333.771,38.703,54.3564,0.2415
403000000,23,120.895,34.0068,21.6561,0.244
404000000,43,257.282,36.3567,37.9168,0.256
405000000,49,278.012,19.4405,39.7564,0.256
406000000,49,291.061,52.4961,43.4106,0.252
407000000,66,395.964,70.3413,70.9044,0.235
408000000,43,259.488,-2.65186,45.5753,0.228
409000000,24,132.693,-17.6502,27.9,0.2755
410000000,49,292.335,44.9323,46.7296,0.261
411000000,33,199.38,14.7432,43.2923,0.228
412000000,46,277.548,36.5033,53.4958,0.224
413000000,20,111.917,-12.465,20.937,0.2495
414000000,48,290.352,23.1923,40.2715,0.251
415000000,55,335.305,30.4165,48.0256,0.241
416000000,32,194.794,1.37484,30.6638,0.257
417000000,37,218.7,30.1639,33.9011,0.243
418000000,37,223.12,8.9318,30.5359,0.246
419000000,40,224.323,33.7184,50.7249,0.228
420000000,27,168.999,-8.24442,27.6488,0.247
421000000,47,278.987,13.1055,39.3168,0.26
422000000,43,262.661,44.2116,33.837,0.261
423000000,28,170.111,32.7695,26.6561,0.2475
424000000,51,304.973,27.7315,51.0033,0.246
425000000,75,445.34,29.6468,86.6817,0.236
426000000,60,376.107,11.692,50.9065,0.245
427000000,29,169.868,-6.46462,21.6083,0.2505
428000000,53,325.826,33.9248,61.864,0.2385
429000000,24,130.55,30.8371,28.3746,0.25
430000000,31,184.292,15.9531,46.7029,0.2365
431000000,53,304.788,-9.52438,45.868,0.2635
432000000,39,233.163,29.7617,34.7501,0.248
433000000,28,165.042,-8.29879,33.2743,0.264333
434000000,23,143.913,5.04989,29.155,0.241
435000000,41,246.336,22.5911,32.9621,0.2545
436000000,46,280.334,3.95143,32.5204,0.242
437000000,61,377.704,33.169,59.5614,0.235
438000000,33,197.304,33.357,29.6106,0.247
439000000,46,253.285,26.6555,48.2032,0.243
440000000,37,217.654,38.9421,44.7223,0.2305
441000000,63,384.135,37.6701,67.7826,0.218
442000000,50,295.318,2.40315,38.6452,0.289
443000000,40,242.599,54.4941,26.0874,0.225
444000000,52,297.934,29.4884,52.5333,0.23
445000000,36,215.004,19.3418,31.6126,0.204
446000000,75,446.89,28.8867,81.3789,0.199
447000000,26,152.863,23.5798,21.6198,0.23675
448000000,25,150.392,17.6575,22.1234,0.254667
449000000,30,180.18,12.4343,32.0723,0.261
450000000,44,273.467,4.46308,38.053,0.251
451000000,51,311.171,43.3895,50.508,0.229
452000000,43,257.144,37.2252,54.9996,0.227667
453000000,39,225.231,21.9985,38.4311,0.23
454000000,27,163.236,11.088,37.4003,0.242
455000000,17,101.95,-22.3096,22.8513,0.27
456000000,46,262.278,28.9653,38.2904,0.229
457000000,44,266.663,-2.58861,42.9709,0.241
458000000,28,166.056,42.1349,28.6528,0.243222
459000000,54,294.71,14.6486,50.041,0.244
460000000,34,210.895,43.2417,38.7155,0.2565
461000000,40,251.145,6.61636,47.2723,0.2555
462000000,31,177.498,8.63433,29.2934,0.243
463000000,48,288.243,43.3773,42.7013,0.277
464000000,42,249.405,46.9877,42.3591,0.232667
465000000,62,385.884,-26.2987,66.562,0.2425
466000000,52,297.089,18.4653,55.5991,0.2475
467000000,51,303.207,20.6545,44.2544,0.243
468000000,45,278.527,26.4698,41.0127,0.2505
469000000,48,280.839,63.5566,43.774,0.23
470000000,35,201.55,7.75718,25.6767,0.2475
471000000,48,286.252,28.4738,40.2154,0.2475
472000000,57,348.087,41.9103,53.2414,0.233
473000000,30,174.502,-12.5805,31.2873,0.27
474000000,66,397.071,47.9168,70.4121,0.238
475000000,47,289.934,12.5689,53.904,0.246
476000000,33,192.199,30.461,35.4075,0.2295
477000000,52,309.47,-19.8703,46.3264,0.26
478000000,43,250.092,41.2348,43.1654,0.246
479000000,49,300.129,9.78506,58.1864,0.246
480000000,21,134.371,3.39071,20.9668,0.242
481000000,43,248.117,40.2312,40.3869,0.233
482000000,40,242.245,18.5152,46.3649,0.256
483000000,61,370.675,25.371,64.6343,0.247
484000000,46,268.836,-18.8815,46.1984,0.273333
485000000,70,438.191,38.6623,72.123,0.263
486000000,49,303.767,31.5408,41.1226,0.255
487000000,48,296.098,47.7623,62.82,0.275
488000000,45,276.946,78.2669,52.5262,0.2175
489000000,55,334.47,11.8169,58.4774,0.242
490000000,29,167.885,-0.52921,33.5247,0.252
491000000,22,123.931,13.2237,21.735,0.259
492000000,40,251.59,23.6547,39.2722,0.254
493000000,47,289.791,42.9013,49.537,0.2375
494000000,21,121.308,4.01602,16.7095,0.2535
495000000,42,257.969,24.5959,36.8006,0.2596
496000000,39,229.001,8.31311,45.9988,0.249
497000000,31,180.907,45.4707,24.9534,0.249
498000000,55,332.776,21.3069,61.0657,0.267
499000000,51,282.105,7.81571,39.772,0.239
500000000,62,363.84,34.245,66.8443,0.246
501000000,33,201.094,-12.3033,32.6157,0.257
502000000,26,148.654,8.79584,18.2756,0.2385
503000000,31,187.057,-9.85925,20.022,0.267
504000000,43,258.183,-22.0765,47.4507,0.267
505000000,27,153.964,35.9813,24.7262,0.249
506000000,45,263.491,18.9026,42.2497,0.25
507000000,68,402.41,49.7908,67.5319,0.205
508000000,34,206.115,37.5776,25.4372,0.248
509000000,30,186.458,27.7806,27.79,0.2595
510000000,31,188.394,29.0996,28.4631,0.243
511000000,19,117.609,39.329,21.555,0.227
512000000,45,267.275,35.7346,46.2904,0.204
513000000,18,108.03,-16.6325,22.2947,0.2475
514000000,64,382.739,25.1322,69.4967,0.254
515000000,37,225.468,35.0957,48.9797,0.244
516000000,27,163.083,38.1357,26.8131,0.2295
517000000,48,280.175,28.0561,47.9573,0.244
518000000,36,208.858,-7.28172,53.2792,0.254
519000000,42,258.813,36.4236,45.5728,0.259
520000000,19,118.339,35.5146,30.8748,0.223
521000000,29,170.012,-5.39904,19.2358,0.256
522000000,30,179.755,23.291,25.3371,0.249
523000000,47,283.46,33.4744,38.9613,0.253
524000000,47,281.947,-11.0864,36.3463,0.2765
525000000,32,185.167,26.9722,39.4294,0.251
526000000,18,99.4668,37.0875,20.1018,0.2555
527000000,42,263.39,72.0952,41.883,0.237
528000000,36,215.415,53.8124,29.8901,0.2325
529000000,85,510.822,25.016,83.3364,0.273
530000000,34,204.636,16.0885,33.2677,0.272
531000000,50,322.768,21.3512,46.2196,0.223
532000000,33,176.711,-16.7191,34.6827,0.25
533000000,39,228.018,37.5617,29.5909,0.226
534000000,23,138.466,38.3326,32.2519,0.233
535000000,27,172.943,25.1486,39.6897,0.257667
536000000,43,254.884,15.9871,30.1452,0.251
537000000,72,422.724,26.2597,66.1786,0.256
538000000,41,235.119,37.4228,46.5527,0.242
539000000,37,224.601,3.2163,46.2907,0.25
540000000,47,297.968,28.3088,37.6883,0.242
541000000,39,236.733,25.5801,34.7358,0.2525
542000000,59,354.154,-8.65897,47.6902,0.281
543000000,38,222.798,41.2903,35.0812,0.237
544000000,39,231.495,14.5509,31.5268,0.241
545000000,29,175.218,4.23652,38.7174,0.257
546000000,34,205.1,-26.7736,33.2999,0.267
547000000,85,518.365,31.4512,84.7818,0.25
548000000,44,265.226,15.2147,38.1081,0.2355
549000000,71,419.349,27.2382,85.8373,0.249
550000000,48,285.948,23.6616,50.1009,0.244
551000000,46,279.55,18.8555,41.8752,0.2365
552000000,62,370.988,49.4054,60.6589,0.237
553000000,27,148.512,-0.161026,26.7313,0.253429
554000000,37,212.567,40.6206,32.6845,0.257
555000000,50,295.902,9.97338,49.5085,0.257
556000000,42,239.066,29.6866,34.1149,0.235
557000000,45,259.945,8.91977,48.0815,0.255571
558000000,44,262.821,2.44401,34.7735,0.2445
559000000,62,380.2,54.8589,54.4259,0.2295
560000000,56,343.718,-25.5686,59.1477,0.2735
561000000,37,215.746,26.2367,39.4454,0.2435
562000000,61,368.456,-8.34623,56.7049,0.2515
563000000,37,227.131,20.4656,46.6785,0.236
564000000,22,133.22,13.5844,19.6334,0.244
565000000,48,297.079,2.52373,43.7186,0.2625
566000000,21,126.149,12.5665,20.3114,0.2415
567000000,36,207.29,36.4147,34.8375,0.2575
568000000,32,199.945,-20.8882,26.7251,0.263
569000000,29,157.066,6.66057,23.0814,0.2555
570000000,56,339.854,21.7684,53.8057,0.2295
571000000,61,358.35,39.318,58.6879,0.236
572000000,60,354.218,40.3657,56.0782,0.244
573000000,45,288.208,12.8874,45.566,0.2595
574000000,36,221.424,17.1499,36.0288,0.239
575000000,44,267.661,56.2531,49.0017,0.2545
576000000,37,209.539,47.2101,35.9086,0.241
577000000,50,308.974,31.462,46.1948,0.259
578000000,29,165.477,30.9359,30.4108,0.2375
579000000,46,289.062,5.88561,45.4369,0.253
580000000,57,351.724,49.8061,52.5463,0.239
581000000,49,293.125,78.0544,57.2766,0.208
582000000,45,276.985,28.1037,54.2409,0.23
583000000,36,221.768,37.2714,43.7148,0.218
584000000,36,212.379,33.1397,44.1872,0.232
585000000,51,298.467,38.0129,53.3116,0.2125
586000000,44,278.235,1.8187,40.0327,0.2555
587000000,56,322.786,37.7871,64.1502,0.245
588000000,21,120.852,-23.4515,25.2764,0.2645
589000000,16,89.483,10.8598,14.3021,0.25125
590000000,49,292.225,40.8421,52.587,0.24
591000000,44,264.195,16.4999,39.5543,0.248714
592000000,47,289.201,-18.1833,62.7789,0.2525
593000000,44,262.76,39.8125,39.1136,0.24
594000000,24,150.263,-13.8256,21.3652,0.272
595000000,42,256.036,19.7028,37.9703,0.257
596000000,68,401.635,31.5683,51.9869,0.254
597000000,57,355.765,34.8405,48.9049,0.2495
598000000,96,596.601,-1.33259,95.9708,0.27
599000000,58,350.798,-2.88507,58.3492,0.28
600000000,73,435.734,38.0204,67.8142,0.248
601000000,35,214.57,57.6149,37.5254,0.2075
602000000,35,208.233,19.5987,38.6924,0.2605
603000000,61,367.005,18.1093,61.6987,0.234
604000000,62,380.63,47.5394,54.1543,0.232
605000000,39,227.022,9.55935,40.3501,0.2485
606000000,34,204.039,12.8927,45.606,0.2405
607000000,23,132.853,25.8272,24.4887,0.2455
608000000,35,213.912,18.3358,39.4843,0.235
609000000,23,141.15,41.0629,27.3697,0.258
610000000,67,409.923,35.2926,76.426,0.242
611000000,47,285.829,-2.90934,42.9975,0.273
612000000,45,260.133,14.369,46.6057,0.237
613000000,49,278.589,8.05758,45.6115,0.249
614000000,28,167.578,13.4562,32.56,0.2465
615000000,33,190.467,5.54211,36.8614,0.263
616000000,27,166.701,24.8807,22.6624,0.253
617000000,38,228.01,-12.6347,40.4676,0.2745
618000000,51,305.522,17.6571,50.4329,0.221
619000000,37,220.964,41.3081,34.757,0.241231
620000000,51,314.706,40.8348,50.9408,0.24
621000000,39,230.408,1.92776,45.6824,0.252
622000000,28,168.069,16.5513,28.7037,0.255
623000000,48,291.852,21.618,59.574,0.251
624000000,40,246.714,54.1873,38.5303,0.2255
625000000,25,144.808,41.323,27.7799,0.2375
626000000,62,378.83,37.1371,59.9916,0.241
627000000,40,236.163,-15.0198,38.5099,0.275
628000000,34,191.436,-6.07728,30.5291,0.268
629000000,60,346.667,20.3696,70.7215,0.261
630000000,29,179.161,6.80146,24.3688,0.2545
631000000,55,334.845,20.9103,57.3964,0.275
632000000,65,376.183,11.6847,79.2955,0.23
633000000,49,294.852,2.03144,51.7484,0.2625
634000000,48,290.996,4.50807,59.2953,0.27
635000000,59,343.779,43.4113,69.3371,0.238
636000000,57,347.846,31.8977,73.6749,0.249
637000000,77,461.006,28.6876,69.8708,0.233
638000000,24,147.054,8.89391,25.0517,0.2725
639000000,33,201.579,24.0575,30.2343,0.241
640000000,46,278.477,23.4775,46.7538,0.222
641000000,46,267.634,43.4366,40.3368,0.242
642000000,43,252.913,11.4626,46.9615,0.247
643000000,49,293.826,41.8179,48.4754,0.245
644000000,55,329.102,51.8216,53.8955,0.199
645000000,32,197.036,17.8961,27.7252,0.253
646000000,48,292.282,-19.8901,51.4377,0.2445
647000000,21,111.874,13.8081,19.205,0.2555
648000000,56,336.979,22.845,53.5603,0.24
649000000,46,278.172,35.477,43.0315,0.2498
650000000,37,223.341,3.94171,34.767,0.258
651000000,58,349.837,28.2874,63.3679,0.242
652000000,28,172.721,2.1171,25.2079,0.266
653000000,28,173.973,33.8132,25.7727,0.2425
654000000,54,333.768,-4.89594,50.1139,0.26
655000000,39,230.105,8.05266,33.4206,0.2505
656000000,47,283.913,37.0169,34.0216,0.25175
657000000,29,176.437,-14.4087,26.1997,0.267625
658000000,15,92.5629,-39.0217,10.9814,0.254
659000000,53,323.821,71.3293,59.6489,0.229
660000000,31,192.29,-7.0089,28.5352,0.2645
661000000,42,252.314,11.919,37.5997,0.252
662000000,43,267.755,32.7999,45.1151,0.257
663000000,24,150.64,33.9392,17.1463,0.2465
664000000,46,276.071,33.5526,51.3835,0.2465
665000000,52,302.095,19.6588,56.4574,0.264
666000000,40,242.201,-7.8177,36.969,0.2475
667000000,50,314.11,-11.8302,53.2666,0.2605
668000000,30,177.309,48.4709,36.1864,0.2125
669000000,37,212.35,34.7238,27.6674,0.227
670000000,76,453.812,-8.5398,71.5403,0.271
671000000,49,302.017,0.242592,55.0708,0.2475
672000000,56,340.245,36.7536,51.0528,0.235
673000000,33,196.959,31.5202,31.2837,0.249
674000000,48,287.415,46.3768,49.8327,0.231333
675000000,46,277.444,4.95196,54.249,0.253
676000000,55,319.357,19.6478,65.703,0.233
677000000,81,490.722,24.1072,88.5846,0.226
678000000,64,393.167,10.3408,78.8896,0.248
679000000,58,343.12,58.4386,60.3969,0.2455
680000000,48,283.134,27.4995,45.9632,0.2425
681000000,39,224.543,28.7415,46.7216,0.246
682000000,39,235.179,11.0863,39.7229,0.251
683000000,24,137.333,48.7281,22.8279,0.223
684000000,26,158.908,-6.34318,28.1457,0.2445
685000000,50,278.501,33.071,63.1973,0.2515
686000000,39,225.734,24.1637,40.1247,0.225
687000000,22,135.034,31.5174,29.8489,0.219
688000000,95,538.465,44.7558,96.9911,0.228
689000000,26,150.97,8.01418,26.6615,0.2655
690000000,59,356.585,26.4025,56.1136,0.2445
691000000,44,265.564,46.0981,44.711,0.2335
692000000,35,202.719,44.6392,33.401,0.235
693000000,28,165.068,44.3876,30.6097,0.225
694000000,43,252.276,29.9398,53.2277,0.218
695000000,54,320.713,53.2626,62.1743,0.235
696000000,39,247.423,14.5554,38.0946,0.248
697000000,44,269.442,56.6387,59.5845,0.21
698000000,42,248.187,30.225,48.7539,0.2295
699000000,25,150.088,14.461,25.752,0.249
700000000,54,342.683,59.8964,53.273,0.255
701000000,40,250.693,43.53,48.3767,0.238
702000000,70,413.916,23.3003,73.3232,0.231
703000000,21,120.122,7.38274,23.71,0.2435
704000000,33,195.333,16.57,41.4387,0.2185
705000000,71,442.243,45.9487,71.8091,0.244
706000000,32,182.314,21.4228,25.0361,0.233
707000000,50,298.076,-4.00159,45.3591,0.258
708000000,61,367.462,29.8059,56.2728,0.248
709000000,59,342.973,45.1339,68.9891,0.264
710000000,25,136.762,28.7759,24.2894,0.237667
711000000,42,263.883,56.8528,44.3002,0.2215
712000000,37,219.24,-14.401,34.3073,0.272
713000000,59,363.229,56.3937,45.9267,0.234
714000000,42,259.682,30.3832,46.5555,0.227
715000000,64,391.385,39.0782,55.7953,0.234
716000000,51,311.239,32.9371,41.3137,0.243
717000000,66,391.789,21.2399,69.9552,0.25
718000000,45,268.873,13.3408,46.2652,0.245
719000000,25,144.768,19.5906,28.3445,0.239
720000000,29,168.48,12.8635,37.9754,0.2345
721000000,46,292.122,61.9625,35.6011,0.224
722000000,42,261.305,22.1691,44.1315,0.263
723000000,30,183.574,-4.59136,26.1349,0.258
724000000,32,194.966,3.96978,26.4458,0.253
725000000,19,119.202,-26.6254,20.1932,0.257
726000000,53,327.095,15.5192,56.6218,0.241
727000000,47,285.945,28.0417,52.6977,0.232
728000000,51,316.262,45.303,37.8662,0.256
729000000,60,360.867,58.3185,55.1532,0.223
730000000,39,217.556,23.3603,26.6377,0.243
731000000,38,212.921,17.4721,37.0668,0.238
732000000,30,193.412,39.3633,21.7913,0.243
733000000,36,210.227,24.4725,34.4621,0.2365
734000000,61,371.091,37.8826,65.3083,0.267
735000000,52,308.064,23.1755,57.2513,0.244
736000000,42,246.046,55.5172,37.6492,0.243
737000000,45,270.694,49.666,38.3691,0.25
738000000,52,321.28,5.84067,43.394,0.253
739000000,30,166.58,15.5504,30.3509,0.25925
740000000,48,282.24,-4.41395,44.1473,0.248
741000000,30,179.563,36.1975,23.1123,0.264
742000000,31,160.641,42.9037,28.7368,0.2415
743000000,38,223.511,44.934,47.7311,0.214
744000000,26,159.602,26.1724,20.7089,0.2305
745000000,54,308.409,16.7368,43.9049,0.2655
746000000,42,254.361,-46.143,55.477,0.282
747000000,37,218.018,7.4471,31.6629,0.2665
748000000,22,138.214,1.80897,16.7383,0.2405
749000000,34,200.183,0.566901,39.4095,0.2525
750000000,50,320.569,33.5506,66.185,0.223
751000000,34,202.286,7.18502,35.7566,0.252
752000000,34,216.278,51.6289,32.4768,0.237
753000000,37,227.572,47.7867,30.3954,0.243
754000000,57,346.351,70.3722,59.5607,0.239
755000000,43,247.753,30.3304,51.9867,0.255
756000000,22,132.892,-4.57727,16.0515,0.25
757000000,44,269.704,-3.46917,41.8033,0.2565
758000000,55,336.747,8.12703,54.9687,0.262
759000000,52,318.846,61.7441,43.1878,0.191
760000000,25,144.475,-12.984,16.5342,0.255
761000000,48,277.633,-2.67322,39.7393,0.243
762000000,54,313.421,21.9899,56.5722,0.244
763000000,69,420.821,-18.0627,68.649,0.283
764000000,26,160.159,-7.57496,29.2743,0.2715
765000000,30,182.432,39.5077,28.0128,0.2355
766000000,26,152.185,-17.0119,28.3459,0.2522
767000000,43,264.108,39.8437,46.5545,0.229
768000000,39,224.809,5.40873,41.0672,0.265667
769000000,43,264.175,-23.1839,50.546,0.251
770000000,26,150.336,-9.20514,25.9827,0.2545
771000000,57,341.49,7.50218,55.0155,0.267
772000000,45,272.316,25.1516,44.3011,0.209
773000000,43,254.832,-8.10195,44.1436,0.258
774000000,44,263.34,38.0827,53.2051,0.2525
775000000,49,290.727,43.1981,48.1699,0.262
776000000,46,280.84,4.39556,48.2648,0.237
777000000,23,139.123,-9.55982,21.6489,0.257
778000000,36,201.298,6.6681,45.8666,0.2545
779000000,40,249.286,21.8957,49.8192,0.2425
780000000,49,295.272,44.104,49.9871,0.217
781000000,43,251.747,25.9151,50.8116,0.236
782000000,29,170.778,23.5845,29.3567,0.248
783000000,19,105.978,38.5014,18.9248,0.240333
784000000,29,164.259,7.1265,29.7258,0.25725
785000000,39,218.807,58.3788,39.5678,0.2305
786000000,45,266.789,38.5974,38.2543,0.238
787000000,31,185.766,14.6136,18.7872,0.2395
788000000,51,315.702,9.38076,52.4937,0.2375
789000000,48,292.527,34.2108,49.7544,0.244
790000000,30,182.76,-18.7672,37.0301,0.2535
791000000,32,196.447,34.2274,38.1409,0.254143
792000000,21,124.834,24.4259,31.6224,0.237
793000000,35,214.239,-12.3226,36.118,0.253
794000000,24,147.929,5.5738,25.9643,0.238
795000000,51,322.572,20.5229,57.0597,0.252
796000000,24,142.968,17.3296,21.9031,0.212
797000000,49,284.292,15.5999,59.7725,0.2435
798000000,49,283.17,-21.3427,47.8792,0.269
799000000,46,279.401,5.35577,49.454,0.250667
800000000,38,230.405,23.3361,34.6653,0.2605
801000000,68,408.696,0.461703,73.9842,0.264
802000000,41,237.341,48.4543,33.2564,0.24
803000000,35,214.53,-15.3156,35.0959,0.252
804000000,37,232.05,6.41967,49.2555,0.2635
805000000,26,157.741,36.9308,23.4771,0.2365
806000000,33,200.588,-8.15874,39.5263,0.2635
807000000,39,234.849,21.4941,41.2905,0.228
808000000,45,259.81,-10.6689,40.7786,0.241
809000000,37,227.675,23.0473,31.7261,0.23
810000000,40,231.43,29.1407,37.138,0.235
811000000,55,326.226,32.6336,53.2837,0.238
812000000,23,140.406,-30.6477,26.2867,0.267
813000000,27,151.785,56.3374,29.1805,0.219
814000000,60,355.744,13.8925,55.8192,0.236
815000000,49,295.308,-11.922,58.4514,0.2595
816000000,40,254.473,-15.6794,43.1776,0.2645
817000000,36,217.077,-2.25097,39.4826,0.243667
818000000,29,178.473,28.7163,39.2397,0.2335
819000000,47,270.859,47.0561,52.9673,0.245
820000000,31,191.741,-15.2418,33.8659,0.263333
821000000,41,240.296,62.7782,44.2846,0.229
822000000,40,248.36,46.2185,51.2704,0.2305
823000000,40,232.774,22.0719,42.8363,0.22
824000000,45,269.717,45.0195,46.1979,0.236
825000000,31,184.215,16.0326,33.5788,0.229
826000000,31,194.538,28.9046,33.6798,0.243
827000000,23,141.183,14.8335,27.4052,0.253
828000000,27,154.949,-11.7443,37.2291,0.271333
829000000,45,251.868,6.84461,42.5165,0.244
830000000,51,311.523,53.5059,56.181,0.242
831000000,50,303.446,28.1884,48.9533,0.258
832000000,67,401.674,19.6548,53.5428,0.236
833000000,62,383.203,8.84935,67.0557,0.2505
834000000,27,165.271,12.7116,24.6951,0.25
835000000,64,379.909,48.5271,59.5653,0.2575
836000000,29,165.482,18.5515,22.0923,0.242
837000000,51,298.455,41.924,52.4572,0.231667
838000000,25,157.631,7.72214,26.1527,0.258
839000000,45,258.329,38.0237,35.0971,0.218
840000000,64,385.524,27.2969,69.7731,0.251
841000000,29,175.194,8.79047,25.8872,0.2545
842000000,43,232.526,14.2866,53.0581,0.2445
843000000,65,399.913,16.8026,67.7408,0.255
844000000,32,193.746,38.4338,36.0695,0.229
845000000,33,197.094,12.5004,39.5674,0.2555
846000000,46,285.457,-25.6617,46.1308,0.241
847000000,42,250.629,11.9928,44.1667,0.25
848000000,26,162.333,-4.51368,26.4761,0.254071
849000000,38,236.643,33.1311,46.0402,0.238
850000000,28,171.323,16.8593,31.5695,0.237
851000000,41,245.872,30.716,64.234,0.248
852000000,32,196.613,-12.5394,38.8737,0.25
853000000,53,317.504,50.8017,50.6102,0.262
854000000,29,178.993,25.3463,30.7306,0.259
855000000,35,206.928,31.9325,36.4962,0.244667
856000000,58,332.869,9.86004,57.7771,0.272
857000000,24,137.984,-15.5157,16.3495,0.2505
858000000,32,195.319,15.6762,36.9845,0.258
859000000,27,155.51,0.556369,30.8543,0.2585
860000000,58,339.918,30.3064,49.7737,0.26
861000000,62,388.416,35.6265,73.0778,0.244
862000000,16,86.6585,3.55718,14.6566,0.242
863000000,43,258.408,3.87331,37.2925,0.25
864000000,37,218.224,39.4993,41.2562,0.234
865000000,38,221.827,14.9187,31.8296,0.249
866000000,40,236.899,27.4496,47.1578,0.258
867000000,60,364.212,20.7819,63.2915,0.252
868000000,57,345.514,25.7008,59.4232,0.238
869000000,16,91.8208,-41.5775,19.716,0.260143
870000000,56,332.91,47.9223,55.3086,0.234
871000000,40,250.786,15.1466,43.3385,0.255
872000000,60,371.814,0.0754917,65.7489,0.261
873000000,46,276.867,44.6076,43.9521,0.223
874000000,47,285.735,75.2822,40.3235,0.208
875000000,33,200.794,-12.2498,27.197,0.248
876000000,31,190.643,26.0113,30.3402,0.2425
877000000,43,254.352,24.7806,46.3119,0.248
878000000,29,173.793,-3.29934,32.8478,0.265
879000000,15,91.1426,4.23519,13.5023,0.245667
880000000,20,120.506,-10.4665,24.7349,0.26
881000000,26,157.97,21.2381,22.5328,0.243
882000000,54,324.54,41.1619,58.076,0.241
883000000,59,347.314,37.0445,75.9063,0.2425
884000000,39,244.899,-32.0624,51.6042,0.25925
885000000,45,276.77,13.252,46.7407,0.252
886000000,34,208.928,48.9153,38.4842,0.242242
887000000,34,212.824,21.6823,33.2057,0.247
888000000,34,214.711,23.0608,35.5193,0.2375
889000000,67,404.352,14.7954,63.2612,0.2515
890000000,61,356.745,51.444,58.6053,0.252
891000000,35,218.692,4.92072,43.6118,0.257
892000000,46,283.117,16.4575,35.2279,0.2515
893000000,42,256.805,5.95085,43.5694,0.267
894000000,53,320.679,26.2376,61.367,0.22
895000000,33,185.515,19.6929,33.9715,0.2345
896000000,32,192.585,16.1824,26.339,0.251667
897000000,78,463.971,30.3702,80.432,0.249
898000000,46,281.75,29.3802,57.8287,0.229
899000000,53,324.038,35.8009,50.2807,0.255
900000000,55,336.106,43.6604,64.0358,0.237
901000000,32,201.852,-13.5326,24.1592,0.257
902000000,46,283.444,8.60885,61.2692,0.261667
903000000,47,283.126,4.11892,41.7803,0.267
904000000,14,80.2704,21.1382,17.6309,0.237667
905000000,76,460.024,40.6863,81.4177,0.223
906000000,57,359.952,-0.576222,48.8528,0.255
907000000,51,302.041,76.9481,57.581,0.22
908000000,55,342.438,37.5808,37.1056,0.247
909000000,71,445.065,72.2848,69.2324,0.248
910000000,73,437.133,23.5807,85.5748,0.266
911000000,15,90.9479,-14.2157,18.7007,0.2515
912000000,53,302.753,9.64922,56.3043,0.244
913000000,35,205.186,13.4811,39.3659,0.239
914000000,31,183.609,-24.3837,34.1192,0.28425
915000000,56,338.219,38.7283,50.5659,0.262
916000000,74,447.642,42.5343,73.6524,0.235
917000000,37,225.579,-20.1066,24.8022,0.2535
918000000,28,165.905,17.2542,26.2725,0.225
919000000,61,368.72,16.832,53.0958,0.244
920000000,43,249.429,47.1028,47.8039,0.235
921000000,42,248.934,24.0187,46.1601,0.2395
922000000,37,220.771,23.1151,36.4608,0.2455
923000000,49,298.132,11.9743,58.2446,0.251
924000000,57,335.565,13.1829,61.4912,0.251
925000000,35,211.494,53.3999,41.9988,0.218
926000000,63,393.33,3.36321,69.0362,0.27
927000000,33,186.162,27.7068,23.8665,0.228
928000000,39,230.57,-16.1439,43.9633,0.2435
929000000,17,93.6943,-2.96516,21.4423,0.247333
930000000,57,334.246,8.56605,56.896,0.255
931000000,41,245.326,11.2938,52.5502,0.251
932000000,39,222.253,11.5468,43.7938,0.235
933000000,23,129.512,1.21791,25.7371,0.254
934000000,43,246.654,-4.95787,48.0139,0.262
935000000,38,231,45.9147,42.7378,0.232
936000000,54,330.36,7.82131,50.1249,0.2595
937000000,34,202.082,30.3179,26.8519,0.258
938000000,31,183.469,21.7688,30.0435,0.226
939000000,21,128.301,-0.157381,19.3858,0.245
940000000,74,419.367,79.8956,87.6152,0.216
941000000,62,379.773,62.4277,58.7395,0.224
942000000,25,137.359,34.3975,25.2675,0.225
943000000,58,348.878,7.74221,56.7372,0.245
944000000,27,158.389,35.3203,32.1442,0.2395
945000000,57,328.883,15.3801,59.8271,0.245
946000000,43,253.33,19.8201,44.1956,0.2425
947000000,47,289.322,17.7022,46.4874,0.2365
948000000,38,232.957,58.3383,37.5756,0.254
949000000,23,139.453,33.2231,29.3084,0.2312
950000000,38,228.879,-5.78314,27.7131,0.271
951000000,64,380.416,21.2739,63.1732,0.252
952000000,56,351.488,56.3728,49.9427,0.211
953000000,47,293.675,22.0942,51.8677,0.234
954000000,44,265.707,-22.3521,29.9827,0.255
955000000,32,188.321,24.0948,27.9561,0.247
956000000,40,237.012,44.7401,46.8715,0.22
957000000,49,301.884,-3.21174,41.6278,0.246
958000000,28,173.508,24.9129,25.705,0.249
959000000,31,170.878,8.13099,24.4438,0.253
960000000,40,237.197,1.54003,48.3144,0.271
961000000,33,201.337,12.3457,30.44,0.2525
962000000,34,204.731,17.5493,33.1661,0.23
963000000,27,153,-8.6746,34.4625,0.251
964000000,68,388.616,67.1782,84.0113,0.221
965000000,58,333.601,-5.59858,58.767,0.265
966000000,13,70.4597,-5.74779,9.98954,0.248
967000000,20,111.76,-4.07468,26.3564,0.2375
968000000,50,303.756,19.5539,48.4182,0.231
969000000,32,180.304,-6.41053,29.1981,0.2545
970000000,49,300.344,-6.0979,38.8204,0.248
971000000,17,95.6544,-3.72428,26.2091,0.235
972000000,42,243.281,32.4593,42.131,0.266
973000000,65,386.169,4.17437,64.1034,0.246
974000000,42,261.979,48.2831,43.7557,0.246
975000000,33,203.312,47.9716,32.4842,0.24
976000000,54,323.553,68.1044,49.5294,0.199
977000000,41,253.445,37.891,44.7304,0.224
978000000,36,205.073,33.5394,37.1511,0.253
979000000,59,356.241,45.2608,63.112,0.243
980000000,37,214.733,23.7963,37.4548,0.248
981000000,25,146.891,13.8739,28.6239,0.236
982000000,34,210.979,-2.69454,44.2413,0.2535
983000000,49,295.452,-1.33324,50.7609,0.2635
984000000,56,328.674,-3.23541,48.5603,0.2785
985000000,43,258.063,-0.326877,30.3141,0.2705
986000000,45,263.669,63.3753,44.2532,0.228
987000000,50,290.818,-5.23176,53.4599,0.26
988000000,32,189.355,17.9641,26.1643,0.239667
989000000,27,163.572,26.6093,41.6585,0.2395
990000000,37,223.65,30.9537,26.9017,0.2265
991000000,28,165.037,36.6989,27.5504,0.2265
992000000,50,316.95,6.91226,47.2481,0.265
993000000,49,295.186,-2.97444,50.0492,0.2675
994000000,23,140.245,20.2797,27.8163,0.254
995000000,42,264.454,69.5963,44.4265,0.2275
996000000,39,246.267,30.8003,34.9338,0.23775
997000000,41,234.952,35.1584,37.1694,0.244
998000000,30,176.613,-19.0796,35.0805,0.247
999000000,52,307.843,22.8383,70.96,0.249
