generation,N_shifts,logPrior,logLik,eventRate,acceptRate
0,0,-4.72152,-695.626,200,1
1000000,8,2.30305,37.1861,10.4213,0.265
2000000,7,4.6736,-22.6769,10.5288,0.295
3000000,14,10.6826,-18.2434,20.2498,0.2955
4000000,12,4.51561,27.6918,11.0001,0.2685
5000000,12,8.52695,-6.15178,8.0786,0.296
6000000,15,8.63252,25.3412,17.2833,0.2525
7000000,10,6.73587,4.83708,12.2145,0.285667
8000000,11,7.64649,9.9454,11.1585,0.2715
9000000,14,10.9429,73.1455,18.9673,0.2495
10000000,10,0.887093,8.87067,9.63238,0.283
11000000,11,10.7124,17.0507,9.37034,0.2645
12000000,15,9.78216,33.8689,10.8441,0.268
13000000,10,6.06983,8.78696,8.4884,0.2595
14000000,13,12.6103,40.5386,15.4148,0.256
15000000,10,3.13,-4.81803,8.47389,0.273
16000000,7,1.28913,29.9647,8.88263,0.233
17000000,15,13.4226,-16.8784,20.3175,0.277333
18000000,9,1.14888,32.6198,9.67071,0.2805
19000000,13,8.21392,31.5093,12.6067,0.2645
20000000,14,11.1704,41.4163,13.5792,0.274
21000000,9,6.49313,0.345782,6.5002,0.285
22000000,16,7.39641,45.7838,21.0996,0.24
23000000,10,3.45923,18.4022,11.7618,0.2655
24000000,12,12.0325,-12.8433,16.6976,0.272
25000000,19,17.5812,32.9655,34.6138,0.269
26000000,12,6.97132,8.44322,13.7539,0.2675
27000000,14,5.3629,6.2863,21.4983,0.2775
28000000,7,2.0725,6.58951,13.5369,0.2595
29000000,13,6.22131,21.0915,12.9894,0.2755
30000000,8,3.70907,35.0464,6.63074,0.2705
31000000,8,7.82973,30.9885,13.8667,0.263
32000000,17,8.28197,62.1313,15.3443,0.2625
33000000,13,14.5794,0.476483,10.8698,0.260667
34000000,13,12.5869,55.5738,21.9784,0.258
35000000,8,4.14357,10.2833,8.01971,0.278
36000000,6,6.38244,13.2033,7.30843,0.2785
37000000,13,9.45455,43.8053,9.24351,0.272
38000000,13,15.9481,6.62057,9.94987,0.267
39000000,20,16.0118,8.6116,19.8715,0.284
40000000,10,3.90954,37.5838,16.5429,0.271
41000000,9,7.77416,30.6711,6.02189,0.2485
42000000,12,3.59266,58.6835,13.7892,0.2455
43000000,13,10.9704,3.07444,10.5691,0.3095
44000000,10,9.24854,41.8635,5.3109,0.2575
45000000,10,7.51802,22.8142,15.075,0.2735
46000000,14,11.0802,19.6319,18.1796,0.276
47000000,15,15.6868,6.98145,27.3023,0.294
48000000,12,3.75045,20.5848,21.3431,0.286
49000000,18,11.3229,30.5038,26.8326,0.244
50000000,14,6.38182,8.16223,11.014,0.2795
51000000,13,5.5489,28.5638,18.1224,0.27
52000000,9,10.2863,40.7845,8.46511,0.246
53000000,11,8.38776,10.0837,13.8211,0.274
54000000,16,15.8772,45.4173,9.41545,0.232
55000000,13,9.50572,19.5546,18.5051,0.2535
56000000,19,15.0542,16.9209,22.5211,0.2515
57000000,11,3.26167,-10.9347,6.76277,0.2855
58000000,22,17.6629,53.2466,17.9283,0.226
59000000,14,10.0525,17.8142,12.9426,0.2785
60000000,8,6.85732,1.99811,5.8151,0.265
61000000,18,10.471,23.9276,25.8379,0.2815
62000000,15,10.5494,20.8363,18.849,0.2745
63000000,18,0.499223,45.1108,20.6777,0.259
64000000,13,7.72482,20.3234,12.2795,0.2535
65000000,10,6.00364,19.9745,12.2496,0.25
66000000,13,12.9671,28.3187,20.5223,0.262
67000000,14,3.65197,20.0506,16.7132,0.287
68000000,14,9.25953,43.0949,7.89849,0.265
69000000,12,9.10302,3.13394,14.9686,0.291
70000000,16,11.5927,8.71273,12.5752,0.2865
71000000,11,8.9635,15.6532,12.0068,0.26
72000000,11,5.50878,22.9181,8.72718,0.282
73000000,20,16.0065,27.9886,20.0524,0.2815
74000000,10,6.85536,3.42347,10.564,0.272
75000000,11,10.8622,16.9848,17.9386,0.271
76000000,10,9.31243,14.7236,4.79433,0.282
77000000,18,14.9438,42.372,20.1351,0.2585
78000000,16,17.1315,27.6798,14.5993,0.2715
79000000,19,19.8424,17.6418,22.5761,0.3
80000000,16,18.2049,7.20405,24.9747,0.265
81000000,11,4.13543,3.69398,10.2124,0.2775
82000000,10,7.95076,26.1549,6.91543,0.2575
83000000,15,9.12379,27.6487,22.9798,0.2485
84000000,10,7.92542,3.86752,7.38063,0.257
85000000,9,6.80785,32.8159,9.45827,0.2315
86000000,8,4.90693,39.2866,12.249,0.2595
87000000,10,5.53075,7.74107,14.5501,0.273
88000000,9,5.13638,7.08527,12.8438,0.29
89000000,13,7.34086,25.0853,16.7397,0.2855
90000000,5,0.435765,-44.6874,7.02022,0.272
91000000,10,9.83717,-16.8917,11.8822,0.2935
92000000,13,13.6077,25.1294,15.1817,0.297
93000000,17,13.8937,51.6783,25.5042,0.267
94000000,14,14.196,-4.12872,22.3416,0.2985
95000000,10,4.03321,-2.08773,7.0293,0.291
96000000,8,3.73493,18.0798,9.70501,0.2685
97000000,9,2.19315,-4.09926,18.6272,0.3135
98000000,16,16.2324,26.5915,22.8285,0.2615
99000000,10,3.60247,-7.34675,11.0408,0.2695
100000000,11,8.29099,-3.47066,12.7873,0.284667
101000000,7,4.47002,-16.55,6.74818,0.2845
102000000,9,5.14494,19.111,18.2701,0.287
103000000,15,12.3648,21.7752,14.2466,0.284
104000000,19,14.1429,51.1885,17.9976,0.2595
105000000,18,13.2706,14.0809,23.4178,0.255
106000000,6,5.03573,-24.7983,9.52953,0.269
107000000,11,7.43178,14.0937,15.1494,0.283333
108000000,10,9.25736,4.33802,15.0062,0.272
109000000,12,12.4077,5.70527,6.31341,0.2675
110000000,13,5.45584,5.41669,11.075,0.291
111000000,12,10.4073,28.1387,12.804,0.273
112000000,14,9.93655,42.8592,11.488,0.26
113000000,13,7.24609,9.14444,7.37022,0.2675
114000000,14,12.7352,24.5957,18.9731,0.27
115000000,20,20.5496,-10.7702,19.8818,0.2845
116000000,7,3.60852,32.486,3.01976,0.274
117000000,18,13.2366,4.774,16.7195,0.264
118000000,22,17.8227,29.6951,27.7248,0.282
119000000,15,12.4507,22.6216,13.3968,0.269
120000000,11,9.07357,27.726,9.34581,0.252
121000000,21,20.864,45.9839,23.8442,0.276
122000000,9,6.82069,34.1482,10.5466,0.24
123000000,11,9.16276,-26.6,9.75658,0.299
124000000,15,14.7813,48.7155,15.3435,0.2765
125000000,13,7.11718,14.8653,26.3786,0.2955
126000000,19,13.9278,38.6473,20.6165,0.271
127000000,16,9.20951,54.2399,19.5473,0.249
128000000,13,5.36988,30.0474,17.5009,0.2635
129000000,11,7.07788,-11.5022,15.3003,0.2835
130000000,12,9.82858,7.7562,8.4674,0.266
131000000,8,5.59635,6.6748,5.40503,0.257
132000000,13,12.8267,44.7628,21.982,0.2485
133000000,12,9.20521,20.7361,7.70546,0.273
134000000,18,9.51735,45.6404,20.5754,0.2575
135000000,21,23.423,43.0887,23.3506,0.253
136000000,9,4.17636,-14.3349,7.08843,0.2875
137000000,16,16.4816,11.6625,15.4901,0.268
138000000,10,5.86796,-13.2234,10.9778,0.2885
139000000,14,11.3148,32.1517,14.3967,0.253
140000000,7,3.11383,24.0344,9.25784,0.2865
141000000,11,5.43242,5.17054,10.5529,0.2795
142000000,13,15.204,-2.40626,8.33465,0.2942
143000000,10,4.8947,0.327821,11.732,0.288333
144000000,11,7.74251,-13.57,11.538,0.2755
145000000,11,2.20412,32.5353,9.69637,0.263
146000000,10,6.30803,5.45117,11.9793,0.2655
147000000,8,1.85981,30.1703,9.73907,0.2595
148000000,13,11.383,41.8517,15.2543,0.2225
149000000,15,14.3682,33.4461,16.6262,0.2745
150000000,14,16.6389,20.9054,20.9421,0.256
151000000,19,20.0667,-0.513769,17.5939,0.2895
152000000,12,1.63316,7.06804,12.5174,0.295667
153000000,13,7.49528,41.4008,16.6953,0.238
154000000,13,10.0981,6.56871,14.0414,0.247
155000000,10,2.63868,28.0137,6.43497,0.2865
156000000,7,0.30688,19.7866,5.92216,0.244
157000000,20,23.2787,22.6796,18.4454,0.2525
158000000,16,13.7959,4.70048,23.0749,0.2765
159000000,15,12.209,58.0751,19.1162,0.261
160000000,8,3.18969,20.4116,10.6637,0.2555
161000000,9,9.3654,16.1087,10.5075,0.2685
162000000,9,8.94583,-2.12431,14.9267,0.284
163000000,17,7.26961,20.7426,15.7269,0.2605
164000000,11,5.82264,40.5632,13.7873,0.227
165000000,8,6.10825,-4.17765,7.3177,0.281
166000000,18,17.5485,52.3939,28.6142,0.24
167000000,14,9.63203,31.9269,20.5697,0.272
168000000,10,2.39753,16.7881,17.6304,0.2485
169000000,13,5.77084,48.075,11.4533,0.2315
170000000,13,9.62224,22.717,11.3932,0.261
171000000,18,16.5122,7.2382,20.0101,0.27
172000000,11,8.39604,13.8519,18.9751,0.2715
173000000,15,12.2211,33.4168,17.8346,0.2745
174000000,12,12.7371,10.6042,10.423,0.321
175000000,12,9.022,7.79614,12.314,0.287
176000000,15,5.64432,5.59303,22.0788,0.288
177000000,14,10.6632,33.635,16.0177,0.263
178000000,13,7.07014,36.9394,16.8957,0.289
179000000,8,3.26746,5.60521,9.86096,0.2725
180000000,6,0.0882157,-2.60418,8.81467,0.2895
181000000,18,14.6773,28.7232,20.925,0.272
182000000,12,9.57462,-24.4606,6.44734,0.273667
183000000,17,9.62083,28.3438,15.0803,0.2875
184000000,18,13.2034,14.176,18.2447,0.276
185000000,20,9.69186,49.32,21.1462,0.248
186000000,10,1.01953,5.44359,8.07465,0.271
187000000,17,14.5546,2.81814,20.0468,0.293
188000000,11,11.6258,-7.65422,10.9151,0.2715
189000000,15,8.40389,13.3159,17.7983,0.29175
190000000,9,6.69524,3.70076,8.37597,0.288
191000000,10,7.8031,10.452,9.14491,0.306
192000000,10,8.27261,16.0705,13.7751,0.244
193000000,19,22.9582,25.0698,24.4678,0.246
194000000,11,5.67572,-17.9079,9.47344,0.3005
195000000,14,9.52421,26.1675,14.1856,0.2665
196000000,16,10.8898,27.0922,17.06,0.263
197000000,12,3.86189,17.9393,14.2208,0.28
198000000,11,3.39084,39.6407,8.83116,0.253
199000000,13,5.68074,16.791,15.4435,0.283
200000000,9,1.29816,27.6139,9.28822,0.26
201000000,19,8.75701,56.6251,22.5689,0.249
202000000,11,10.2714,7.0919,5.21924,0.2575
203000000,20,16.8734,92.0392,15.3229,0.2345
204000000,11,10.8652,18.078,4.8996,0.268
205000000,12,13.2427,7.3153,17.3363,0.264
206000000,10,4.7481,21.488,10.2147,0.287
207000000,15,16.1459,56.7577,18.3253,0.2675
208000000,11,7.02522,47.6444,13.007,0.2395
209000000,11,7.30702,16.9251,11.5044,0.2505
210000000,12,14.5276,20.374,16.9039,0.2735
211000000,14,10.2438,72.6716,15.9499,0.224
212000000,24,15.0899,67.5591,32.9146,0.2515
213000000,10,6.65475,31.1709,10.9169,0.2535
214000000,21,12.7579,44.5778,24.9505,0.269
215000000,10,6.3145,22.4282,17.2112,0.2555
216000000,10,3.02891,-3.25789,13.3773,0.29
217000000,12,11.5098,4.54438,8.28345,0.2815
218000000,11,9.1452,-0.140159,12.9866,0.297
219000000,18,12.244,68.702,27.9982,0.239
220000000,15,12.406,33.1607,17.8229,0.254
221000000,11,12.5765,10.9848,12.1175,0.2565
222000000,17,6.88044,13.2278,19.7307,0.252
223000000,7,6.4695,10.6386,13.6136,0.296
224000000,9,3.65598,13.0056,10.8473,0.277
225000000,12,2.38972,52.2221,9.48386,0.273
226000000,11,12.7666,41.3188,17.405,0.237
227000000,13,7.13725,4.04199,17.1817,0.279
228000000,16,6.16963,25.0458,23.3898,0.254
229000000,18,7.78971,36.7348,9.31354,0.25
230000000,20,11.9045,68.4604,22.5689,0.2405
231000000,7,6.02724,14.521,12.7632,0.2575
232000000,13,8.37123,32.9672,14.2811,0.2575
233000000,13,13.1343,21.6292,13.1061,0.2515
234000000,10,10.5363,6.68536,7.8817,0.27
235000000,19,11.8552,68.0563,20.3238,0.2305
236000000,13,13.3301,26.9373,12.797,0.252
237000000,18,13.8049,42.9701,21.161,0.239
238000000,17,12.8916,28.5418,20.4515,0.273
239000000,15,-4.2985,26.0039,12.221,0.261
240000000,15,13.9237,54.1071,16.0197,0.2475
241000000,28,21.6165,35.1724,19.5376,0.27
242000000,6,4.00956,26.2135,10.4491,0.264
243000000,11,3.12714,42.7084,10.3078,0.2565
244000000,13,8.93958,16.4042,16.3306,0.299
245000000,11,0.99613,13.9242,11.039,0.2585
246000000,13,12.8336,0.753526,16.1579,0.288
247000000,14,11.8742,14.4041,14.6826,0.279
248000000,9,5.92591,39.9443,13.7031,0.25
249000000,8,2.37869,10.2321,14.9226,0.265
250000000,12,12.2229,68.9676,12.3862,0.251
251000000,16,7.23392,32.7974,13.8627,0.2555
252000000,14,10.9673,38.0218,11.4309,0.268
253000000,9,-2.0164,29.9911,9.26221,0.2655
254000000,15,11.9327,1.58541,9.65597,0.2685
255000000,11,4.35371,23.4044,14.7658,0.266
256000000,16,7.42895,27.0423,15.055,0.270667
257000000,15,11.6987,19.7414,13.925,0.266
258000000,19,15.6082,71.3388,20.3544,0.2335
259000000,14,9.41482,21.1554,12.4466,0.29
260000000,9,6.9352,24.502,8.17897,0.259
261000000,15,11.3839,24.4745,12.3471,0.2365
262000000,11,8.33367,22.2522,12.6927,0.266
263000000,14,10.8984,42.1822,14.6298,0.2565
264000000,13,7.81199,-1.08819,16.1021,0.263
265000000,8,0.942803,28.3174,6.16913,0.231
266000000,10,5.04092,36.5206,12.7155,0.242
267000000,14,12.8609,52.9283,16.8727,0.25
268000000,13,10.5221,45.2006,16.6132,0.254
269000000,18,11.8124,-10.9134,22.228,0.2765
270000000,11,6.36865,37.7045,7.46697,0.238
271000000,13,13.2817,52.8676,20.507,0.237
272000000,9,7.97634,31.7395,11.0277,0.2455
273000000,9,7.00207,31.3665,9.59159,0.2215
274000000,19,17.6313,8.82282,14.8302,0.256
275000000,19,14.0832,69.8343,11.3135,0.239
276000000,14,8.46484,45.7761,12.2992,0.231
277000000,17,11.0511,47.0293,13.755,0.2485
278000000,10,6.28311,28.9115,7.03648,0.246333
279000000,10,7.31934,35.8691,12.9416,0.2655
280000000,18,16.6845,15.7138,18.941,0.2595
281000000,22,13.2977,48.2962,23.2818,0.236
282000000,14,8.94821,31.9531,12.4373,0.2455
283000000,8,8.17555,28.5258,5.47716,0.2625
284000000,14,12.9653,28.4873,16.8977,0.2595
285000000,15,8.90952,77.8566,10.3878,0.247
286000000,15,10.0126,49.7406,13.4186,0.238
287000000,22,17.7013,35.2736,22.7117,0.288
288000000,14,7.83708,12.2187,7.51365,0.281667
289000000,14,7.7376,22.884,12.7576,0.2645
290000000,11,5.10739,9.96122,16.4308,0.255
291000000,12,9.86818,54.1463,17.5851,0.213
292000000,13,7.72783,-16.4871,11.1299,0.285
293000000,13,7.27866,57.5128,12.3765,0.26
294000000,10,4.02889,-12.5305,8.04905,0.296
295000000,15,6.35066,48.4263,20.247,0.2445
296000000,9,6.60192,-8.94908,6.46855,0.2965
297000000,12,7.16619,32.6218,9.16716,0.2475
298000000,6,3.77963,-2.80506,6.60274,0.2775
299000000,12,8.2519,0.0193939,9.9466,0.297333
300000000,23,15.6538,39.8529,27.2502,0.2725
301000000,10,1.74027,1.79479,12.2283,0.289
302000000,6,5.83625,-11.0376,8.39282,0.29
303000000,10,7.05457,12.0648,16.4675,0.2785
304000000,11,11.6851,29.1703,5.88189,0.2815
305000000,26,26.5188,48.945,23.8342,0.258
306000000,13,10.8236,14.5816,20.2889,0.2865
307000000,16,14.8757,22.011,17.6454,0.261
308000000,21,10.5731,27.3066,28.9315,0.277
309000000,10,10.4667,16.4543,14.8289,0.26
310000000,10,7.95446,18.2144,7.81968,0.278
311000000,12,4.70818,9.00728,15.7013,0.28325
312000000,13,14.8121,46.2261,9.18057,0.2515
313000000,10,8.5506,24.3162,13.147,0.290333
314000000,15,9.38008,3.60881,28.0528,0.284
315000000,18,15.7565,11.4695,13.8282,0.285
316000000,12,8.05543,-52.3651,18.6601,0.301
317000000,16,8.06792,29.9048,18.2709,0.276
318000000,12,8.41134,21.9773,12.5511,0.278
319000000,17,8.42522,30.0611,20.5517,0.247
320000000,9,11.7219,-1.98106,9.31133,0.286
321000000,13,5.46623,22.4421,11.6368,0.267
322000000,9,5.4055,3.98267,10.7561,0.2885
323000000,16,5.51181,56.2344,17.9482,0.246
324000000,10,-0.0393221,-18.7855,14.9341,0.282
325000000,7,0.989182,-15.0149,5.85573,0.2975
326000000,10,2.62219,36.0311,11.6255,0.259
327000000,13,12.6249,-4.37722,11.4619,0.285333
328000000,17,16.5199,-20.6348,11.1021,0.3135
329000000,10,3.30797,-1.06238,13.0858,0.2795
330000000,10,4.71352,21.4919,14.8644,0.2655
331000000,14,8.78079,-20.2423,15.6482,0.295
332000000,19,6.49202,14.8599,23.6086,0.2685
333000000,9,4.20668,-22.6811,12.107,0.2995
334000000,12,7.67388,27.6501,16.2806,0.261
335000000,17,13.1034,36.8113,13.2996,0.255
336000000,13,12.3449,22.952,13.0414,0.2635
337000000,11,8.95381,17.8665,11.3103,0.263
338000000,11,8.66701,23.3666,5.58897,0.281667
339000000,20,17.6803,12.388,20.6462,0.275
340000000,10,6.1473,13.0361,9.66236,0.2805
341000000,11,7.5248,29.4186,19.1078,0.239
342000000,15,13.9533,22.5464,11.8087,0.286
343000000,15,15.7332,29.4868,14.5853,0.259
344000000,12,7.00797,26.6096,10.0861,0.2745
345000000,13,10.917,33.4378,12.3354,0.2465
346000000,11,9.09219,53.3257,17.5961,0.2515
347000000,14,12.6391,17.4289,13.696,0.267
348000000,16,13.2507,14.6296,20.7842,0.265
349000000,20,16.0144,4.03329,24.979,0.28
350000000,10,3.16852,20.0846,3.34618,0.2545
351000000,16,6.56438,12.8945,13.5835,0.272
352000000,8,-0.35985,26.6173,6.09919,0.2585
353000000,11,3.96644,7.04464,12.0873,0.269
354000000,17,12.7412,6.94452,22.4022,0.2815
355000000,7,6.79178,0.337341,5.98579,0.2855
356000000,13,7.22486,39.8406,19.0377,0.2605
357000000,10,6.864,6.55219,12.8347,0.2525
358000000,14,2.79442,75.9009,10.8843,0.233
359000000,9,4.69234,24.6024,10.4144,0.263
360000000,10,5.63674,30.7023,10.0886,0.271
361000000,13,9.72793,17.8966,11.8947,0.27
362000000,11,6.72656,11.0657,5.39303,0.264
363000000,13,11.3328,-7.93506,15.2912,0.309
364000000,11,11.5961,26.8723,11.9195,0.2585
365000000,13,10.2079,8.35699,16.2357,0.2995
366000000,10,8.78259,18.6475,12.4053,0.2845
367000000,9,5.82492,12.8083,11.3167,0.2885
368000000,11,13.4678,17.9911,13.5816,0.2735
369000000,8,4.99393,1.02849,9.61995,0.2685
370000000,13,4.72448,-17.1877,12.9312,0.271
371000000,12,8.61388,-0.500978,9.59503,0.274
372000000,14,10.671,30.9189,13.7394,0.2685
373000000,12,-2.34669,39.9081,10.8145,0.2695
374000000,13,8.8841,10.9434,13.69,0.2595
375000000,21,17.512,55.2424,26.2927,0.261
376000000,12,5.07094,4.79897,14.0829,0.2925
377000000,8,-1.63787,6.79045,13.4127,0.278
378000000,13,10.2445,43.7392,19.6111,0.284
379000000,10,10.7511,-2.32575,9.65736,0.2615
380000000,7,3.38242,2.32929,4.76689,0.2685
381000000,14,9.71414,-8.58971,16.4257,0.286
382000000,14,6.03856,0.578045,18.1986,0.251
383000000,16,12.0776,3.12865,10.0434,0.29
384000000,14,15.0336,12.5705,8.73246,0.2655
385000000,13,7.88659,23.5416,12.8688,0.255
386000000,10,8.6983,23.1002,9.77545,0.2765
387000000,10,11.0933,16.5763,13.6553,0.2575
388000000,8,5.75234,-14.8043,8.53812,0.2695
389000000,9,6.67657,6.13985,11.8394,0.267
390000000,17,11.3725,35.3952,13.8377,0.296
391000000,19,17.4141,52.703,14.8211,0.247
392000000,7,3.67191,27.9328,8.75243,0.243
393000000,10,5.74719,1.11114,16.9636,0.306333
394000000,16,9.71791,9.72543,14.7679,0.2465
395000000,9,6.29553,60.5478,8.10288,0.262
396000000,9,6.05618,-4.06007,8.02369,0.2875
397000000,17,13.4975,-18.6084,24.7886,0.2858
398000000,8,-0.333077,-14.688,15.2912,0.2805
399000000,18,18.7379,37.9818,26.1863,0.2615
400000000,7,4.13669,30.5779,7.71102,0.2625
401000000,21,6.00695,11.9855,20.1403,0.2835
402000000,14,6.74409,14.9315,10.6835,0.2715
403000000,17,9.91129,-13.1166,19.2019,0.2665
404000000,12,-0.807783,30.7825,9.03668,0.2875
405000000,10,2.64727,33.6758,7.93889,0.2555
406000000,13,10.8268,10.0491,17.6159,0.283
407000000,10,8.72916,-13.7044,8.76023,0.2735
408000000,12,7.9846,-25.8639,17.2385,0.3005
409000000,11,10.8435,16.215,9.1565,0.274
410000000,13,10.9927,42.7997,18.5843,0.2525
411000000,16,-3.29051,24.1743,20.5317,0.242
412000000,9,8.70862,-39.0233,11.5105,0.2935
413000000,9,4.68568,48.7945,14.5,0.2315
414000000,12,4.61402,21.3598,11.6566,0.264
415000000,10,9.30638,-9.27604,7.04263,0.294
416000000,14,14.2291,-0.127425,15.5135,0.268
417000000,8,4.84538,19.7108,11.9352,0.2765
418000000,14,10.9513,20.7687,13.38,0.267
419000000,12,8.76979,18.7959,11.3662,0.2585
420000000,10,3.16982,20.1646,6.7486,0.2665
421000000,18,9.87391,34.4257,13.9403,0.261
422000000,8,8.33021,19.9763,13.8379,0.258
423000000,13,8.37286,39.8454,15.5302,0.2535
424000000,18,18.1306,55.6339,19.6506,0.266
425000000,10,3.58095,-15.4733,14.3248,0.2818
426000000,13,0.239916,20.0406,13.2369,0.2685
427000000,11,8.68977,-1.43823,10.7481,0.3045
428000000,7,3.69312,24.0954,10.4778,0.2725
429000000,15,7.66561,36.9687,11.2357,0.2615
430000000,12,8.99274,50.3884,17.0124,0.249
431000000,8,6.04772,2.74908,8.00687,0.27
432000000,20,19.9871,24.4043,14.9704,0.2495
433000000,5,0.621494,-6.11486,2.85269,0.2895
434000000,14,9.95863,32.5029,11.9541,0.256
435000000,8,5.45906,31.839,10.9511,0.244
436000000,12,6.48435,1.52347,7.59532,0.278
437000000,13,12.6948,5.14155,12.9603,0.2845
438000000,9,4.25308,-2.28679,8.35078,0.287
439000000,13,4.76075,30.1491,15.1405,0.248
440000000,18,20.1578,8.08695,19.8374,0.289
441000000,10,7.58818,-0.487452,16.5831,0.278
442000000,11,5.90242,3.17904,9.87181,0.3125
443000000,28,20.5075,31.6036,35.0697,0.2685
444000000,17,5.17109,59.3839,19.8805,0.2555
445000000,11,8.0204,6.23785,9.69691,0.2785
446000000,13,9.34525,29.7893,11.8186,0.248
447000000,13,6.30564,40.2497,24.5104,0.244
448000000,14,5.68707,36.7018,12.3049,0.257
449000000,14,7.3744,0.156648,15.2087,0.2895
450000000,11,7.57764,37.2502,12.2066,0.275
451000000,10,8.26973,15.9354,8.88732,0.286
452000000,19,16.4932,10.0029,20.0435,0.277
453000000,15,3.76848,32.8656,14.2891,0.2735
454000000,10,2.74264,20.1173,10.2075,0.2715
455000000,17,12.9911,28.6181,17.2033,0.258
456000000,13,9.82949,34.6785,11.7303,0.2665
457000000,19,12.1993,18.1422,20.8401,0.2825
458000000,7,2.40517,-9.62481,11.6829,0.293667
459000000,7,-2.78813,11.2208,8.4931,0.2915
460000000,14,12.6781,39.0885,13.8091,0.2815
461000000,14,8.37642,36.8118,12.5148,0.261
462000000,10,3.58748,1.02986,13.7855,0.2505
463000000,11,9.29797,-7.59463,10.7924,0.284
464000000,15,12.5103,-0.95282,11.3625,0.265
465000000,11,7.31248,32.4504,11.8042,0.2575
466000000,14,3.23898,9.28089,9.56178,0.27775
467000000,14,3.48864,39.1198,17.2391,0.2495
468000000,12,-0.797644,-10.6711,8.76009,0.279
469000000,18,15.0635,51.0118,20.7986,0.2655
470000000,20,9.65279,42.4275,17.1021,0.2405
471000000,12,6.32722,33.2178,10.5291,0.265
472000000,12,4.19167,21.2484,9.00244,0.2755
473000000,13,4.24699,2.00377,11.5413,0.267
474000000,17,1.5494,42.0355,16.4153,0.267
475000000,12,12.1297,32.3707,15.1261,0.262
476000000,14,4.88517,22.6166,16.2131,0.2665
477000000,16,10.4203,8.63234,15.6497,0.287667
478000000,16,11.7111,12.6332,17.2322,0.282667
479000000,9,7.02993,-8.22774,12.2089,0.3055
480000000,9,5.45909,14.9516,8.28644,0.297
481000000,8,3.67076,-13.564,8.60446,0.278
482000000,20,16.2572,28.9675,18.3781,0.253
483000000,12,12.0604,4.92048,14.5927,0.2905
484000000,7,5.91919,-11.1939,14.4068,0.3055
485000000,9,8.85067,-10.4363,11.2376,0.302
486000000,18,15.9928,42.8714,21.8609,0.283
487000000,13,12.0945,47.1625,13.5224,0.2715
488000000,11,6.81693,-7.92658,11.9222,0.288
489000000,14,8.58916,54.3742,15.1146,0.2555
490000000,9,1.48108,27.5017,6.38721,0.2565
491000000,10,9.71917,13.4307,6.98075,0.2635
492000000,16,12.8257,-1.72217,18.3844,0.281
493000000,7,0.641659,-16.116,5.14972,0.278333
494000000,11,8.143,34.9285,10.3384,0.2625
495000000,9,2.67094,8.59613,7.42346,0.291667
496000000,19,13.8452,33.6427,24.7851,0.27
497000000,11,4.26629,15.8465,18.711,0.299
498000000,13,7.01437,15.1163,12.5175,0.2785
499000000,12,11.6388,62.6223,16.768,0.26
500000000,16,10.7284,11.4686,17.783,0.2725
501000000,13,10.7034,44.5712,14.5877,0.235
502000000,15,13.085,39.3019,13.8169,0.258
503000000,9,-0.506445,11.3565,7.26754,0.2755
504000000,13,0.796479,-15.8099,20.8276,0.289
505000000,15,14.1939,35.7368,9.72115,0.2715
506000000,12,11.2374,-2.94447,12.3862,0.271
507000000,15,11.478,70.0023,17.3045,0.2295
508000000,11,5.55625,8.32166,21.9416,0.269
509000000,12,5.21692,41.5124,13.6405,0.262
510000000,18,10.2592,16.3539,21.1515,0.265
511000000,12,9.37399,35.5649,8.5571,0.2595
512000000,12,11.7888,41.529,15.5656,0.256
513000000,16,17.9756,25.342,10.2603,0.269
514000000,12,11.3881,31.4705,9.7649,0.267
515000000,11,9.10238,32.1266,7.87486,0.255
516000000,14,8.07005,24.5481,20.743,0.2515
517000000,14,14.1133,64.4715,11.7272,0.2415
518000000,16,15.426,12.5388,13.167,0.2775
519000000,25,27.463,50.1719,23.8622,0.2335
520000000,23,18.5543,38.0519,17.9574,0.2715
521000000,15,3.05119,42.9873,13.2421,0.2525
522000000,13,9.94799,46.8187,12.1906,0.247
523000000,14,4.00886,-12.4972,15.9552,0.293
524000000,20,11.0888,43.6948,20.2018,0.26
525000000,11,10.8746,42.5127,8.06082,0.247
526000000,11,2.75986,8.18097,14.3279,0.2495
527000000,14,8.91382,6.12463,13.0927,0.2825
528000000,17,11.1123,14.5175,16.4789,0.274
529000000,10,3.31459,52.0696,7.47665,0.262
530000000,16,19.7806,30.9742,20.8293,0.238
531000000,12,10.7666,33.2993,10.0778,0.265
532000000,14,17.698,35.2622,12.5355,0.274
533000000,10,7.1415,-9.1599,8.92335,0.2895
534000000,12,10.5764,24.9343,13.467,0.279
535000000,19,16.3009,26.7328,20.31,0.292
536000000,9,6.43595,-5.40865,11.5146,0.247
537000000,16,6.82292,22.4162,20.1319,0.263
538000000,7,0.490126,21.5334,10.314,0.246
539000000,13,7.94047,30.816,12.0554,0.2565
540000000,20,13.7175,18.797,19.5472,0.258
541000000,9,7.48651,0.579597,12.0247,0.2655
542000000,14,15.5371,12.0111,13.9194,0.26
543000000,8,2.39728,-8.21917,9.1646,0.282
544000000,12,1.9612,-25.5092,19.4479,0.28
545000000,10,6.83886,19.659,9.50171,0.2615
546000000,8,7.46409,-24.6813,10.2312,0.3125
547000000,10,6.22712,28.4185,9.22282,0.26
548000000,14,2.83202,17.1208,15.4527,0.292
549000000,12,13.2421,5.19652,10.6588,0.287
550000000,7,4.27644,-3.25337,6.62517,0.3035
551000000,16,16.006,42.1677,14.7326,0.272
552000000,10,4.94148,24.9422,9.37505,0.26
553000000,19,11.9007,19.8004,20.9275,0.2595
554000000,11,-4.21183,-6.76124,6.47083,0.2935
555000000,11,10.2145,-12.3385,10.9092,0.2885
556000000,17,12.0122,15.6823,21.6627,0.2855
557000000,9,5.51878,-21.8687,7.76991,0.2695
558000000,7,5.61033,-11.0825,7.989,0.2785
559000000,9,4.65572,22.4575,12.5141,0.271
560000000,10,11.9622,17.7278,10.7344,0.2675
561000000,17,11.2462,24.3947,22.1475,0.2785
562000000,10,8.54006,45.2033,10.9786,0.2635
563000000,16,16.8321,41.5599,18.0019,0.2685
564000000,8,2.23741,-0.270036,6.5087,0.282
565000000,10,5.35078,0.712681,11.8039,0.3
566000000,7,2.28962,4.78979,7.2792,0.277333
567000000,8,0.405461,-36.5118,9.81333,0.2995
568000000,12,-0.945458,21.4457,11.8129,0.278
569000000,12,9.10698,7.04027,13.4172,0.272
570000000,20,16.0954,15.1794,19.9243,0.277
571000000,18,9.34747,21.159,13.9806,0.2725
572000000,11,8.05622,22.3763,12.032,0.2735
573000000,14,11.807,-1.17695,19.9758,0.2745
574000000,8,8.60737,14.8302,5.6909,0.281333
575000000,11,7.76723,7.5627,12.1244,0.281
576000000,13,7.9919,11.3526,21.5747,0.311
577000000,15,15.4786,50.0067,17.3409,0.26
578000000,20,18.3967,-2.58729,21.1543,0.289667
579000000,17,7.95908,0.81505,17.3135,0.2865
580000000,10,9.68244,13.3555,10.3491,0.269
581000000,16,11.1583,50.1411,17.7119,0.267
582000000,15,9.48984,14.915,9.97047,0.265
583000000,18,-4.79928,44.9931,18.5353,0.256
584000000,19,15.4046,43.1522,18.2731,0.252
585000000,13,2.8609,-3.83572,13.1565,0.286
586000000,11,10.0599,26.3342,10.8202,0.2605
587000000,13,12.9369,20.7341,14.9283,0.2725
588000000,10,3.53789,27.4607,6.81454,0.277
589000000,11,10.4915,-21.3512,7.87469,0.3005
590000000,9,1.8333,31.6755,4.47123,0.2595
591000000,22,14.5653,80.6834,18.8097,0.23
592000000,13,0.333328,-15.112,12.8375,0.272
593000000,6,6.55724,-35.0672,13.1176,0.278
594000000,11,-2.3214,-10.6119,7.27566,0.262
595000000,9,7.3166,-14.6334,7.04219,0.283
596000000,15,9.52881,41.3079,14.2203,0.284
597000000,7,3.35687,-5.40518,5.69575,0.288
598000000,12,3.58159,38.0579,14.1702,0.2685
599000000,16,10.798,42.3867,16.6027,0.2475
600000000,9,8.08907,-0.951726,8.38946,0.274
601000000,13,5.54589,31.3846,10.8868,0.251
602000000,10,9.75043,-13.6892,8.12655,0.303
603000000,14,2.55596,15.0727,15.6768,0.2835
604000000,11,7.62274,-3.26544,11.3625,0.261
605000000,8,8.10114,0.741309,13.1711,0.283
606000000,14,10.8702,26.696,9.10293,0.257
607000000,15,11.9021,10.9405,22.3759,0.267
608000000,11,9.631,16.3759,6.33381,0.268
609000000,14,9.59673,17.3345,8.6152,0.2762
610000000,12,7.32291,-6.73257,9.8535,0.296
611000000,13,12.2001,-0.833605,8.98367,0.2955
612000000,7,4.33345,11.1184,5.05452,0.2775
613000000,17,18.8578,16.8989,10.9408,0.2795
614000000,14,11.5338,18.813,14.3524,0.273
615000000,8,8.58027,22.031,7.26539,0.281
616000000,15,13.7413,24.3905,13.9174,0.283
617000000,9,11.1947,16.2986,11.1924,0.276
618000000,14,9.68461,3.8928,15.6138,0.2795
619000000,18,15.5882,-9.80763,23.4345,0.283
620000000,14,12.8421,6.0069,14.8213,0.2775
621000000,11,11.0342,17.5271,8.02081,0.2625
622000000,13,5.56689,41.3018,12.8066,0.261
623000000,8,5.05271,19.5207,13.1161,0.267
624000000,12,9.71571,16.9969,13.193,0.2705
625000000,14,11.6579,43.8252,16.3204,0.258
626000000,9,3.97064,1.6722,14.9433,0.288
627000000,10,7.5176,9.44091,9.81142,0.28
628000000,11,10.9563,26.5763,8.10207,0.255
629000000,17,8.67939,57.7279,23.8784,0.248
630000000,13,8.912,48.7933,9.45659,0.2385
631000000,13,10.6102,39.7653,14.1336,0.254
632000000,13,6.80111,36.8495,20.0541,0.256
633000000,11,6.7083,6.34171,10.1157,0.25
634000000,12,11.7862,-14.8488,17.0075,0.312
635000000,12,7.17646,39.4646,11.0628,0.266
636000000,15,13.0199,14.1294,16.3244,0.276
637000000,9,4.6528,-27.9853,10.3895,0.3335
638000000,10,1.89721,0.992345,13.3244,0.286667
639000000,15,7.25794,31.3248,8.90519,0.2415
640000000,11,7.95112,-26.1505,8.81101,0.321
641000000,13,6.50596,1.60839,9.79055,0.279
642000000,8,3.16512,3.605,5.39193,0.3025
643000000,11,5.76405,7.01508,14.08,0.303
644000000,12,5.67239,8.7672,10.5899,0.2895
645000000,10,6.53527,7.1615,10.7462,0.3005
646000000,16,9.91116,27.7515,22.1037,0.2845
647000000,13,11.6953,15.6348,11.0464,0.266
648000000,15,7.06201,-21.4483,14.1305,0.315
649000000,13,0.985217,46.2292,14.3646,0.2555
650000000,8,8.7286,4.59054,14.023,0.301
651000000,10,9.69756,-5.66126,10.6298,0.278
652000000,12,4.80455,31.7736,9.03726,0.26
653000000,13,6.85618,16.1596,20.0646,0.269
654000000,6,4.5381,-21.9124,6.59162,0.3005
655000000,20,18.2544,27.8129,21.7344,0.262
656000000,15,7.74436,-6.69026,15.6183,0.287
657000000,14,9.10156,9.94751,15.6088,0.275
658000000,16,11.7213,25.4601,14.0687,0.277
659000000,14,9.87223,-24.1102,14.4221,0.301667
660000000,15,5.44315,24.8253,17.9418,0.303333
661000000,16,10.2684,-9.14274,12.475,0.2805
662000000,14,7.671,38.5486,10.3834,0.246
663000000,13,9.46402,6.15905,13.8714,0.2655
664000000,11,7.12056,13.0792,13.5215,0.2685
665000000,18,19.0245,7.8384,21.4531,0.2845
666000000,9,11.3708,10.6269,10.0398,0.269
667000000,14,5.50818,21.4415,18.8535,0.268
668000000,14,9.05651,58.0545,16.2926,0.263
669000000,12,1.31341,8.70988,13.1204,0.2755
670000000,8,3.96328,-6.66666,14.9093,0.264
671000000,17,11.155,20.5465,16.3422,0.27
672000000,11,7.82201,-13.865,7.33643,0.302
673000000,11,7.89848,18.6196,15.6306,0.2735
674000000,12,9.17703,-5.16061,8.86063,0.2835
675000000,10,4.99739,4.63671,14.4136,0.277
676000000,21,20.4497,8.24225,26.2125,0.289
677000000,10,2.18348,-29.8932,18.1134,0.3085
678000000,16,12.9115,62.7773,16.4859,0.2445
679000000,20,11.8885,-36.9821,23.3945,0.289667
680000000,12,6.57482,-3.86151,14.6462,0.2925
681000000,18,15.5231,17.5582,14.4398,0.293
682000000,28,25.334,-9.11867,29.8126,0.292
683000000,14,10.651,16.7128,7.82579,0.2915
684000000,13,12.7306,21.5957,14.0526,0.268
685000000,12,6.97344,25.9649,11.8893,0.267
686000000,12,13.1357,30.5372,13.9765,0.2735
687000000,16,9.42135,8.27585,11.3668,0.271
688000000,8,2.4393,34.0998,10.9569,0.2695
689000000,7,5.43352,-16.717,7.06422,0.2825
690000000,13,6.08224,15.6719,11.7972,0.2785
691000000,14,14.3451,14.202,10.7625,0.2655
692000000,9,6.98036,10.9044,4.17532,0.2895
693000000,10,8.32286,5.97076,8.33055,0.2625
694000000,13,4.88035,47.8484,14.682,0.236
695000000,16,7.50071,38.2247,13.7815,0.2585
696000000,19,17.0374,28.7738,15.7786,0.271
697000000,13,11.1646,23.2666,10.1735,0.2675
698000000,7,6.35573,2.81962,6.41781,0.28
699000000,11,8.99733,32.9833,12.6454,0.262
700000000,12,8.2797,11.9069,9.94518,0.278
701000000,15,11.5997,11.1431,11.5285,0.266
702000000,18,11.994,46.3057,21.4299,0.2505
703000000,12,7.43843,25.1036,12.7918,0.2475
704000000,11,7.41505,14.6019,9.03389,0.255
705000000,10,6.55163,27.6348,13.4132,0.27
706000000,12,6.8361,33.6533,17.9645,0.257
707000000,21,17.4458,3.20121,16.0507,0.295
708000000,11,10.1188,16.0177,10.7939,0.273
709000000,13,13.9893,11.6589,22.0279,0.298
710000000,14,18.1778,-4.66857,15.8139,0.283
711000000,6,3.6859,-8.29319,2.46262,0.2705
712000000,9,-0.496033,8.10596,10.7173,0.2955
713000000,21,14.6039,24.1231,21.8824,0.265
714000000,13,10.3527,43.3286,12.3645,0.2775
715000000,10,9.64576,10.4257,5.42526,0.282
716000000,12,10.0223,17.7832,11.1565,0.261
717000000,10,10.0427,-34.8502,9.92333,0.3235
718000000,12,9.17034,18.9567,15.0474,0.2805
719000000,12,2.53937,10.3163,12.9107,0.2745
720000000,11,10.4249,-1.71751,14.5985,0.3015
721000000,14,10.8823,58.5072,12.7909,0.264
722000000,13,11.9485,22.2453,9.70256,0.2715
723000000,12,2.11689,14.4935,10.5224,0.274
724000000,7,2.92293,16.4139,7.6151,0.274
725000000,8,8.57662,-6.75135,11.1484,0.2995
726000000,10,4.64991,17.8574,8.82945,0.299
727000000,15,3.1354,3.47637,18.0831,0.262
728000000,7,1.97495,2.90887,9.34655,0.2645
729000000,11,2.78452,16.7173,12.8125,0.2665
730000000,12,11.157,6.07018,11.4989,0.285
731000000,10,8.6837,38.9118,8.80226,0.2575
732000000,18,4.37917,33.3089,17.0226,0.275
733000000,13,4.15406,19.6614,11.1107,0.254
734000000,8,3.8434,11.8935,6.8579,0.2765
735000000,13,4.41028,40.7521,10.5618,0.26
736000000,22,16.1071,75.3615,25.8174,0.25
737000000,14,11.5244,14.2938,11.3477,0.276
738000000,11,9.92756,39.8802,15.6047,0.2505
739000000,16,11.9712,41.3312,13.853,0.273333
740000000,11,8.91441,12.8796,12.4793,0.293
741000000,10,7.86408,17.5987,8.02004,0.26
742000000,14,7.16037,40.6964,15.5469,0.2585
743000000,10,9.66906,31.6354,10.5516,0.2515
744000000,17,16.1667,4.39615,21.0319,0.288
745000000,17,14.4127,55.8148,17.0761,0.238
746000000,14,5.25868,36.1482,21.062,0.2395
747000000,12,11.268,13.555,11.1232,0.262
748000000,12,9.8416,26.2075,10.7393,0.255
749000000,15,12.7633,6.65276,20.2152,0.292333
750000000,13,10.0598,-6.73122,18.3345,0.265
751000000,16,12.364,74.439,19.3875,0.21
752000000,12,12.8762,25.6305,10.7446,0.252
753000000,18,12.0022,41.0716,21.4141,0.223
754000000,17,9.26741,28.1582,12.3691,0.2705
755000000,11,4.86659,0.352568,21.6713,0.27
756000000,19,12.8129,49.7491,13.7955,0.268
757000000,14,7.82644,28.7413,12.6288,0.2565
758000000,16,15.4181,22.8831,17.178,0.267
759000000,12,9.44433,26.7832,13.3395,0.268
760000000,17,4.21984,51.9083,17.0138,0.2375
761000000,13,9.59,52.0786,18.2092,0.262
762000000,16,9.54391,36.3816,17.918,0.2615
763000000,15,7.33351,4.37217,13.8432,0.2765
764000000,16,19.7756,23.3604,12.4924,0.2745
765000000,13,4.93866,42.2096,14.1037,0.25
766000000,12,9.94,-4.38948,12.1944,0.293
767000000,19,16.9907,67.164,26.7407,0.264
768000000,11,3.84225,11.0081,8.50644,0.278
769000000,9,5.88551,-15.8906,7.17803,0.27
770000000,7,2.55073,-1.16872,19.8444,0.279
771000000,12,7.40505,41.5369,7.24972,0.257
772000000,12,11.565,-6.34161,8.54381,0.284
773000000,19,13.5462,6.82372,20.3433,0.269
774000000,11,3.30209,32.445,17.2151,0.273
775000000,10,9.17208,4.41265,9.59777,0.2885
776000000,9,9.08308,17.193,6.71352,0.282333
777000000,11,9.50105,-1.99852,11.008,0.264
778000000,18,11.3009,35.1809,17.9229,0.2665
779000000,13,14.6549,11.052,17.6929,0.2855
780000000,13,11.5399,18.1868,14.2071,0.2635
781000000,10,7.43427,26.0095,9.31051,0.2665
782000000,18,15.4214,57.2915,13.6812,0.238
783000000,14,9.96196,39.2484,13.551,0.246
784000000,15,16.0718,0.687192,22.576,0.2645
785000000,12,10.1821,18.4137,9.96465,0.254
786000000,14,-0.826507,62.7127,17.5383,0.243
787000000,10,7.44801,23.9356,7.27327,0.262
788000000,13,9.18784,37.9616,8.84246,0.271
789000000,16,16.3877,20.5676,16.1952,0.2755
790000000,8,5.80245,20.2938,12.0674,0.276
791000000,10,4.14231,35.5949,10.6244,0.231
792000000,12,7.59823,60.1084,12.5542,0.251
793000000,13,7.81132,-8.37533,16.0548,0.2585
794000000,13,11.078,34.195,14.0903,0.2665
795000000,10,9.57955,-12.7842,10.4126,0.271
796000000,19,18.8296,42.3022,21.7745,0.271
797000000,10,-2.03647,4.44091,7.32273,0.2705
798000000,17,17.0202,49.1575,21.705,0.2515
799000000,19,9.99009,61.2492,25.3703,0.256
800000000,10,8.61156,5.84861,11.9912,0.289
801000000,10,4.38666,-27.8221,10.7891,0.29
802000000,11,11.1285,-5.28343,15.8503,0.279
803000000,14,17.2203,28.1713,18.562,0.265
804000000,16,10.6486,23.8584,10.2065,0.278
805000000,11,8.12356,30.1096,16.0436,0.272
806000000,15,6.60218,-10.0029,16.552,0.2815
807000000,18,13.3333,14.6363,17.6542,0.27
808000000,11,9.67203,14.5764,11.6402,0.28
809000000,9,7.67788,13.3737,17.7014,0.2525
810000000,14,12.5577,21.2891,16.6051,0.276
811000000,12,4.98802,11.6798,12.9373,0.282667
812000000,17,15.6921,19.7922,18.5092,0.2605
813000000,13,10.957,32.0613,9.69757,0.262
814000000,20,21.4095,50.5062,23.5316,0.2395
815000000,10,7.39758,28.969,11.1058,0.26
816000000,14,6.71715,29.8456,10.8313,0.244
817000000,10,11.3183,39.306,8.33217,0.252
818000000,9,5.17043,23,13.0549,0.286
819000000,15,14.2995,51.5772,9.71912,0.2605
820000000,19,3.16143,7.68227,23.0821,0.24
821000000,12,-1.87736,43.3153,10.5456,0.2645
822000000,11,9.46169,4.00451,14.4233,0.283
823000000,13,12.3126,-7.6149,18.9445,0.2945
824000000,15,15.9958,52.6274,10.9156,0.229
825000000,13,11.811,34.2132,13.1789,0.2695
826000000,9,8.35561,21.8122,13.2727,0.278
827000000,11,6.41822,29.1898,6.20696,0.2745
828000000,11,3.74007,1.32526,5.48949,0.2805
829000000,14,9.49081,18.7046,12.3653,0.257
830000000,18,15.2742,29.0386,20.4828,0.2475
831000000,12,10.7201,46.9776,7.05183,0.2515
832000000,15,9.22996,7.28923,12.9589,0.278
833000000,16,3.27061,55.9027,10.4314,0.265
834000000,15,9.44212,28.868,12.8753,0.2535
835000000,16,16.1788,33.1202,15.2797,0.255
836000000,12,3.65403,37.5721,14.9592,0.254
837000000,15,15.3853,22.7605,17.9866,0.263
838000000,15,9.46034,11.7076,12.1509,0.2705
839000000,18,13.0159,21.1498,14.6857,0.2865
840000000,14,10.8937,17.4302,16.8579,0.239
841000000,17,15.3962,8.17159,18.7579,0.2625
842000000,16,8.31814,2.02724,21.3672,0.2625
843000000,17,15.2182,28.3294,17.4941,0.2505
844000000,12,10.428,51.0691,9.88427,0.237
845000000,11,11.7617,39.3039,8.70332,0.2595
846000000,22,21.1623,16.4754,31.046,0.2705
847000000,16,12.4568,14.7403,12.8407,0.2805
848000000,17,6.8711,15.4157,19.2964,0.2445
849000000,17,2.48537,52.5235,14.6695,0.261
850000000,25,25.3298,32.1384,27.2554,0.259
851000000,13,11.6492,41.0713,29.9679,0.262
852000000,17,13.3708,22.3122,15.3624,0.2455
853000000,17,14.9611,60.129,17.4352,0.2695
854000000,15,9.56577,27.7633,16.7791,0.2605
855000000,16,4.44393,43.3861,13.1537,0.243
856000000,15,10.9072,-1.32116,13.1892,0.268333
857000000,19,16.4209,58.957,18.7444,0.2495
858000000,16,6.85147,11.6465,15.1559,0.268
859000000,15,10.5861,15.1177,15.3717,0.262
860000000,19,14.5247,-5.71036,15.3414,0.2915
861000000,26,17.9935,44.5669,28.756,0.274
862000000,8,4.44676,-4.10363,5.92811,0.2805
863000000,15,6.13044,53.0996,17.0637,0.256
864000000,9,1.80758,21.0583,8.12716,0.267
865000000,20,14.7656,11.6454,25.9929,0.272
866000000,12,10.2467,34.7031,16.668,0.27
867000000,15,17.8993,40.106,11.1233,0.246
868000000,8,2.10375,41.5127,4.46224,0.253
869000000,8,7.0266,2.56322,10.5333,0.2785
870000000,9,5.67639,-17.4753,9.63992,0.2935
871000000,15,14.0501,26.4916,12.7487,0.254
872000000,21,22.254,29.0249,15.4212,0.2975
873000000,17,7.2898,53.8289,17.1224,0.226
874000000,13,5.15081,48.8438,11.8871,0.246
875000000,10,8.51206,26.7277,12.0041,0.2585
876000000,9,2.43219,40.8677,10.1719,0.2625
877000000,18,13.9341,-2.59519,22.6173,0.2915
878000000,11,4.46652,15.4102,13.8313,0.264
879000000,22,23.4817,58.6886,24.9926,0.256
880000000,12,9.52121,30.3867,13.5863,0.2715
881000000,20,19.8379,50.949,12.6609,0.258
882000000,14,10.7878,46.6289,13.2399,0.243
883000000,17,3.31557,41.8878,16.7435,0.247
884000000,13,11.0272,66.425,17.4508,0.247
885000000,17,17.8895,9.69246,19.3596,0.290333
886000000,15,12.5654,62.0432,13.6567,0.258
887000000,14,8.28195,48.409,16.7944,0.237
888000000,12,0.499171,23.249,11.3087,0.25
889000000,10,2.62343,46.5254,14.433,0.225
890000000,14,5.51544,20.7328,13.8664,0.282
891000000,11,10.6522,32.2997,11.7947,0.2665
892000000,23,18.6659,43.0983,28.6233,0.2715
893000000,11,8.76726,32.6858,8.95424,0.2605
894000000,10,4.69061,46.6019,8.94167,0.249
895000000,18,11.6636,36.5027,14.8472,0.2615
896000000,11,11.5095,-2.10987,8.56624,0.287
897000000,14,5.31177,23.0952,18.5035,0.2775
898000000,11,11.1586,33.7481,12.0266,0.2615
899000000,10,7.89527,42.3862,10.5876,0.245
900000000,14,12.6966,44.3211,10.4815,0.257
901000000,20,16.57,13.9868,17.4725,0.2755
902000000,8,3.80091,-1.59833,8.62577,0.281
903000000,16,15.2815,31.3344,13.9843,0.2695
904000000,20,16.8188,41.7866,19.5372,0.2525
905000000,18,14.1541,25.6936,31.7068,0.2625
906000000,16,17.1248,41.4228,14.1646,0.2595
907000000,16,13.619,29.1051,13.8789,0.267
908000000,14,10.411,31.1152,12.6923,0.2915
909000000,14,10.1308,8.72438,18.6765,0.2735
910000000,15,1.48536,46.072,16.6264,0.2415
911000000,15,14.618,44.8035,13.9754,0.2655
912000000,13,11.517,24.578,15.1289,0.29675
913000000,14,8.71356,41.9198,12.2124,0.2515
914000000,9,7.9857,-6.00751,8.49262,0.302
915000000,16,7.56442,9.09843,25.0871,0.275
916000000,13,4.34929,0.990138,15.4669,0.2865
917000000,12,6.12426,29.6411,23.1115,0.2595
918000000,11,8.04988,15.7923,12.0877,0.2645
919000000,13,2.76849,46.0281,11.3723,0.233
920000000,13,8.7106,17.4146,8.28392,0.2855
921000000,13,8.63356,-1.94286,8.2873,0.2985
922000000,11,7.0839,-0.0118375,15.7047,0.289
923000000,12,5.69515,23.0793,22.421,0.298
924000000,17,12.0095,-13.9907,18.411,0.3005
925000000,17,19.3062,2.60541,15.4001,0.29
926000000,7,1.58708,-4.78952,10.6004,0.279
927000000,7,3.43517,-51.9469,8.23,0.301
928000000,11,2.0026,39.5886,11.8174,0.261
929000000,14,10.6416,17.5996,16.9892,0.2625
930000000,12,11.439,19.7669,10.252,0.264
931000000,9,3.4332,-3.33999,9.88624,0.295667
932000000,18,9.56525,43.6695,19.2404,0.263
933000000,12,6.4744,6.14498,6.09042,0.297
934000000,9,5.91626,51.7083,10.8132,0.259
935000000,11,9.15247,28.4492,8.45762,0.2565
936000000,10,4.01097,-3.34396,11.5146,0.2705
937000000,13,-0.196376,13.5626,15.076,0.292
938000000,13,7.77603,13.1015,9.10962,0.265
939000000,14,12.7794,27.3383,12.5036,0.263
940000000,8,5.64195,-19.6727,8.00822,0.3055
941000000,12,7.00944,20.3114,11.965,0.289
942000000,12,10.8292,16.2188,7.90695,0.272
943000000,14,11.4214,2.88847,12.7314,0.2915
944000000,9,4.44887,-14.0056,5.89526,0.3045
945000000,11,4.90839,-8.68345,12.6204,0.267
946000000,15,9.6987,6.0927,16.6879,0.312
947000000,12,2.43042,-11.2693,12.6412,0.2925
948000000,11,5.51284,23.5389,9.2612,0.2735
949000000,10,5.81396,41.2632,9.67068,0.2595
950000000,11,-3.60674,-28.0947,8.93219,0.288333
951000000,11,7.57443,15.7748,13.2427,0.258
952000000,16,6.9705,-7.22927,12.7244,0.27
953000000,14,6.8875,42.818,13.6134,0.2555
954000000,15,7.56819,39.2106,18.5685,0.286
955000000,14,4.9279,-0.697453,14.9231,0.308
956000000,14,12.9811,10.9885,13.8418,0.2645
957000000,11,6.9702,16.5937,15.5803,0.272
958000000,12,13.6067,19.7847,11.8659,0.273
959000000,9,0.32741,-8.01442,15.7209,0.2755
960000000,22,7.81106,15.4245,21.2897,0.269
961000000,7,5.69647,-20.1293,4.277,0.299333
962000000,11,6.34348,30.7243,13.8231,0.25
963000000,6,0.817883,9.03549,7.34471,0.296
964000000,7,5.49713,1.37893,4.12501,0.2845
965000000,15,6.72736,25.9241,21.895,0.261
966000000,11,10.3556,1.3673,8.19374,0.2845
967000000,17,11.5506,53.4686,17.7353,0.244
968000000,13,8.12487,-25.1911,12.2815,0.26425
969000000,15,13.4749,28.0161,10.2224,0.282
970000000,20,15.9909,47.2864,28.6307,0.2685
971000000,6,6.39557,-2.3565,3.24763,0.2795
972000000,6,4.95993,-35.1338,10.3227,0.299
973000000,8,8.04774,15.1323,7.68285,0.298
974000000,12,4.38405,28.8768,11.2261,0.257
975000000,8,6.28031,24.5257,7.9513,0.273
976000000,6,-0.744071,22.0913,7.9225,0.279
977000000,15,6.99466,33.4652,25.5004,0.2655
978000000,16,9.69047,3.37109,14.1951,0.307
979000000,22,18.2379,51.6193,21.6255,0.265
980000000,10,4.87186,39.1171,10.0657,0.249
981000000,13,13.2757,24.1201,19.0318,0.2645
982000000,12,13.2393,22.0916,6.93145,0.252
983000000,14,8.28709,-4.03808,15.2945,0.2625
984000000,10,4.39919,34.4104,6.88519,0.2755
985000000,10,10.5078,16.3503,7.46111,0.2725
986000000,12,8.68308,13.7208,15.3071,0.2675
987000000,18,13.6384,40.0241,16.7267,0.2625
988000000,16,13.6497,33.8127,16.092,0.283
989000000,19,22.3421,41.7454,15.9034,0.2415
990000000,13,4.96755,53.2107,17.2457,0.252
991000000,17,10.247,29.7387,23.6878,0.2725
992000000,11,0.602882,12.201,12.3635,0.253
993000000,18,15.4702,40.6906,18.6741,0.2585
994000000,13,12.144,72.3683,16.9325,0.264
995000000,15,19.9173,22.6416,19.7907,0.2615
996000000,15,1.5506,56.9761,28.1239,0.2525
997000000,13,14.8033,0.0531866,13.5298,0.279
998000000,16,14.7919,41.2123,13.8432,0.246
999000000,12,2.20414,30.5144,10.3097,0.281
