generation,N_shifts,logPrior,logLik,eventRate,acceptRate
0,0,-7.35608,-851.056,200,0
1000000,30,177.666,12.1378,26.5101,0.2585
2000000,34,190.313,17.7622,44.0983,0.245
3000000,44,269.395,21.0231,42.3783,0.2552
4000000,31,185.871,75.4356,28.67,0.217
5000000,23,126.551,33.4399,28.2666,0.2175
6000000,32,189.904,80.3151,31.1002,0.214
7000000,52,309.887,29.7224,49.1714,0.254
8000000,26,148.953,51.336,32.2158,0.2372
9000000,42,256.17,15.0856,54.8292,0.242
10000000,51,301.148,53.1888,43.8483,0.209
11000000,42,258.77,-2.94714,39.3944,0.257
12000000,57,345.64,42.8736,47.8453,0.247
13000000,43,256.266,12.8172,46.5196,0.259
14000000,38,222.241,30.1853,50.5223,0.2415
15000000,27,161.405,-9.55509,31.8542,0.261
16000000,46,293.606,34.8716,40.2838,0.262
17000000,51,300.462,-1.65401,66.349,0.243
18000000,38,220.877,23.2235,39.2398,0.243
19000000,38,221.483,-9.54261,39.8155,0.283
20000000,33,189.187,52.9711,34.5954,0.2145
21000000,61,370.309,50.7243,79.5653,0.267
22000000,40,237.549,44.6459,47.3597,0.238
23000000,47,276.17,27.7234,46.5335,0.286
24000000,29,177.645,-9.46169,34.1668,0.278
25000000,59,355.98,67.1879,67.8104,0.2325
26000000,76,452.36,59.2567,76.7125,0.226
27000000,43,259.579,34.0227,49.6899,0.242
28000000,29,171.031,47.3661,19.4312,0.2505
29000000,24,145.915,-2.56898,26.3792,0.2586
30000000,47,287.556,-11.2051,57.0775,0.262
31000000,52,305.683,43.8107,55.1108,0.2245
32000000,70,438.252,75.8912,75.2907,0.241
33000000,45,276.271,23.919,45.8842,0.244333
34000000,42,249.709,38.975,32.1326,0.221
35000000,24,141.755,20.7449,19.1663,0.2465
36000000,24,144.91,5.5456,21.6682,0.2535
37000000,35,217.269,7.50393,42.7225,0.251333
38000000,44,254.376,18.5661,51.363,0.245333
39000000,48,274.948,14.3631,54.5824,0.259
40000000,52,319.036,24.4551,40.5713,0.243
41000000,67,396.614,83.2088,67.9867,0.219
42000000,45,277.5,24.0921,40.735,0.2655
43000000,64,378.363,29.6132,77.9355,0.25
44000000,41,246.169,10.966,47.6211,0.274
45000000,53,321.4,33.4338,61.3279,0.226
46000000,39,231.491,20.9174,50.0494,0.227
47000000,41,235.814,35.6521,47.4448,0.256
48000000,27,161.584,-32.2977,21.2828,0.285
49000000,46,275.527,39.4154,48.3532,0.2345
50000000,27,156.889,9.36585,34.6588,0.25
51000000,33,200.773,27.7956,27.1362,0.238
52000000,23,129.93,14.9013,31.678,0.251
53000000,34,199.219,24.8355,37.4618,0.257
54000000,62,375.772,73.6023,55.6306,0.211
55000000,54,319.075,3.22946,55.0212,0.262333
56000000,52,309.568,20.75,46.9697,0.241
57000000,39,229.463,20.605,39.976,0.2475
58000000,22,131.366,52.4146,19.0789,0.23925
59000000,47,287.453,33.4873,53.6572,0.242
60000000,21,119.175,1.09128,21.8368,0.2605
61000000,45,281.095,42.6059,48.2004,0.243
62000000,66,408.966,19.994,57.2948,0.2575
63000000,42,260.822,13.1825,39.9913,0.244
64000000,59,359.596,43.423,56.2389,0.251
65000000,22,130.178,23.0009,20.9731,0.2635
66000000,33,208.804,68.3249,34.9033,0.2165
67000000,56,326.964,28.5536,67.2034,0.258
68000000,53,330.867,21.0392,61.6986,0.284
69000000,35,204.455,49.0615,39.417,0.231
70000000,56,336.409,40.6985,43.8857,0.258
71000000,47,282.938,9.78811,51.7824,0.279
72000000,22,128.544,5.48895,17.4518,0.2555
73000000,37,221.78,35.8941,47.4787,0.247941
74000000,43,253.038,47.9343,47.4542,0.218
75000000,56,337.366,-1.81167,71.19,0.282667
76000000,33,187.55,68.9434,35.6083,0.2335
77000000,51,294.532,41.4631,49.1273,0.2195
78000000,37,223.259,35.2904,45.019,0.258
79000000,51,320.176,56.5937,52.5256,0.254
80000000,55,333.36,34.731,54.223,0.2625
81000000,59,369.14,46.5434,68.7467,0.248
82000000,47,293.705,48.5756,56.146,0.2425
83000000,72,424.239,80.6972,81.8422,0.208
84000000,64,391.221,-12.8075,66.4158,0.266
85000000,28,164.49,31.2402,32.1989,0.2425
86000000,31,186.055,65.5405,24.1942,0.246
87000000,65,387.314,6.94301,61.7226,0.252
88000000,40,228.96,55.5572,39.6743,0.25
89000000,70,417.737,42.3779,55.5552,0.262
90000000,39,232.304,44.4201,43.9501,0.233
91000000,84,495.724,28.3187,68.2351,0.246
92000000,47,281.833,54.5141,49.5086,0.22
93000000,36,211.474,13.1118,38.7987,0.2595
94000000,41,230.928,10.1683,43.7656,0.275
95000000,57,332.184,3.42636,55.9864,0.2615
96000000,42,243.922,67.5183,27.4299,0.2385
97000000,23,134.916,19.4579,16.0661,0.268
98000000,44,264.668,41.4852,48.4047,0.242
99000000,44,267.131,29.9792,36.161,0.243143
100000000,33,192.571,5.56972,34.6641,0.242889
101000000,49,278.205,26.2441,38.8997,0.2455
102000000,42,247.452,7.39685,46.334,0.259
103000000,34,200.27,25.6233,32.8508,0.2345
104000000,43,249.899,24.9133,51.0743,0.235
105000000,42,251.721,42.6304,39.7681,0.233
106000000,62,366.87,32.7032,61.3944,0.254
107000000,24,143.011,25.221,22.668,0.238667
108000000,41,243.89,32.9655,32.2151,0.2505
109000000,48,278.735,12.8342,44.2378,0.266
110000000,48,281.89,45.6283,57.2561,0.256
111000000,47,285.974,24.4051,46.4078,0.24
112000000,48,288.539,35.0698,44.4827,0.259
113000000,44,257.352,19.2561,44.1077,0.251
114000000,51,299.389,26.7844,45.7888,0.257
115000000,20,124.223,31.8244,17.2296,0.248333
116000000,45,266.038,28.4197,44.6726,0.2525
117000000,52,310.374,37.8887,58.6151,0.252
118000000,51,294.479,58.5576,36.9654,0.224
119000000,36,225.355,35.3442,36.7162,0.245
120000000,29,174.765,57.3004,40.7144,0.2294
121000000,63,375.893,35.2407,77.0485,0.2495
122000000,29,181.966,22.997,30.2975,0.234
123000000,47,269.443,37.1395,38.1671,0.23
124000000,37,218.872,23.6634,29.4184,0.245
125000000,40,251.044,20.6934,36.3481,0.268
126000000,60,359.484,44.8501,57.1705,0.217667
127000000,34,200.493,49.0298,47.3807,0.2545
128000000,65,383.771,-16.6722,56.6435,0.26
129000000,53,323.91,4.40623,62.0918,0.2465
130000000,40,240.49,-8.29426,44.5466,0.2735
131000000,47,278.291,28.9545,33.3842,0.224
132000000,48,286.032,-23.1812,43.7497,0.249
133000000,35,215.31,32.1504,35.7566,0.252333
134000000,46,271.421,48.9749,49.8072,0.2435
135000000,55,326.269,48.1166,56.5673,0.23
136000000,18,102.144,-4.63775,28.1767,0.247667
137000000,41,233.973,31.2587,46.1057,0.262
138000000,56,345.33,29.2947,53.7786,0.264
139000000,33,186.882,43.7998,36.6269,0.251
140000000,72,424.584,40.8572,69.5634,0.241
141000000,28,177.554,19.1836,27.3493,0.266
142000000,89,523.718,27.6103,92.0864,0.25
143000000,50,310.108,25.2782,45.741,0.25
144000000,43,258.358,37.6122,54.9574,0.262
145000000,57,325.842,34.5486,52.0295,0.26
146000000,76,461.924,38.647,77.3971,0.248
147000000,42,245.044,14.1229,31.9973,0.2525
148000000,54,314.166,21.298,59.4997,0.272
149000000,59,359.854,26.989,62.2473,0.24
150000000,57,343.459,31.5485,60.749,0.2595
151000000,44,271.251,72.0009,36.4214,0.233
152000000,40,217.29,-12.2236,58.0398,0.244
153000000,31,187.169,57.0146,34.0469,0.238
154000000,39,235.049,48.2051,45.259,0.231
155000000,37,216.488,27.6842,32.3626,0.2445
156000000,22,132.839,42.6899,19.8905,0.245
157000000,90,565.987,-0.341879,87.7546,0.2595
158000000,45,281.647,21.4618,60.8754,0.266
159000000,51,302.62,16.8642,57.1756,0.249
160000000,39,221.715,9.51142,43.2436,0.2595
161000000,45,266.233,83.3123,48.1823,0.226
162000000,41,241.951,34.0435,42.2978,0.233667
163000000,71,420.828,13.8068,69.7966,0.243
164000000,27,168.116,2.09575,17.8309,0.268
165000000,31,187.732,-5.12904,31.8234,0.262
166000000,17,103.639,3.84897,18.9371,0.245571
167000000,25,147.583,15.8328,31.9014,0.2555
168000000,40,244.174,28.9896,46.02,0.259
169000000,46,277.148,34.0187,54.6472,0.2435
170000000,33,196.67,-0.849923,41.1032,0.2615
171000000,33,188.817,31.5021,31.687,0.207
172000000,32,186.279,35.8276,42.3087,0.2335
173000000,61,368.603,36.6318,66.1652,0.232
174000000,29,175.164,17.4236,25.39,0.26
175000000,48,279.844,-9.98704,55.0922,0.247
176000000,38,230.677,19.1068,40.9221,0.2505
177000000,73,427.622,52.7424,76.6923,0.237
178000000,53,320.973,26.9308,72.3275,0.2395
179000000,40,243.41,65.4634,43.3527,0.239
180000000,26,166.296,18.4077,22.2004,0.2345
181000000,50,294.175,-6.62685,42.2375,0.277
182000000,61,373.86,57.3377,57.7587,0.267
183000000,47,281.056,47.8463,56.6471,0.247
184000000,47,283.43,4.47228,45.2077,0.253
185000000,64,380.493,23.7753,76.189,0.253
186000000,59,345.4,90.923,48.4848,0.204
187000000,56,333.163,32.8092,51.2037,0.257
188000000,35,211.523,3.22325,25.6177,0.2755
189000000,60,365.961,56.7498,59.5688,0.234
190000000,38,222.672,11.6712,49.4423,0.2475
191000000,53,312.17,63.5293,48.8673,0.252
192000000,46,271.092,0.265228,44.576,0.257
193000000,81,488.208,22.2571,81.9475,0.242
194000000,24,135.391,-2.56037,29.8018,0.248273
195000000,65,390.115,42.0414,65.3007,0.258
196000000,90,531.907,39.9972,92.1767,0.267
197000000,38,216.493,6.98617,34.8825,0.247
198000000,41,241.121,18.9124,46.614,0.273
199000000,22,136.419,28.6735,25.9504,0.228
200000000,42,241.637,31.0576,39.0754,0.25
201000000,47,294.191,19.4738,36.8245,0.264
202000000,47,267.357,4.2394,38.9034,0.251
203000000,27,159.77,2.0216,38.2371,0.2465
204000000,49,273.869,62.1523,44.6461,0.228
205000000,29,170.434,24.1837,27.6478,0.235
206000000,46,278.251,48.841,50.9275,0.226
207000000,39,218.394,37.5316,50.0959,0.2575
208000000,30,175.499,24.2233,20.5349,0.2405
209000000,38,230.612,-4.52121,45.1429,0.261
210000000,76,461.47,24.1052,90.2665,0.259
211000000,43,243.943,-9.34333,58.6439,0.256
212000000,85,504.323,57.8867,96.2692,0.209
213000000,22,125.277,17.5479,33.8312,0.236
214000000,68,395.619,30.5011,67.4817,0.232
215000000,18,109.48,62.0149,16.1344,0.228667
216000000,104,612.602,16.896,109.003,0.266
217000000,59,337.323,59.6309,63.6454,0.217
218000000,33,198.027,20.3642,34.3057,0.224
219000000,39,228.616,43.0249,34.0872,0.231
220000000,15,90.3009,-33.7539,15.7528,0.267
221000000,33,197.7,40.7227,27.594,0.2365
222000000,74,446.426,14.1282,64.1159,0.259
223000000,48,288.185,41.9455,38.077,0.2485
224000000,28,175.004,14.3007,33.0936,0.241
225000000,26,149.228,21.2127,18.186,0.2405
226000000,70,422.058,66.8355,62.6097,0.242
227000000,23,142.279,14.5358,20.7466,0.2405
228000000,44,268.006,-9.85101,48.3265,0.264
229000000,30,177.946,31.732,32.4393,0.2495
230000000,50,287,20.4043,59.0955,0.2545
231000000,45,272.429,14.9249,48.1437,0.279
232000000,22,126.788,-12.0221,11.015,0.2495
233000000,26,158.92,53.4011,22.8047,0.2385
234000000,27,153.397,32.8197,24.3556,0.2365
235000000,56,320.986,79.2717,51.8335,0.213
236000000,24,142.875,5.74873,33.8047,0.2565
237000000,46,294.351,27.6409,43.921,0.2675
238000000,26,138.29,-3.99664,21.0021,0.262667
239000000,36,205.069,21.6004,38.5809,0.232
240000000,20,113.64,19.3127,20.8347,0.253833
241000000,16,92.9735,-2.60228,17.2199,0.2585
242000000,28,165.025,21.6135,31.2874,0.2475
243000000,34,198.885,25.8885,31.2717,0.226
244000000,50,304.681,10.9049,51.7528,0.258
245000000,124,752.099,-4.8683,131.017,0.26
246000000,19,115.309,20.0139,25.4795,0.2327
247000000,57,339.287,20.2075,68.8984,0.259
248000000,58,351.638,38.9087,52.3903,0.237
249000000,42,251.52,41.7454,45.119,0.239
250000000,48,294.235,65.9855,42.9142,0.241
251000000,28,176.126,26.7557,26.6445,0.247
252000000,57,326.823,22.2815,57.7185,0.253
253000000,32,198.35,6.07195,23.9343,0.248
254000000,27,160.506,-11.279,26.6539,0.2445
255000000,76,457.376,85.4654,74.6918,0.221
256000000,36,213.154,17.3295,43.0064,0.257
257000000,31,184.005,21.8569,31.1829,0.2445
258000000,77,471.004,30.0855,55.0768,0.268
259000000,41,251.8,32.7069,42.4624,0.23
260000000,27,161.925,-12.3313,23.4593,0.2595
261000000,73,436.965,52.8525,66.2368,0.239
262000000,45,276.214,27.9808,39.5729,0.254
263000000,54,322.946,-3.88567,59.6172,0.233
264000000,61,355.226,16.5597,63.1423,0.248
265000000,42,248.935,29.0455,42.0185,0.243
266000000,46,266.137,6.89414,48.5195,0.243
267000000,52,310.723,52.1235,58.2084,0.2505
268000000,50,286.417,41.3351,66.3343,0.236
269000000,53,330.444,28.3564,52.0949,0.242
270000000,66,395.74,49.8295,58.3424,0.234
271000000,57,343.685,46.1216,71.8805,0.242667
272000000,37,224.407,43.1703,47.1758,0.2385
273000000,53,323.4,74.9319,58.719,0.229
274000000,27,147.168,19.5891,28.7449,0.246
275000000,77,449.473,41.2388,83.6188,0.2215
276000000,66,393.528,11.404,70.0346,0.246
277000000,38,222.155,25.2978,50.8983,0.2385
278000000,38,217.162,19.1396,34.3139,0.249
279000000,33,202.46,-39.6516,32.7214,0.277125
280000000,65,377.356,71.4131,69.2578,0.224
281000000,60,344.015,44.3998,62.3092,0.255
282000000,49,303.272,35.3895,50.9811,0.2485
283000000,27,170.86,-6.94354,30.4381,0.277
284000000,26,148.671,11.1948,21.2064,0.229
285000000,28,169.153,1.42069,28.7258,0.250222
286000000,43,277.022,15.9402,41.6828,0.251
287000000,47,295.945,45.0687,55.2158,0.248
288000000,37,218.064,28.0445,37.7489,0.2495
289000000,46,267.885,26.6873,55.5769,0.237
290000000,39,241.702,37.4111,52.3111,0.2485
291000000,49,295.262,26.5902,54.0845,0.261
292000000,48,294.899,51.779,48.9308,0.246
293000000,56,340.113,58.5068,57.3243,0.2265
294000000,42,246.315,57.1053,49.1904,0.23475
295000000,53,319.946,32.6753,50.4756,0.247
296000000,67,397.527,-5.26468,67.8909,0.261
297000000,56,329.002,31.9033,54.743,0.219
298000000,33,206.677,4.51752,38.061,0.239
299000000,41,224.484,-2.71317,39.981,0.241667
300000000,45,274.011,53.9968,51.8945,0.2505
301000000,40,243.523,41.674,33.5183,0.214
302000000,55,339.77,56.1198,51.2845,0.26
303000000,50,288.512,51.3369,42.6276,0.238
304000000,53,307.187,4.34959,43.0008,0.246
305000000,61,366.155,44.2584,59.9322,0.239
306000000,29,176.747,29.7471,31.1304,0.2335
307000000,46,271.558,69.7423,63.3216,0.234
308000000,40,248.314,-8.62821,50.0194,0.251
309000000,36,205.257,58.8949,34.3881,0.202
310000000,60,343.611,38.7666,60.0298,0.267
311000000,46,294.138,18.8654,51.1396,0.258
312000000,58,341.813,70.5761,55.9508,0.232
313000000,65,385.376,12.1754,62.7887,0.270333
314000000,82,504.101,60.6964,74.1677,0.246
315000000,35,199.197,-3.95229,37.9667,0.268
316000000,44,271.118,24.508,33.6649,0.2645
317000000,32,192.911,35.0437,31.6729,0.2385
318000000,40,230.629,-4.05771,27.3121,0.258
319000000,45,273.5,72.5544,57.8544,0.238
320000000,56,331.374,25.5004,43.1836,0.2495
321000000,42,253.826,21.7519,45.4235,0.258
322000000,32,193.733,20.912,27.2538,0.257
323000000,57,353.458,27.6049,57.6714,0.269
324000000,47,279.403,12.0159,66.8812,0.2405
325000000,53,321.308,9.82649,47.937,0.255
326000000,24,134.386,-7.81631,23.3778,0.263
327000000,32,188.67,28.98,43.8789,0.234
328000000,31,187.642,11.5587,32.0516,0.24
329000000,15,100.078,5.10034,12.3068,0.256
330000000,32,195.176,38.0779,29.171,0.222
331000000,38,224.958,47.6555,44.4428,0.232
332000000,37,227.914,37.9344,37.4823,0.256
333000000,54,330.858,62.5,58.1262,0.233
334000000,47,300.511,15.976,40.2919,0.24
335000000,35,214.635,9.35974,43.3245,0.2475
336000000,40,231.247,55.2052,40.5365,0.225
337000000,94,555.189,62.7149,109.944,0.244
338000000,44,256.357,32.6601,42.6327,0.216
339000000,43,258.12,14.6942,39.1965,0.25
340000000,32,181.08,19.8035,31.0001,0.249
341000000,41,253.373,3.63734,43.5124,0.241
342000000,53,327.896,2.41067,53.0679,0.257
343000000,42,242.603,22.1031,44.9201,0.261
344000000,51,303.917,-0.544043,42.0804,0.286
345000000,50,315.689,22.7492,60.125,0.248
346000000,36,205.57,31.255,31.0801,0.242
347000000,45,257.995,15.8114,40.7493,0.238
348000000,69,424.782,51.8905,65.7425,0.2445
349000000,54,327.604,27.9234,59.1614,0.265
350000000,11,62.3609,6.61864,14.3081,0.24675
351000000,25,158.014,14.4851,17.8291,0.268
352000000,24,143.752,-20.5408,25.2297,0.2615
353000000,43,261.025,68.7303,40.5622,0.208
354000000,48,298.53,31.4131,53.2109,0.252
355000000,30,180.837,-3.71154,21.1789,0.2325
356000000,43,266.515,-13.5002,45.9759,0.249667
357000000,37,217.888,54.9886,38.7311,0.2275
358000000,70,433.305,-1.18326,67.9633,0.282
359000000,44,263.726,25.4161,64.4805,0.25
360000000,37,230.032,24.5185,52.4309,0.251
361000000,48,283.274,24.8074,41.6994,0.257
362000000,28,171.634,-1.52967,24.6357,0.26
363000000,14,84.4281,27.6281,10.1233,0.24
364000000,28,174.725,10.4464,21.9881,0.251
365000000,38,236.55,20.7861,33.1802,0.235
366000000,36,211.684,34.144,36.9988,0.237
367000000,65,383.957,-6.10783,65.6229,0.25525
368000000,37,218.894,-27.697,34.2787,0.254
369000000,37,221.707,34.6488,37.0785,0.246
370000000,22,132.666,-34.5507,19.6058,0.261
371000000,52,313.625,36.3326,49.9128,0.257
372000000,45,266.715,26.68,31.5917,0.233667
373000000,66,391.839,19.7071,64.8644,0.251
374000000,28,165.011,-9.88104,34.4884,0.2615
375000000,62,358.023,22.2549,60.423,0.253
376000000,38,228.39,14.2793,41.9739,0.252
377000000,41,245.784,36.1236,48.3276,0.272
378000000,36,224.529,25.777,38.8173,0.2595
379000000,55,331.218,43.6789,52.725,0.251
380000000,54,315.461,35.1282,60.591,0.2465
381000000,29,180.848,28.2073,24.2627,0.25
382000000,39,228.746,7.07987,38.7202,0.246
383000000,55,329.742,40.9499,62.1702,0.238
384000000,44,267.937,39.5013,42.2453,0.2405
385000000,57,343.734,7.66624,67.0951,0.261
386000000,59,352.553,35.3043,59.8337,0.293
387000000,22,132.712,11.9293,16.0012,0.2435
388000000,59,361.095,28.8554,48.6556,0.242
389000000,24,137.273,6.34816,24.4058,0.258
390000000,32,180.679,2.00742,31.7409,0.2485
391000000,73,441.313,13.081,77.587,0.2425
392000000,33,194.267,36.3372,29.9408,0.253
393000000,25,149.7,35.3852,28.399,0.236
394000000,70,428.602,53.539,83.3631,0.236
395000000,40,242.598,5.64918,43.4861,0.2565
396000000,51,300.809,41.1949,63.677,0.239
397000000,50,305.057,36.0817,62.4932,0.247833
398000000,27,158.304,31.3339,32.2059,0.24775
399000000,37,192.561,4.25616,27.985,0.246
400000000,43,260.893,-0.718381,46.313,0.2555
401000000,40,246.503,9.01848,39.7038,0.274
402000000,66,393.993,25.5878,66.8854,0.252
403000000,41,236.083,36.5064,40.3746,0.2345
404000000,33,209.843,28.0137,35.2647,0.224
405000000,41,260.178,-1.56642,29.7924,0.257
406000000,63,378.427,85.8209,64.4375,0.219
407000000,30,175.634,18.9,30.0965,0.2455
408000000,48,283.05,46.5324,61.4713,0.2525
409000000,63,370.105,48.4696,67.8713,0.262
410000000,47,278.697,-3.14519,39.728,0.2655
411000000,36,212.971,13.8654,37.2556,0.2395
412000000,66,413.815,7.96086,71.2111,0.242
413000000,35,205.545,59.0267,28.2526,0.2205
414000000,55,325.333,46.1177,49.4581,0.237
415000000,52,310.561,41.2006,44.7863,0.234
416000000,55,331.078,48.8294,44.5118,0.226
417000000,35,209.376,-0.0889896,34.1137,0.2455
418000000,62,384.805,27.0839,60.3795,0.2465
419000000,53,308.755,46.9296,50.579,0.2505
420000000,47,275.652,11.6693,55.5097,0.253
421000000,62,379.444,52.4437,59.9605,0.234
422000000,37,221.617,-28.7011,42.6716,0.2635
423000000,45,258.091,16.7187,45.4117,0.245
424000000,66,399.693,35.4867,87.0243,0.262
425000000,56,333.814,46.6382,64.3466,0.227
426000000,42,249.162,25.5466,37.8435,0.2515
427000000,46,265.779,2.55034,61.4522,0.258
428000000,52,308.081,62.7395,46.0914,0.241
429000000,70,433.073,44.5635,70.0613,0.238
430000000,29,179.669,30.1436,24.2191,0.263
431000000,62,373.124,91.0627,66.1432,0.237
432000000,45,276.243,-4.37103,42.3854,0.27
433000000,63,380.251,42.8862,60.6983,0.2315
434000000,45,261.721,50.732,40.8754,0.233
435000000,51,310.058,32.857,55.7349,0.259
436000000,33,202.628,16.2909,26.461,0.2455
437000000,49,280.036,34.7477,57.0368,0.242
438000000,53,319.169,21.6815,55.0224,0.247
439000000,39,222.038,52.829,47.0708,0.245
440000000,57,333.872,32.755,50.8851,0.245
441000000,24,142.406,22.4741,23.6238,0.255
442000000,28,161.635,28.1147,27.5159,0.242667
443000000,38,230.37,13.0052,44.653,0.254
444000000,49,287.28,57.101,55.8642,0.251
445000000,27,167.979,21.9608,28.1874,0.2475
446000000,78,474.879,-4.09391,65.406,0.257
447000000,23,129.907,6.78936,13.3159,0.25
448000000,41,242.072,59.2066,33.5794,0.242
449000000,50,310.958,21.1793,45.5247,0.249
450000000,44,264.044,-9.3538,62.2973,0.267
451000000,29,177.084,-10.8921,35.0985,0.2675
452000000,23,129.195,15.8371,24.7229,0.2455
453000000,37,223.102,45.564,40.6482,0.222
454000000,43,265.316,18.2676,52.3671,0.2395
455000000,41,238.678,43.3081,36.9611,0.234
456000000,17,99.4345,-21.7115,17.0504,0.266
457000000,46,278.027,52.3312,38.6313,0.2625
458000000,30,190.246,-7.36352,35.8307,0.240167
459000000,56,327.564,30.5721,66.0698,0.2665
460000000,35,215.4,9.4527,35.9559,0.2415
461000000,42,260.104,-3.67568,44.9632,0.2555
462000000,28,165.926,22.344,23.7831,0.247
463000000,53,324.524,1.5322,48.3754,0.246
464000000,46,272.795,25.3708,49.5796,0.247
465000000,29,171.739,20.1523,42.9523,0.268
466000000,30,182.533,23.4628,25.8587,0.235
467000000,45,272.246,21.8538,47.4985,0.239
468000000,46,275,13.4911,38.5923,0.251
469000000,51,312.587,39.5195,40.901,0.243
470000000,22,130.465,-14.5089,18.4384,0.27475
471000000,45,264.035,65.753,43.966,0.231
472000000,40,230.771,21.3622,36.5142,0.251
473000000,32,173.825,-0.883152,35.7871,0.251
474000000,55,322.935,46.3676,53.1399,0.249
475000000,42,242.565,40.218,50.0456,0.268
476000000,29,169.133,48.1191,38.2014,0.237
477000000,65,403.102,5.80846,61.3584,0.268
478000000,53,314.127,60.0633,51.2824,0.236
479000000,75,459.114,26.3084,88.9663,0.239
480000000,41,247.042,43.9287,27.5456,0.247
481000000,67,415.14,8.86437,61.1159,0.2375
482000000,61,366.508,38.945,56.761,0.253
483000000,42,258.177,72.7348,42.0173,0.235
484000000,70,421.494,35.6277,70.1973,0.229
485000000,28,173.472,-7.34723,36.0096,0.265
486000000,50,306.304,12.2996,48.7531,0.244
487000000,59,355.893,33.1461,48.6013,0.2395
488000000,70,420.29,61.6062,69.1002,0.2685
489000000,52,322.634,73.7093,57.972,0.2285
490000000,28,165.538,2.13248,27.5861,0.2295
491000000,45,262.785,17.8991,41.8134,0.241
492000000,25,143.379,22.1519,32.1222,0.255
493000000,55,341.488,-12.3794,56.0353,0.268
494000000,28,174.085,39.096,29.7602,0.2275
495000000,72,429.985,20.1773,74.0719,0.232
496000000,54,327.633,19.3697,62.2384,0.249
497000000,67,398.51,18.5117,74.3206,0.26
498000000,29,174.645,13.6296,27.8805,0.248
499000000,22,137.073,23.0606,24.7081,0.2365
500000000,28,163.878,28.1703,27.9853,0.244
501000000,64,393.775,62.6711,67.4396,0.24
502000000,28,155.642,64.1769,19.3613,0.233
503000000,41,252.978,1.9743,40.3238,0.242
504000000,29,162.681,8.88922,31.5059,0.253
505000000,29,174.301,16.0035,34.005,0.237
506000000,23,126.233,2.65926,27.7094,0.255
507000000,35,208.351,65.8677,45.2917,0.212
508000000,67,402.708,8.51956,66.9784,0.262
509000000,45,268.435,11.2878,32.4724,0.253
510000000,33,199.89,27.1479,30.7642,0.259
511000000,54,329.737,20.2289,52.3382,0.269
512000000,43,259.452,-5.70152,48.1217,0.2545
513000000,40,233.817,51.404,45.6575,0.225
514000000,40,241.924,22.6032,40.1803,0.252
515000000,29,173.159,33.4211,34.2286,0.2305
516000000,45,264.346,57.0817,56.7243,0.2355
517000000,35,219.78,19.7061,35.4212,0.264
518000000,31,182.212,16.6436,39.5806,0.256
519000000,56,331.593,10.0023,57.2968,0.285
520000000,31,169.896,39.2537,27.0602,0.238
521000000,47,278.309,51.5279,55.186,0.222
522000000,34,209.504,29.5324,28.9506,0.263
523000000,20,123.917,-30.1535,22.1776,0.2725
524000000,45,267.398,21.7465,63.5187,0.2625
525000000,36,207.811,25.7593,26.2466,0.2475
526000000,31,172.15,11.5452,22.9891,0.26
527000000,68,412.476,55.554,81.1807,0.2365
528000000,41,244.698,-0.192246,45.0694,0.261
529000000,36,216.69,39.1481,35.3499,0.2485
530000000,42,254.083,34.6527,37.2947,0.2465
531000000,56,336.24,33.9706,71.5054,0.24
532000000,42,250.831,23.5987,44.6287,0.265
533000000,36,201.69,23.7664,26.4105,0.251
534000000,42,255.411,50.6325,43.2108,0.239
535000000,48,294.198,59.3886,46.5907,0.217
536000000,40,232.264,52.4891,32.9411,0.234
537000000,42,249.257,8.79066,35.9677,0.232
538000000,45,276.1,34.6211,44.5374,0.242
539000000,35,218.983,28.7453,41.449,0.2645
540000000,56,335.731,21.8388,64.2676,0.246
541000000,32,197.929,9.1879,27.4756,0.2485
542000000,93,548.28,70.5901,88.1322,0.249
543000000,38,227.882,6.53223,38.7489,0.25
544000000,36,209.784,2.07872,40.7371,0.261
545000000,32,199.113,38.4058,41.993,0.248
546000000,32,180.596,16.4734,27.1198,0.244333
547000000,30,194.911,-39.1179,23.3648,0.2915
548000000,76,462.039,49.3595,62.1855,0.243
549000000,41,234.405,58.3373,38.973,0.238
550000000,12,75.066,-10.6165,14.8738,0.24
551000000,49,284.728,-4.4138,44.2815,0.252
552000000,49,304.576,20.772,68.6939,0.2445
553000000,41,242.363,20.5204,42.0952,0.25
554000000,61,361.644,39.3394,61.8419,0.218
555000000,29,163.718,36.4959,20.8246,0.258
556000000,39,235.82,11.4931,39.4724,0.2435
557000000,39,225.772,54.2408,42.2847,0.236
558000000,33,200.671,21.0043,35.2468,0.2465
559000000,35,211.475,29.141,38.2212,0.2235
560000000,48,300.42,37.8524,42.9327,0.247
561000000,41,237.504,54.0973,36.0247,0.235
562000000,27,167.105,7.26165,36.0955,0.2385
563000000,54,313.358,36.6859,44.7556,0.249
564000000,28,158.776,23.2189,27.9343,0.2425
565000000,50,296.191,7.77613,49.5186,0.252
566000000,33,199.008,39.7191,31.2255,0.242833
567000000,60,367.975,67.8893,63.398,0.225
568000000,31,182.757,42.013,29.7984,0.224
569000000,69,401.672,87.7056,73.574,0.266
570000000,32,180.565,49.5178,33.644,0.243
571000000,57,338.013,13.2971,59.7815,0.256
572000000,28,175.305,-2.07113,30.5926,0.248
573000000,73,446.167,25.6887,85.8725,0.234
574000000,57,338.953,-14.3764,67.1207,0.2685
575000000,33,210.016,20.6723,29.6951,0.231
576000000,33,186.781,26.1683,36.2763,0.24
577000000,79,467.876,22.5613,86.1468,0.265
578000000,61,367.59,29.85,63.6386,0.237
579000000,39,236.97,12.8638,40.824,0.2535
580000000,32,192.251,37.9862,36.4334,0.248
581000000,22,139.52,46.6449,23.3271,0.239667
582000000,45,279.433,17.6771,46.8378,0.251
583000000,29,169.431,40.7634,27.499,0.2335
584000000,60,363.321,47.2667,48.1164,0.237
585000000,41,254.46,33.3942,45.8349,0.2285
586000000,45,272.645,32.138,51.2542,0.2355
587000000,21,121.396,2.97182,29.2423,0.2435
588000000,33,198.627,65.0095,38.6783,0.228
589000000,26,148.833,17.1921,24.1058,0.2255
590000000,17,101.176,-3.11404,25.5945,0.245
591000000,53,324.182,27.3677,46.5982,0.246
592000000,41,244.06,30.453,40.1915,0.2535
593000000,51,297.81,38.0963,67.7929,0.2635
594000000,23,146.723,18.8742,23.9759,0.2465
595000000,19,113.854,27.4966,17.1446,0.248
596000000,32,185.415,32.1006,34.3712,0.2384
597000000,49,289.57,18.4541,47.1176,0.241
598000000,24,131.561,-0.113247,25.9566,0.248
599000000,73,435.979,24.1096,63.0552,0.2345
600000000,26,157.722,4.57579,37.127,0.2425
601000000,32,186.001,2.41854,36.3819,0.26
602000000,43,251.789,23.3768,50.7783,0.2405
603000000,29,176.128,-21.3677,32.1914,0.256333
604000000,24,149.838,41.3731,25.8228,0.2465
605000000,39,232.402,33.6197,33.6703,0.248
606000000,33,191.395,3.68793,34.6794,0.265
607000000,20,114.134,2.06594,20.4924,0.262
608000000,66,392.862,64.5345,70.6432,0.216
609000000,42,250.928,33.7266,48.7436,0.257
610000000,56,340.849,34.2368,56.6869,0.2475
611000000,29,181.207,43.1514,21.1476,0.2315
612000000,53,314.043,0.320792,62.2395,0.264
613000000,48,286.531,39.3474,53.2655,0.253
614000000,33,196.865,32.0891,37.2134,0.254667
615000000,53,317.705,51.2013,45.5542,0.225
616000000,66,402.041,32.039,71.2532,0.259
617000000,45,270.889,12.814,46.5224,0.251
618000000,62,379.102,9.1643,61.7188,0.241
619000000,36,219.639,53.1192,41.2341,0.228
620000000,67,414.094,51.8688,67.9888,0.241
621000000,54,329.74,38.0735,42.6269,0.252
622000000,47,273.59,57.2839,52.4525,0.233
623000000,43,250.254,29.7843,38.3846,0.2375
624000000,55,337.743,41.2866,48.1148,0.2475
625000000,57,340.18,34.7832,44.458,0.253
626000000,38,220.279,45.3983,29.0882,0.24
627000000,56,335.609,47.1006,57.8436,0.2435
628000000,37,227.948,69.1703,38.2082,0.2065
629000000,43,268.753,45.4275,50.2295,0.2685
630000000,28,171.285,-11.6519,30.338,0.2615
631000000,43,253.893,50.345,53.0556,0.2215
632000000,57,349.549,39.7527,55.4127,0.248
633000000,45,266.269,49.1174,40.5664,0.2385
634000000,44,255.568,3.22071,52.149,0.248
635000000,44,255.779,1.22435,50.0582,0.264
636000000,65,382.675,48.4063,75.7763,0.25
637000000,48,292.507,41.9574,41.3522,0.2375
638000000,34,199.133,-2.06432,35.7851,0.260667
639000000,25,150.335,15.0362,25.6976,0.2495
640000000,18,108.056,21.8994,14.8771,0.253
641000000,43,254.639,66.0778,35.3547,0.247
642000000,53,320.34,90.9881,66.529,0.2325
643000000,40,240.948,36.7069,40.8083,0.2335
644000000,42,249.383,42.1839,48.2558,0.234
645000000,37,214.649,-6.38193,36.1552,0.261333
646000000,44,270.107,77.0165,45.0533,0.212
647000000,44,250.243,65.6058,53.4909,0.212
648000000,55,334.035,-5.77609,55.0415,0.2785
649000000,50,302.455,34.5518,64.9509,0.236
650000000,57,348.001,12.1224,70.3816,0.26
651000000,48,276.436,26.1503,53.3424,0.26
652000000,52,307.314,31.712,59.8202,0.266
653000000,48,290.542,-31.3059,44.4032,0.26425
654000000,54,331.167,-23.8693,45.1949,0.2495
655000000,19,113.066,-4.3372,21.8043,0.237
656000000,25,151.281,3.84213,27.97,0.2514
657000000,56,340.781,53.3372,52.9129,0.236
658000000,47,276.248,-3.71255,43.4821,0.267
659000000,56,343.447,25.2228,56.5431,0.251
660000000,76,445.124,45.864,65.6867,0.267
661000000,56,332.051,8.43655,55.5309,0.246
662000000,59,353.115,71.2956,55.9755,0.224
663000000,55,328.184,34.2163,57.5598,0.247
664000000,44,258.056,74.0457,38.459,0.23
665000000,53,319.506,62.2923,46.0288,0.234
666000000,50,291.329,25.503,45.0968,0.236
667000000,33,203.66,10.6714,24.7741,0.2475
668000000,51,294.627,44.6035,48.5716,0.233
669000000,27,162.373,54.8744,22.2479,0.2105
670000000,42,240.654,-10.1851,49.4153,0.256444
671000000,30,177.657,29.2549,29.5754,0.25
672000000,23,137.505,14.5015,22.3237,0.2506
673000000,46,262.939,44.121,44.5006,0.229
674000000,20,117.509,-32.5204,21.1265,0.2595
675000000,86,493.494,42.6471,86.6838,0.264
676000000,28,175.099,47.8359,23.5161,0.23375
677000000,50,305.073,29.1522,44.7245,0.242
678000000,31,193.806,49.7673,30.7105,0.232
679000000,25,149.781,50.4139,37.3759,0.249
680000000,46,272.5,28.65,40.323,0.252667
681000000,25,148.148,17.4743,24.0656,0.2375
682000000,54,322.692,57.2357,45.9056,0.236
683000000,19,115.966,-18.878,22.6316,0.2535
684000000,38,223.459,-16.4962,51.568,0.245
685000000,73,434.952,5.79244,91.8636,0.242
686000000,43,241.335,49.6141,46.1525,0.24
687000000,40,239.061,15.6754,34.8656,0.265
688000000,45,262.941,-20.9589,35.9669,0.276
689000000,60,366.508,22.785,68.9349,0.258
690000000,40,242.773,41.928,46.2706,0.23425
691000000,32,201.013,13.4857,33.0929,0.2615
692000000,59,348.52,40.2484,54.4634,0.241
693000000,39,230.973,38.3896,37.4675,0.246
694000000,35,204.948,20.554,31.2497,0.222
695000000,48,278.416,32.2363,46.5112,0.237
696000000,50,308.614,31.9542,52.8616,0.253
697000000,48,289.885,21.7557,44.807,0.258167
698000000,31,192.844,7.48473,34.0363,0.254333
699000000,53,322.061,39.0587,70.0558,0.253
700000000,23,126.293,51.692,24.6409,0.2145
701000000,57,347.406,33.1758,55.5403,0.2385
702000000,34,204.707,12.6202,34.633,0.24
703000000,64,392.971,4.17361,50.4962,0.273
704000000,41,261.892,14.0926,42.6855,0.2545
705000000,34,196.763,32.1389,41.8843,0.23
706000000,58,355.799,20.1899,70.1132,0.277
707000000,51,302.776,17.9472,47.7628,0.2605
708000000,32,186.012,21.6601,26.9462,0.256833
709000000,52,315.916,48.2822,66.2043,0.243
710000000,60,349.27,71.0765,64.5306,0.2295
711000000,24,146.572,25.0938,30.5614,0.2475
712000000,66,412.464,0.0944649,64.0636,0.238
713000000,33,180.661,10.2597,39.425,0.2435
714000000,36,219.143,12.9957,33.1084,0.2535
715000000,43,251.56,32.2689,36.1222,0.25
716000000,25,153.928,10.9011,18.3442,0.248
717000000,40,241.3,47.3705,42.3823,0.2515
718000000,42,249.705,46.6254,35.794,0.2395
719000000,49,278.341,38.0778,49.9439,0.2535
720000000,78,471.351,-11.8107,84.9372,0.246
721000000,69,424.516,39.9536,57.9375,0.214
722000000,32,192.59,40.9747,30.3014,0.23
723000000,48,283.762,1.41195,52.9383,0.274
724000000,25,149.297,17.7235,29.7138,0.2395
725000000,78,455.873,-1.13299,75.9882,0.258
726000000,46,276.124,10.7247,42.8524,0.273
727000000,46,284.412,18.0148,41.46,0.243
728000000,36,207.054,56.36,33.5988,0.22375
729000000,50,291.66,36.6093,50.9478,0.249
730000000,35,209.34,18.0603,47.159,0.256667
731000000,71,415.52,42.6742,72.0334,0.244
732000000,48,278.45,25.6694,36.7869,0.258
733000000,48,274.624,47.0807,40.8718,0.254
734000000,61,355.737,53.5259,65.3863,0.2165
735000000,64,376.186,5.62791,50.378,0.268
736000000,36,201.416,7.99306,38.3931,0.2655
737000000,45,268.499,33.24,43.0491,0.232
738000000,37,227.44,45.1618,30.3296,0.256
739000000,37,223.96,21.7969,34.034,0.218
740000000,72,435.746,18.1648,87.7593,0.2705
741000000,49,302.85,46.7613,44.9938,0.263
742000000,33,198.968,35.6414,34.4499,0.232
743000000,38,219.677,-4.40704,37.0427,0.236
744000000,56,330.037,24.4855,47.6338,0.24
745000000,50,291.438,52.4767,42.2911,0.245
746000000,32,192.817,-0.343187,30.3131,0.2415
747000000,46,285.502,32.3291,64.8987,0.217
748000000,60,354.806,36.5026,63.7771,0.23
749000000,22,132.011,1.58945,22.6559,0.261667
750000000,18,108.252,-25.6519,23.3275,0.255333
751000000,37,209.154,48.1358,43.5368,0.2655
752000000,98,589.609,34.5405,104.286,0.262
753000000,91,555.499,47.916,94.7693,0.249
754000000,43,264.64,11.5123,45.7137,0.2525
755000000,28,163.741,52.2313,33.1731,0.205
756000000,46,277.263,10.1274,44.3648,0.2485
757000000,43,257.437,53.4751,39.124,0.233
758000000,63,373.703,75.4356,55.0316,0.217
759000000,76,459.54,51.1656,79.5727,0.223
760000000,55,308.031,41.9728,56.1722,0.2425
761000000,35,205.367,45.2557,38.3588,0.23
762000000,62,354.078,65.7521,59.3679,0.2385
763000000,41,238.836,10.8012,48.6355,0.263
764000000,60,349.327,23.8374,69.1957,0.241
765000000,42,248.109,52.2619,37.401,0.23
766000000,30,188.719,24.7993,30.3927,0.259
767000000,45,272.137,54.0386,56.9541,0.232
768000000,34,210.789,39.6177,34.6697,0.237
769000000,46,269.957,61.7167,52.8222,0.237
770000000,33,189.866,19.7758,32.5644,0.2445
771000000,51,296.995,23.7598,56.214,0.236
772000000,42,252.572,59.3515,46.8593,0.228
773000000,54,323.931,58.6793,72.0512,0.232
774000000,44,269.84,32.043,58.501,0.263
775000000,39,219.956,57.4826,42.878,0.2285
776000000,56,326.216,43.1491,60.8146,0.239
777000000,34,207.439,18.7775,38.0057,0.26
778000000,35,206.468,30.511,41.8573,0.245333
779000000,56,355.976,50.8,61.5999,0.239
780000000,39,228.941,18.4291,40.7796,0.2295
781000000,47,277.468,44.9981,48.7463,0.244
782000000,48,299.435,60.263,60.9059,0.225
783000000,31,182.943,49.2877,27.8033,0.243
784000000,59,353.558,67.1804,60.8048,0.232
785000000,37,222.131,38.7015,30.9185,0.2435
786000000,53,314.516,28.2649,55.8926,0.2495
787000000,66,395.75,-7.10577,67.4717,0.267
788000000,71,413.535,29.8229,80.0966,0.261333
789000000,36,216.138,-2.18956,41.2497,0.252
790000000,60,357.656,89.8895,61.3749,0.24
791000000,46,270.826,33.3367,35.0182,0.238
792000000,49,295.835,43.7447,33.272,0.279
793000000,24,138.013,7.82983,26.7564,0.255667
794000000,52,308.743,44.4173,50.7523,0.235
795000000,46,262.301,33.7094,41.2309,0.241
796000000,35,216.035,26.7041,35.5189,0.23
797000000,34,206.622,24.9578,40.5473,0.249
798000000,23,128.811,2.80418,22.6448,0.248
799000000,44,257.232,35.8562,52.0634,0.2495
800000000,54,322.901,-43.7439,57.3835,0.262
801000000,21,118.124,-32.1969,24.6909,0.2635
802000000,34,206.901,46.5402,28.2857,0.245
803000000,39,238.749,6.08027,38.3018,0.262
804000000,57,333.418,65.469,66.0216,0.216
805000000,49,301.13,22.2861,50.4791,0.244
806000000,37,212.3,16.6466,42.5711,0.243
807000000,52,306.631,-33.1255,61.0766,0.28
808000000,22,131.708,18.1688,25.3969,0.253667
809000000,92,547.487,11.412,106.693,0.241
810000000,43,263.443,-8.50663,41.8413,0.261
811000000,47,286.245,47.2767,52.4411,0.267
812000000,24,152.612,35.3638,26.8096,0.2392
813000000,38,235.753,22.4585,32.8189,0.249
814000000,36,210.796,26.5465,41.3589,0.2555
815000000,44,263.538,67.7433,46.6231,0.256
816000000,33,199.599,-7.91551,44.1568,0.249
817000000,31,188.692,30.6661,23.7401,0.266
818000000,17,92.5699,9.94896,21.2258,0.235333
819000000,60,365.78,50.7993,62.141,0.222
820000000,23,140.756,-1.69902,17.7313,0.25425
821000000,36,210.669,19.0604,35.586,0.243
822000000,33,209.979,23.3697,41.3865,0.242
823000000,39,240.787,28.752,36.4515,0.2609
824000000,24,146.391,-35.993,22.5743,0.269
825000000,42,253.114,2.43482,45.0103,0.28
826000000,64,377.965,17.6416,66.0991,0.248
827000000,45,265.517,64.935,48.3855,0.226
828000000,58,368.587,90.3919,53.6278,0.192
829000000,26,155.131,28.3169,16.2812,0.254
830000000,49,286.743,25.1945,51.2784,0.237
831000000,59,365.137,55.5332,66.3648,0.234333
832000000,29,171.489,44.0976,30.8902,0.2385
833000000,50,314.478,23.0898,48.3991,0.2415
834000000,46,273.615,78.9529,36.9875,0.2255
835000000,48,301.711,45.9053,41.9755,0.2485
836000000,34,196.653,30.7853,33.6121,0.261
837000000,52,312.505,53.289,59.4819,0.2315
838000000,18,113.552,42.7694,19.5646,0.241
839000000,41,246.173,8.77303,36.3439,0.250688
840000000,73,439.355,12.8185,66.4673,0.24
841000000,43,258.472,18.0575,39.205,0.22
842000000,39,236.22,41.672,38.0328,0.237
843000000,38,216.217,26.4563,38.4756,0.2535
844000000,45,278.178,21.5119,49.7558,0.242
845000000,54,326.46,74.8825,49.8346,0.2235
846000000,28,167.966,46.8552,30.5196,0.24
847000000,61,375.754,84.2481,68.2857,0.222
848000000,63,380.482,55.9899,53.7905,0.25525
849000000,46,275.812,39.7792,51.4889,0.244
850000000,20,128.134,46.8769,18.0204,0.243
851000000,34,197.391,24.6604,31.3681,0.232
852000000,53,327.194,55.3831,63.0365,0.2435
853000000,27,165.097,58.4801,30.9237,0.2415
854000000,30,171.267,0.308668,32.9135,0.2735
855000000,49,288.572,14.0033,52.9654,0.24
856000000,25,137.06,67.4429,24.1174,0.237667
857000000,50,283.164,34.9482,43.1999,0.263
858000000,33,201.697,82.922,30.8737,0.2195
859000000,50,301.626,58.1213,51.7884,0.232
860000000,73,445.677,21.2042,62.0454,0.2565
861000000,64,385.012,55.1439,65.9259,0.231
862000000,43,263.141,-8.18681,39.4294,0.2535
863000000,24,136.825,21.6652,15.7087,0.26
864000000,50,295.502,49.9292,49.2215,0.228
865000000,21,113.551,26.2422,22.1243,0.249
866000000,46,278.916,53.7413,42.9662,0.262
867000000,56,331.167,13.181,48.1319,0.2415
868000000,60,361.063,4.16186,66.9095,0.272
869000000,45,277.409,25.1773,53.0038,0.253
870000000,56,323.084,60.4826,55.2688,0.2275
871000000,28,176.121,8.28846,27.5285,0.2485
872000000,20,129.787,5.41104,20.2249,0.2375
873000000,35,215.757,14.9415,33.1426,0.242
874000000,34,196.625,44.9569,38.6549,0.233
875000000,29,174.154,18.925,31.2306,0.222
876000000,27,153.795,23.9086,25.9866,0.239
877000000,55,316.224,74.5575,54.8695,0.24
878000000,21,120.935,11.7595,22.8099,0.2495
879000000,34,199.611,10.7855,28.4523,0.217
880000000,40,234.629,18.2049,30.1731,0.258
881000000,34,199.892,57.0025,29.0814,0.215
882000000,30,170.44,33.0511,30.7568,0.223
883000000,42,254.243,-16.421,31.3261,0.241
884000000,34,209.998,34.6328,35.2376,0.23
885000000,36,214.784,53.8462,34.2555,0.243417
886000000,31,189.947,37.3232,33.5877,0.227
887000000,30,186.665,-6.2739,28.0255,0.279
888000000,50,287.563,38.6427,55.6816,0.2395
889000000,57,350.086,39.8745,61.0782,0.2245
890000000,13,74.1549,-13.933,19.5065,0.239
891000000,58,349.64,58.6273,60.6746,0.2395
892000000,35,205.673,43.0629,30.2565,0.246
893000000,47,294.871,37.3323,54.3448,0.2355
894000000,38,229.687,44.217,41.7854,0.225
895000000,41,249.518,42.3489,41.726,0.236
896000000,44,268.372,34.4609,50.0555,0.2375
897000000,30,169.242,26.7215,24.2949,0.262667
898000000,42,251.855,61.5407,32.7107,0.2305
899000000,21,119.297,12.8085,18.5155,0.265
900000000,61,363.905,5.03434,59.1329,0.246667
901000000,42,253.612,47.7475,37.9535,0.233
902000000,53,335.701,24.3307,50.9968,0.2615
903000000,34,206.47,23.2566,33.1228,0.2355
904000000,36,201.639,-8.05669,30.8773,0.262
905000000,73,440.117,53.4446,88.1811,0.241
906000000,49,288.855,-12.2659,56.307,0.280333
907000000,69,415.15,34.1742,78.1115,0.212
908000000,33,206.125,13.0023,27.0541,0.274
909000000,58,348.563,30.0729,59.7896,0.2615
910000000,58,339.939,62.8789,46.8058,0.238
911000000,37,225.581,1.29149,51.2502,0.2485
912000000,42,236.625,26.4073,47.1629,0.25625
913000000,26,158.169,-3.80902,40.7013,0.273
914000000,55,328.296,16.9359,58.8969,0.245
915000000,34,201.774,4.69708,27.557,0.228
916000000,38,225.832,39.3214,35.8922,0.213
917000000,46,269.264,68.9304,47.3137,0.254
918000000,50,295.359,48.2823,46.9372,0.216
919000000,57,337.395,33.3407,62.4645,0.224
920000000,46,280.403,22.4849,37.8381,0.258
921000000,48,295.568,6.24871,35.8064,0.2485
922000000,76,446.453,37.2105,73.4734,0.251
923000000,62,355.571,42.7187,64.7882,0.236
924000000,79,466.451,22.799,88.0651,0.24
925000000,77,460.954,52.1446,70.2736,0.215
926000000,57,341.468,39.3726,62.5448,0.244
927000000,41,249.774,43.734,52.8893,0.2455
928000000,30,175.45,28.0846,24.6399,0.2565
929000000,30,181.558,31.0447,27.4894,0.233
930000000,52,314.089,77.429,64.1266,0.208
931000000,69,411.351,19.7176,64.7887,0.25
932000000,49,296.997,16.7071,41.8611,0.2515
933000000,31,179.996,30.6055,28.0375,0.2495
934000000,53,314.172,30.1634,47.6126,0.24
935000000,54,320.048,29.8574,54.8452,0.2575
936000000,56,337.313,34.331,49.6961,0.25
937000000,52,318.361,65.0213,60.7211,0.228
938000000,47,280.698,31.9097,35.3229,0.24675
939000000,57,359.198,35.1851,43.1496,0.244
940000000,45,264.028,8.81764,40.3727,0.2605
941000000,42,231.949,24.5157,39.064,0.242
942000000,32,191.969,35.0398,37.3429,0.224
943000000,38,233.809,26.3211,34.3262,0.272
944000000,64,363.487,33.7641,65.8726,0.2515
945000000,89,527.079,40.336,77.4157,0.229
946000000,23,133.755,-15.3913,16.174,0.261667
947000000,26,157.883,15.1687,21.9622,0.253
948000000,40,245.842,10.2553,41.4761,0.253
949000000,30,179.397,10.486,30.7743,0.278
950000000,43,252.126,-12.4876,49.9529,0.2545
951000000,57,334.174,53.1275,59.5672,0.26
952000000,62,365.357,37.997,69.5185,0.223
953000000,28,158.566,54.395,26.1914,0.249
954000000,62,376.587,65.7277,66.296,0.227
955000000,60,366.503,-2.35369,66.3917,0.292
956000000,37,223.248,13.3398,48.1218,0.249
957000000,44,249.116,29.2655,52.6399,0.242
958000000,43,251.376,34.9722,41.3,0.244
959000000,39,230.974,2.55078,40.455,0.2498
960000000,39,236.489,40.6797,46.6004,0.269
961000000,28,167.123,27.8038,32.7163,0.238
962000000,33,192.782,47.0952,39.2747,0.2335
963000000,31,188.395,47.2214,30.4485,0.2425
964000000,35,209.202,26.71,34.7324,0.2465
965000000,20,116.233,19.4869,20.9263,0.23175
966000000,33,204.598,17.5294,34.0534,0.2505
967000000,71,425.483,24.3101,62.9746,0.257
968000000,41,243.038,24.8362,34.4312,0.239
969000000,53,309.927,28.435,56.1854,0.256
970000000,64,376.884,39.2816,76.9244,0.265
971000000,45,279.858,38.7275,42.1659,0.2515
972000000,69,411.068,49.7609,61.7591,0.244
973000000,51,323.502,34.0506,65.1421,0.232
974000000,43,261.851,33.142,47.3243,0.26
975000000,32,203.02,22.3694,30.2805,0.277
976000000,57,356.145,47.9158,52.2408,0.251
977000000,31,188.092,25.9302,26.4292,0.23
978000000,52,302.351,57.1036,54.3592,0.244
979000000,40,245.491,73.2598,43.2703,0.222
980000000,48,291.31,43.4644,49.2477,0.225
981000000,35,211.852,21.1537,36.7351,0.249
982000000,32,207.96,36.8518,34.6489,0.242
983000000,52,307.485,23.3411,44.9429,0.252
984000000,28,168.454,34.2725,30.6618,0.236
985000000,53,322.702,62.5585,68.4992,0.234
986000000,41,257.315,15.8024,48.3925,0.24875
987000000,57,336.787,43.8078,59.4549,0.256
988000000,56,331.32,26.3299,52.4954,0.246
989000000,50,297.075,-22.7286,65.2459,0.2765
990000000,16,94.8766,30.1576,10.3172,0.222
991000000,56,325.294,31.4729,57.1241,0.25
992000000,35,221.467,13.4082,24.0088,0.255
993000000,51,299.741,19.8632,48.2501,0.2415
994000000,39,237.244,16.4296,31.4523,0.244
995000000,39,227.026,36.8638,44.9431,0.258
996000000,40,251.469,29.3649,43.6438,0.231
997000000,51,311.182,26.1979,75.6804,0.243
998000000,29,177.547,42.4782,26.563,0.2395
999000000,49,295.093,22.8977,56.0848,0.2675
