generation,N_shifts,logPrior,logLik,eventRate,acceptRate
0,0,-7.36914,-802.863,200,0
1000000,64,401.647,28.6298,52.0404,0.264
2000000,41,245.932,38.0277,41.7435,0.242
3000000,42,237.556,34.5094,35.8693,0.247
4000000,53,326.293,38.6813,59.179,0.241
5000000,53,319.799,57.8498,54.5233,0.26
6000000,57,334.142,19.3634,53.8824,0.246
7000000,40,236.919,6.19115,41.0991,0.2415
8000000,63,389.649,69.3415,70.9084,0.239
9000000,41,247.886,22.1449,44.311,0.254
10000000,35,210.421,37.8399,41.7939,0.2395
11000000,39,238.147,21.098,43.0442,0.2655
12000000,29,183.407,39.1489,27.6245,0.2335
13000000,42,238.026,44.3333,42.6529,0.271
14000000,30,174.247,36.346,26.5816,0.24
15000000,42,252.811,47.7721,37.6644,0.247833
16000000,46,276.536,21.6713,29.7785,0.256
17000000,68,411.68,41.8612,77.1862,0.266
18000000,46,279.466,26.6145,43.7215,0.261
19000000,27,158.646,-22.7366,23.1062,0.262
20000000,47,285.652,28.2168,44.1331,0.226
21000000,39,220.906,30.3141,34.0342,0.248
22000000,37,224.279,65.9511,40.1323,0.221
23000000,35,212.255,43.3374,33.157,0.258
24000000,38,226.44,25.1953,27.2857,0.251
25000000,29,173.034,15.1834,33.3178,0.253333
26000000,40,243.74,16.8206,40.3559,0.27
27000000,32,187.154,16.4336,34.6248,0.259333
28000000,52,320.808,6.08463,48.0788,0.259
29000000,68,406.857,44.7026,69.8449,0.238
30000000,59,366.796,69.3765,58.727,0.238
31000000,30,178.114,5.79258,34.9582,0.258
32000000,55,323.19,72.6331,49.2423,0.22
33000000,43,268.413,-2.23957,44.9157,0.264
34000000,66,383.587,29.5629,61.6808,0.244
35000000,31,171.016,24.9236,22.1192,0.2455
36000000,27,157.471,1.31765,27.8825,0.2585
37000000,27,162.141,66.6633,18.4184,0.236
38000000,39,243.586,16.9733,45.8696,0.2445
39000000,51,324.577,42.6066,56.2272,0.268
40000000,32,199.459,49.0571,28.6735,0.238
41000000,34,197.759,30.6043,35.325,0.248
42000000,51,309.66,-3.17688,37.2461,0.261
43000000,39,229.496,38.3736,40.2648,0.2395
44000000,47,280.598,22.2746,48.4776,0.266
45000000,42,256.274,63.7527,53.1302,0.224
46000000,56,333.249,67.6768,53.8867,0.216
47000000,42,261.504,5.15247,38.137,0.2585
48000000,15,93.7826,-9.7065,18.0928,0.274
49000000,51,310.007,41.8778,43.4391,0.232
50000000,40,249.833,18.3695,32.0041,0.26
51000000,45,266.773,36.6123,39.9285,0.265
52000000,49,288.937,17.2473,48.0796,0.242667
53000000,47,278.607,45.0173,42.5469,0.248
54000000,30,174.112,-10.4122,21.1399,0.2555
55000000,46,279.712,21.9597,54.9224,0.24
56000000,81,505.179,-12.1153,73.0634,0.254
57000000,40,242.201,39.2634,36.4394,0.234
58000000,44,271.196,29.4891,43.0163,0.247
59000000,78,464.198,71.0626,73.5919,0.24
60000000,49,292.165,-15.0326,49.4733,0.2595
61000000,44,250.808,54.0968,49.301,0.214
62000000,35,208.794,28.5902,36.517,0.2505
63000000,41,228.98,49.072,47.7218,0.249
64000000,76,465.568,33.6422,92.7512,0.25
65000000,62,353.639,36.2385,60.7946,0.258
66000000,55,333.077,35.744,56.2963,0.251
67000000,44,235.109,46.8974,51.195,0.233
68000000,37,233.936,1.42136,40.0552,0.2375
69000000,30,176.009,9.29372,26.1468,0.269
70000000,26,143.415,41.6869,22.9425,0.253667
71000000,47,279.487,31.6029,44.9946,0.2405
72000000,34,199.533,50.647,35.226,0.25
73000000,38,224.558,62.0398,32.8364,0.24
74000000,27,159.537,9.82068,22.9753,0.262
75000000,51,319.709,82.6321,56.4683,0.235
76000000,48,276.679,28.9679,49.7174,0.2385
77000000,42,250.386,28.5106,34.4692,0.264
78000000,45,263.452,40.5076,45.5684,0.235
79000000,50,302.961,39.3138,62.1645,0.245
80000000,25,141.45,41.7493,24.5882,0.238
81000000,49,283.737,2.09249,44.9062,0.264
82000000,52,318.824,28.6282,38.1319,0.248
83000000,25,156.737,10.6589,23.9327,0.25
84000000,51,311.68,58.2788,79.2038,0.25
85000000,68,416.002,30.8502,80.5682,0.253
86000000,36,217.263,62.5058,31.1867,0.246857
87000000,35,213.493,12.142,36.53,0.25
88000000,25,148.933,8.32103,18.931,0.2595
89000000,41,232.802,45.2928,45.1592,0.2428
90000000,32,197.143,67.6844,30.5371,0.231
91000000,25,144.717,26.9481,21.2808,0.212
92000000,39,239.22,45.1095,41.4386,0.216
93000000,13,74.5759,2.19962,13.5833,0.263
94000000,72,428.105,43.8785,61.4955,0.247
95000000,42,254.595,17.0319,45.3161,0.251
96000000,41,243.401,56.307,42.4665,0.226
97000000,33,195.411,25.3858,32.0419,0.2485
98000000,54,323.5,21.7335,49.5248,0.281
99000000,25,153.167,38.8558,20.571,0.2345
100000000,42,239.201,42.4229,37.5077,0.2545
101000000,61,377.77,23.1329,54.735,0.256
102000000,36,217.332,43.746,33.2625,0.274
103000000,58,353.502,12.5835,58.489,0.258
104000000,68,421.911,-2.76502,72.9842,0.272
105000000,60,360.898,77.118,66.0869,0.22
106000000,38,228.577,6.5341,34.7023,0.2402
107000000,30,174.631,33.9388,33.4009,0.2365
108000000,56,334.566,54.9803,61.9494,0.255
109000000,46,266.754,12.7143,38.6122,0.2685
110000000,56,320.85,71.8043,50.1166,0.242
111000000,40,241.333,9.01334,39.5838,0.251
112000000,39,239.255,49.895,29.069,0.25
113000000,49,298.587,16.5184,72.3488,0.263
114000000,37,215.064,-14.7203,37.1099,0.2815
115000000,30,160.818,29.2967,24.5757,0.251
116000000,64,392.594,1.53272,60.8638,0.265333
117000000,37,228.101,9.78077,48.1567,0.261
118000000,57,354.479,31.0572,63.9411,0.238
119000000,37,217.736,24.951,36.6463,0.246
120000000,36,221.807,23.2317,32.8254,0.239
121000000,61,367.357,49.1499,60.7093,0.259
122000000,30,176.451,30.4841,24.8991,0.235
123000000,35,221.766,60.8982,35.1215,0.244
124000000,32,184.082,38.8457,30.8207,0.234
125000000,54,329.444,30.1711,67.2573,0.189
126000000,36,220.98,11.0845,52.4697,0.2595
127000000,23,136.458,-15.6136,29.9686,0.2575
128000000,33,197.362,32.5619,26.7599,0.250571
129000000,27,151.891,-14.0687,31.3689,0.254
130000000,72,417.777,58.5334,77.7902,0.262
131000000,65,397.053,0.730369,60.6489,0.244
132000000,43,270.836,25.4229,45.5268,0.264
133000000,46,286.184,18.7963,50.0506,0.2345
134000000,45,271.202,30.4327,57.8,0.2355
135000000,36,211.721,-1.97642,37.8946,0.25
136000000,53,302.643,25.488,44.5562,0.254
137000000,30,168.173,42.9394,28.3374,0.225
138000000,17,104.835,-3.33099,16.115,0.246
139000000,56,338.05,-6.09925,54.5735,0.234
140000000,35,211.757,35.1072,32.7778,0.25
141000000,39,248.728,15.0631,38.1097,0.249
142000000,21,124.033,14.3049,19.0746,0.2515
143000000,33,193.188,3.78332,28.6105,0.2375
144000000,34,205.845,-22.6427,23.5519,0.266
145000000,31,193.711,19.5329,41.2613,0.2365
146000000,53,319.772,18.8518,45.518,0.26
147000000,39,231.367,2.43972,40.7091,0.2535
148000000,28,165.017,41.389,23.749,0.245
149000000,63,366.106,48.4817,51.9824,0.229
150000000,42,248.674,1.11497,45.8097,0.262
151000000,61,370.587,48.8186,74.2363,0.264
152000000,39,242.543,34.8264,44.4208,0.26
153000000,35,214.548,-1.1987,31.5882,0.2425
154000000,60,362,39.7505,47.0695,0.23
155000000,46,266.419,-34.5683,54.1826,0.2885
156000000,55,334.043,23.4712,58.3634,0.2585
157000000,29,167.572,6.00395,33.9524,0.2425
158000000,31,169.446,-14.973,32.9829,0.2795
159000000,54,321.869,18.1369,54.983,0.2565
160000000,55,324.604,31.7881,65.2637,0.238
161000000,43,269.448,23.9661,47.8386,0.2375
162000000,31,187.187,22.2603,29.4644,0.241
163000000,31,179.988,44.1412,26.0439,0.253
164000000,27,162.646,35.9562,30.4771,0.258
165000000,31,194.662,41.5531,28.6591,0.244
166000000,22,131.734,-4.81517,22.6221,0.2475
167000000,67,398.558,27.1024,72.256,0.251
168000000,26,147.975,16.6517,26.7814,0.244
169000000,60,361.187,23.5844,59.8899,0.25
170000000,59,349.539,36.4,55.5871,0.2285
171000000,63,393.001,46.4591,54.8807,0.244
172000000,34,200.955,45.6285,38.477,0.258
173000000,37,212.916,40.1024,44.2045,0.2215
174000000,35,219.097,12.4712,31.6509,0.25
175000000,27,162.074,37.7445,25.584,0.24
176000000,72,435.436,56.6687,62.8429,0.233
177000000,64,387.947,67.4157,62.1883,0.2335
178000000,25,147.77,17.591,24.6379,0.2325
179000000,37,225.744,65.0238,38.7333,0.250333
180000000,37,215.438,20.5204,32.3027,0.2495
181000000,48,275.111,-11.6846,55.3047,0.278
182000000,50,302.31,45.8999,49.8265,0.245
183000000,49,293.327,65.4423,52.1308,0.225
184000000,37,225.327,-14.5521,30.465,0.277
185000000,57,332.462,3.14407,51.2579,0.2745
186000000,49,296.987,61.1293,48.0592,0.2245
187000000,40,239.629,47.6977,40.1627,0.241
188000000,52,309.432,11.3945,49.5136,0.237
189000000,72,430.772,28.7057,76.4148,0.242
190000000,46,284.432,14.1628,53.7631,0.245
191000000,44,265.432,71.2764,45.5342,0.236
192000000,52,302.978,-8.19339,45.0598,0.257
193000000,29,163.711,-9.32327,33.6235,0.2505
194000000,53,325.46,41.2309,55.518,0.242
195000000,15,91.4278,52.9927,17.2795,0.221
196000000,29,170.783,10.6954,35.5741,0.2425
197000000,47,272.597,39.5112,52.9486,0.242
198000000,67,410.311,43.8098,59.0685,0.232
199000000,66,390.841,22.4472,58.2238,0.237
200000000,68,407.35,36.165,76.3447,0.237
201000000,57,342.565,1.3648,58.7847,0.264
202000000,76,452.295,19.3119,73.7998,0.248
203000000,50,303.01,25.2294,68.3378,0.239
204000000,28,176.599,49.1326,41.316,0.239
205000000,46,272.694,34.4148,46.9051,0.234
206000000,46,272.912,38.9408,58.1049,0.231
207000000,25,151.677,30.2859,28.7765,0.251571
208000000,57,345.558,22.9804,74.9784,0.279
209000000,40,239.817,20.9225,37.636,0.252
210000000,39,237.725,52.5876,32.614,0.235
211000000,30,178.982,46.3252,35.4702,0.233
212000000,31,185.317,-25.0483,21.9749,0.264857
213000000,45,287.516,8.88495,54.7173,0.2445
214000000,34,204.837,45.4944,39.5167,0.233
215000000,43,258.722,17.4631,35.5202,0.2535
216000000,21,129.856,16.5319,19.4403,0.254
217000000,40,247.102,27.0137,42.7,0.2385
218000000,35,204.236,42.9059,38.4058,0.2379
219000000,82,508.324,11.3234,73.1743,0.241
220000000,38,225.564,33.6708,34.2621,0.2295
221000000,61,375.525,22.6675,48.8524,0.2275
222000000,50,291.488,20.2097,54.1638,0.271
223000000,39,234.317,8.85851,38.5865,0.248
224000000,28,173.112,18.5289,35.4609,0.25
225000000,14,78.5758,21.5209,12.4546,0.253333
226000000,26,160.004,10.238,32.2147,0.26025
227000000,42,251.893,13.4748,46.5215,0.243
228000000,33,184.766,16.0055,29.9786,0.259
229000000,42,255.284,15.0974,35.3653,0.252667
230000000,40,221.517,46.7151,46.4917,0.23875
231000000,43,261.933,44.6802,44.1687,0.2525
232000000,65,383.36,41.3117,72.6759,0.23
233000000,62,366.964,42.1932,61.7687,0.281
234000000,31,186.918,29.9008,40.4344,0.236333
235000000,59,369.319,28.5166,81.9286,0.25
236000000,47,284.643,42.3067,34.1314,0.2445
237000000,42,239.854,29.9621,49.0416,0.2265
238000000,37,234.004,12.6202,42.8207,0.2515
239000000,32,191.827,15.4352,22.5888,0.242
240000000,39,233.273,22.4744,37.0703,0.25
241000000,62,380.4,6.99506,56.9086,0.235
242000000,50,301.361,-14.9379,71.1817,0.266
243000000,20,117.857,37.5889,22.5212,0.214
244000000,47,289.044,24.8866,42.1326,0.2445
245000000,60,359.462,30.9965,58.5902,0.267
246000000,41,247.989,12.8886,46.2004,0.249
247000000,67,413.008,18.549,70.8184,0.253
248000000,47,275.164,55.6237,46.0172,0.233
249000000,44,255.225,-6.98849,41.8765,0.277
250000000,38,232.008,31.0059,37.9593,0.224
251000000,42,238.833,58.0985,46.59,0.23
252000000,57,347.946,54.0445,62.1183,0.2225
253000000,33,188.755,25.6002,37.4097,0.2405
254000000,35,205.023,29.8581,36.9894,0.223
255000000,43,258.699,80.0255,46.1194,0.201
256000000,57,354.523,26.2736,55.4628,0.269
257000000,91,550.628,-5.59994,83.4392,0.231
258000000,49,286.542,32.923,44.086,0.2455
259000000,45,271.849,40.728,48.1105,0.27
260000000,46,274.377,58.4508,50.5183,0.2405
261000000,41,247.934,18.0142,37.2254,0.247
262000000,43,252.407,43.1682,39.7258,0.241
263000000,24,149.539,13.2493,25.7393,0.258
264000000,14,84.7454,0.371536,10.2285,0.2605
265000000,38,222.232,55.1227,32.7256,0.26
266000000,54,331.964,37.2442,65.4372,0.249
267000000,24,141.397,-4.79262,12.8462,0.2648
268000000,20,123.443,8.94984,16.3167,0.233
269000000,33,201.593,41.6332,29.2373,0.244
270000000,41,254.396,-6.37712,42.6799,0.2535
271000000,15,91.4086,-6.61521,25.7968,0.264
272000000,49,307.577,21.913,42.379,0.248
273000000,30,185.89,31.8336,27.928,0.246
274000000,44,269.01,41.8268,45.1916,0.2435
275000000,53,320.995,51.7046,69.0705,0.233667
276000000,70,422.311,56.5661,66.3426,0.253
277000000,53,327.955,17.7075,54.4328,0.26
278000000,42,255.913,52.2837,41.9366,0.222
279000000,53,325.579,44.768,51.8428,0.2305
280000000,48,297.96,22.2436,66.4307,0.255
281000000,66,404.092,21.2215,54.9141,0.276
282000000,48,289.517,16.3794,40.0346,0.249
283000000,36,213.039,53.8185,28.185,0.201
284000000,56,320.903,9.30222,50.6789,0.265
285000000,43,254.969,-0.131717,42.0025,0.249
286000000,47,284.632,31.0795,49.7637,0.2325
287000000,74,452.916,45.2795,65.6124,0.243
288000000,40,257.045,3.49035,39.3669,0.223
289000000,44,258.152,64.2396,44.392,0.223
290000000,69,416.076,16.7613,70.2227,0.268
291000000,18,96.4658,-17.9304,27.6421,0.2565
292000000,66,405.979,24.5919,62.2784,0.271
293000000,55,326.025,67.0236,41.7262,0.243
294000000,47,294.606,-3.19494,48.5015,0.238
295000000,46,276.821,15.9325,37.6481,0.265
296000000,51,298.689,44.8037,39.7556,0.2455
297000000,47,281.265,11.1461,52.3032,0.25
298000000,39,241.25,43.4983,34.1457,0.222
299000000,69,409.317,28.4645,56.8984,0.254
300000000,39,241.506,9.47604,49.557,0.253
301000000,52,316.18,59.9765,54.339,0.2185
302000000,43,261.986,55.4355,44.8853,0.225
303000000,45,257.488,35.758,43.3706,0.198
304000000,47,293.032,22.2037,48.8911,0.235
305000000,43,262.444,35.5492,40.2781,0.26
306000000,37,221.242,35.2017,41.2157,0.251
307000000,65,393.089,15.4044,64.0193,0.299
308000000,19,109.435,29.938,20.274,0.2373
309000000,60,367.719,61.2839,48.3934,0.277
310000000,57,360.429,24.0606,61.5544,0.253
311000000,14,79.1118,18.9801,16.8132,0.2568
312000000,68,410.92,36.3854,52.9252,0.252
313000000,36,220.811,12.2378,39.9624,0.2645
314000000,47,280.163,43.3051,45.4666,0.261
315000000,46,273.239,23.8942,46.0976,0.2555
316000000,37,214.838,10.4488,35.0979,0.252
317000000,45,279.777,14.4735,40.4044,0.250667
318000000,51,307.416,54.8463,40.522,0.2475
319000000,60,352.367,18.0591,46.5438,0.274
320000000,32,181.053,-1.92395,32.1039,0.268
321000000,29,172.731,-1.85218,34.2759,0.261
322000000,41,245.665,35.7199,55.5097,0.249
323000000,29,180.577,36.2961,32.9336,0.257
324000000,48,300.052,6.73893,48.651,0.236
325000000,49,300.56,52.6077,53.1592,0.238
326000000,38,228.289,50.1781,40.558,0.234
327000000,31,184.144,5.26098,35.5038,0.2505
328000000,58,340.646,-7.4546,63.1652,0.26
329000000,30,185.865,-14.8745,20.6064,0.239
330000000,62,385.307,12.3079,57.3015,0.27
331000000,48,291.501,64.736,53.2382,0.216
332000000,43,268.573,48.5431,44.7671,0.2665
333000000,89,507.045,28.4541,76.2022,0.259
334000000,67,403.235,22.4774,66.0619,0.251
335000000,38,229.774,58.1085,35.8494,0.242
336000000,33,199.354,38.4085,38.5603,0.248
337000000,52,308.4,35.872,46.1545,0.23
338000000,58,337.621,49.157,49.0972,0.208
339000000,43,263.589,49.0487,55.1032,0.241
340000000,39,225.462,-15.1198,37.1037,0.241667
341000000,59,369.406,26.3016,51.0501,0.2475
342000000,39,225.125,19.3088,37.9971,0.233
343000000,81,495.528,73.1671,94.5763,0.233
344000000,39,233.308,26.938,44.5637,0.261
345000000,38,235.746,4.92691,51.5852,0.243
346000000,23,132.226,8.96589,26.9009,0.260333
347000000,23,127.644,-34.1545,22.433,0.26875
348000000,34,213.065,58.3154,32.2999,0.2356
349000000,33,203.853,16.511,34.1376,0.2418
350000000,48,284.04,17.1642,38.7153,0.2315
351000000,52,304.71,17.3051,52.1737,0.228
352000000,26,158.977,22.7926,25.2756,0.231667
353000000,36,207.499,40.3741,36.2841,0.23
354000000,38,228.953,26.163,30.5769,0.2445
355000000,35,195.496,7.77045,31.512,0.272
356000000,57,333.829,61.7603,56.756,0.239
357000000,54,337.506,-6.02045,51.3588,0.281
358000000,38,228.015,21.6211,39.8314,0.2375
359000000,45,272.561,34.4083,42.198,0.25
360000000,64,380.232,52.3536,58.3471,0.243
361000000,78,467.398,-10.1231,84.2559,0.253
362000000,34,207.152,50.5199,38.0245,0.232
363000000,33,190.303,26.97,29.2557,0.254714
364000000,41,236.22,25.7344,42.5082,0.257
365000000,47,287.158,-1.23961,38.6567,0.2495
366000000,67,404.68,49.823,86.9057,0.251
367000000,50,291.221,37.8592,59.5131,0.2395
368000000,30,180.821,0.656108,35.9992,0.264
369000000,61,367.815,44.7959,58.2994,0.261
370000000,52,304.562,-16.6023,44.7916,0.276333
371000000,55,338.939,21.2327,49.029,0.239
372000000,51,312.136,64.4725,39.2821,0.225
373000000,65,382.487,-3.3702,65.3006,0.266
374000000,27,157.933,0.494439,27.1898,0.2375
375000000,26,150.401,4.22807,21.7397,0.2525
376000000,44,260.358,9.89649,46.0121,0.235
377000000,47,294.225,40.0351,43.3676,0.223
378000000,49,289.125,53.3427,41.2319,0.2475
379000000,28,176.927,7.60358,33.6792,0.2615
380000000,44,272.487,8.45154,51.1154,0.271
381000000,29,173.898,41.8235,30.0006,0.246
382000000,25,142.187,20.6666,16.6181,0.2545
383000000,45,269.366,18.1361,42.7494,0.2555
384000000,50,297.642,52.6805,63.0453,0.265
385000000,57,339.443,40.1989,57.1405,0.234
386000000,50,288.762,9.79546,42.9459,0.243
387000000,32,194.288,-7.18799,30.7616,0.2685
388000000,52,309.343,53.8038,49.3847,0.258
389000000,40,243.878,17.8496,50.7197,0.239
390000000,52,312.501,27.0746,41.694,0.2515
391000000,41,234.508,1.85694,47.2081,0.241
392000000,55,335.505,39.6697,60.4315,0.254
393000000,43,250.125,33.3353,39.8708,0.239
394000000,34,188.101,17.9975,45.1323,0.258
395000000,36,204.501,45.3078,41.3578,0.245
396000000,40,238.06,-3.61505,45.3489,0.244
397000000,49,301.617,34.8373,45.7323,0.273
398000000,38,239.035,3.07802,40.2572,0.251
399000000,24,133.956,22.5015,20.0451,0.2355
400000000,41,239.714,26.9469,45.5271,0.253
401000000,48,290.18,70.8743,50.9889,0.235
402000000,73,439.354,34.8659,87.7224,0.249
403000000,17,97.8369,4.51171,20.3486,0.249
404000000,61,353.572,-0.0944157,63.2439,0.246
405000000,33,203.967,48.2809,36.6608,0.2425
406000000,69,420.724,41.1444,62.0455,0.245
407000000,25,147.444,22.9014,26.5454,0.2445
408000000,30,179.179,49.0898,25.2388,0.240556
409000000,36,210.684,34.3841,35.7736,0.249
410000000,28,164.215,-6.34888,25.2665,0.2665
411000000,27,151.552,49.5618,25.0564,0.2185
412000000,50,289.389,19.8816,45.6762,0.252
413000000,32,198.596,36.4211,27.4825,0.2125
414000000,41,257.838,7.67403,35.1101,0.25675
415000000,58,345.249,64.7589,60.8285,0.2025
416000000,50,303.798,37.9803,43.6731,0.2355
417000000,60,367.822,13.5088,63.2632,0.244
418000000,25,147.002,37.1716,26.323,0.2415
419000000,33,199.872,-0.502747,39.969,0.268
420000000,35,210.725,5.98887,43.1356,0.2445
421000000,46,273.963,19.8233,55.8093,0.258
422000000,24,144.399,39.8099,22.6806,0.2505
423000000,40,247.271,6.80686,32.5324,0.2505
424000000,45,272.357,31.9471,40.6175,0.2405
425000000,62,354.393,37.6314,60.5279,0.275
426000000,43,266.159,17.2368,39.2092,0.2325
427000000,33,192.388,-1.13502,26.2157,0.25
428000000,57,353.116,5.2765,65.7518,0.249
429000000,47,269.197,2.9719,40.85,0.2745
430000000,44,262.721,13.2332,42.7063,0.237
431000000,66,408.758,15.474,67.9836,0.2685
432000000,38,217.138,36.3806,34.4017,0.224
433000000,33,202.205,27.8373,40.6625,0.245167
434000000,29,170.156,30.4344,28.3087,0.2575
435000000,37,221.26,33.5595,33.2619,0.248
436000000,43,264.282,14.6038,41.3718,0.249
437000000,61,377.516,23.3245,64.5238,0.2785
438000000,34,212.514,27.9596,37.2303,0.235
439000000,77,454.312,59.6041,84.7623,0.221
440000000,43,268.994,33.9277,41.4119,0.234
441000000,24,145.184,24.2581,22.5404,0.2525
442000000,46,267.32,42.0858,57.9291,0.237
443000000,34,199.862,23.3421,32.089,0.251
444000000,36,218.396,17.9323,42.8899,0.2325
445000000,43,262.186,31.421,54.3734,0.244
446000000,90,547.95,18.4121,89.1514,0.235
447000000,25,148.165,-8.60346,36.3333,0.2555
448000000,45,277.589,31.6712,43.9043,0.251
449000000,30,180.352,22.4707,27.1131,0.237
450000000,45,275.939,29.826,44.798,0.249
451000000,53,308.589,54.9636,54.8431,0.247
452000000,52,322.579,27.4663,42.9092,0.238
453000000,53,310.613,32.4773,45.9518,0.223
454000000,66,402.714,17.9342,77.3519,0.2335
455000000,49,290.763,-3.83259,45.7561,0.261
456000000,57,345.577,54.1422,55.8138,0.24
457000000,43,259.832,31.6747,48.4427,0.246
458000000,32,189.364,34.2166,24.1314,0.2415
459000000,40,242.345,11.3532,49.198,0.254
460000000,52,314.318,37.1223,49.8472,0.2315
461000000,31,190.261,46.7927,27.2474,0.2305
462000000,45,271.3,13.9658,39.7241,0.241
463000000,71,421.137,24.4814,67.2181,0.25
464000000,39,236.027,38.4339,31.4611,0.239
465000000,61,366.186,21.8823,51.4,0.273
466000000,48,277.454,55.9461,48.6989,0.213
467000000,41,233.675,31.9352,50.2008,0.246
468000000,43,255.544,38.1015,39.6895,0.26
469000000,58,351.076,99.7233,56.498,0.224
470000000,33,203.19,39.3695,36.9383,0.225
471000000,53,323.808,19.5137,56.3032,0.242
472000000,59,365.934,16.6477,62.4569,0.257
473000000,33,207.328,2.76127,30.214,0.244667
474000000,63,385.393,51.8923,56.5678,0.24
475000000,40,241.74,37.9708,43.4705,0.2395
476000000,30,178.651,43.7036,37.7028,0.249
477000000,50,300.321,30.871,59.1586,0.2375
478000000,44,271.933,31.4308,43.8228,0.272
479000000,52,311.205,15.1233,63.3447,0.243
480000000,38,230.025,-14.1773,34.3477,0.282
481000000,35,217.842,-4.88473,40.3968,0.268
482000000,40,230.62,2.66377,46.5049,0.276
483000000,44,265.89,-12.2707,48.7906,0.268
484000000,27,169.288,20.9692,26.3106,0.255667
485000000,52,313.739,10.9533,55.0744,0.2705
486000000,58,341.918,49.0455,55.8309,0.244
487000000,38,229.105,42.2255,34.1966,0.248
488000000,46,276.977,0.25068,43.7865,0.2795
489000000,37,220.377,1.6501,37.8846,0.2625
490000000,31,187.874,35.3626,36.2798,0.2365
491000000,43,261.169,31.822,42.5512,0.2595
492000000,62,368.654,57.5939,57.4815,0.233
493000000,56,342.463,-16.7517,59.3713,0.286
494000000,63,370.389,79.9069,50.7743,0.206
495000000,30,172.358,19.9539,21.0165,0.23925
496000000,53,308.998,49.2473,68.4574,0.239
497000000,36,218.774,37.5883,35.3202,0.2385
498000000,65,375.845,19.878,75.9391,0.256
499000000,48,285.829,53.4431,39.943,0.246
500000000,39,230.536,-12.0071,34.6794,0.265
501000000,27,169.07,29.6512,25.5161,0.2505
502000000,27,161.6,5.39859,21.6738,0.2695
503000000,35,217.24,63.6641,47.7402,0.237
504000000,50,314.304,10.9575,60.4026,0.264
505000000,65,387.408,10.4462,77.1608,0.23
506000000,45,257.484,28.9081,48.953,0.245
507000000,77,488.056,112.982,74.4837,0.218
508000000,64,372.109,15.1841,54.5767,0.247
509000000,58,341.897,61.7599,68.8938,0.22
510000000,37,221.76,19.6808,39.2433,0.228
511000000,31,188.063,19.1718,32.5631,0.2435
512000000,45,275.525,-4.78339,53.1161,0.229
513000000,25,157.852,22.4085,28.7639,0.254214
514000000,57,346.218,21.2655,57.8163,0.251
515000000,31,181.195,4.58673,42.9475,0.253
516000000,36,225.027,1.58791,34.1747,0.244
517000000,37,228.067,29.8976,45.7726,0.245
518000000,35,213.093,21.5598,36.5678,0.253
519000000,47,278.42,54.7981,36.5971,0.2365
520000000,61,381.292,62.6534,75.5598,0.226
521000000,34,211.194,18.2686,37.2437,0.277
522000000,57,347.602,52.7856,48.7239,0.2385
523000000,67,403.944,14.3252,63.0503,0.278
524000000,54,315.913,10.5149,52.0227,0.2355
525000000,41,244.381,47.8099,41.186,0.245
526000000,29,165.422,58.5799,26.6989,0.25
527000000,40,231.135,64.4443,45.1185,0.2245
528000000,45,277.101,32.0617,42.7043,0.272
529000000,48,281.094,56.4712,52.7762,0.243
530000000,43,261.08,25.5008,46.5968,0.265
531000000,25,151.426,-1.48429,33.2047,0.252
532000000,34,213.727,24.2805,39.0326,0.221
533000000,48,294.4,40.5286,46.2348,0.252
534000000,49,290.862,-2.35085,53.0372,0.234
535000000,46,278.106,41.3877,41.2631,0.259
536000000,18,107.001,-10.205,23.0809,0.25575
537000000,64,376.813,38.5635,61.1744,0.252
538000000,45,277.472,60.4642,45.219,0.232
539000000,38,235.164,41.4409,24.6064,0.2435
540000000,42,259.179,41.3039,54.5248,0.212
541000000,57,348.591,57.3089,65.024,0.2525
542000000,59,357.918,11.374,55.8651,0.2365
543000000,31,187.012,20.6265,30.821,0.247
544000000,60,353.961,11.9952,57.6599,0.248
545000000,28,161.339,28.6954,37.4408,0.251
546000000,35,209.921,24.7621,46.5065,0.2365
547000000,51,321.94,6.01229,45.1822,0.264
548000000,55,338.904,11.7289,52.5013,0.2375
549000000,48,289.98,21.9965,67.3556,0.243667
550000000,53,297.857,63.12,48.2159,0.2235
551000000,34,192.355,14.2719,37.7003,0.2485
552000000,51,315.625,42.8318,55.4994,0.249
553000000,44,255.952,12.0622,53.7824,0.259
554000000,52,319.026,49.849,40.626,0.258
555000000,21,133.906,-7.44427,28.3774,0.246
556000000,44,260.146,40.1054,44.5511,0.2275
557000000,58,340.675,19.8132,51.4064,0.2525
558000000,55,328.144,4.255,68.5854,0.269
559000000,70,423.877,43.8077,73.9475,0.245
560000000,82,482.382,15.5314,81.7674,0.234
561000000,36,213.336,16.1803,33.5226,0.233
562000000,55,342.237,61.0327,68.4835,0.252
563000000,68,406.315,24.2919,59.4533,0.245
564000000,40,242.835,17.0315,44.5365,0.25
565000000,36,214.106,37.9498,33.2384,0.2235
566000000,33,191.78,-20.4097,26.6738,0.2655
567000000,28,164.828,41.2134,28.2453,0.231
568000000,52,303.215,16.8942,50.1789,0.2455
569000000,22,126.039,10.2766,20.622,0.251
570000000,34,205.155,50.4476,44.5121,0.235
571000000,51,305.692,14.6219,40.3634,0.2485
572000000,75,456.46,38.9703,89.7376,0.248
573000000,42,243.384,0.379404,44.8929,0.2585
574000000,34,209.341,-9.13887,31.0885,0.259
575000000,66,386.454,41.2969,70.3869,0.2315
576000000,50,281.159,2.80223,51.3056,0.258
577000000,59,356.058,25.2385,58.9658,0.279
578000000,35,211.382,75.8379,30.5701,0.251
579000000,42,247.668,17.5573,39.6478,0.2705
580000000,34,197.145,13.2585,37.2403,0.238333
581000000,35,219.206,29.3947,29.7825,0.248
582000000,51,305.25,23.3803,54.0564,0.258
583000000,48,286.083,14.056,41.1135,0.243
584000000,34,209.662,46.354,26.2339,0.2275
585000000,43,257.149,56.8019,44.6727,0.238
586000000,47,280.325,42.25,44.1073,0.2495
587000000,38,213.972,58.483,38.9826,0.241
588000000,52,306.416,68.8869,56.9406,0.23
589000000,38,223.825,33.8453,38.6341,0.2465
590000000,43,246.629,70.4765,41.2124,0.2635
591000000,47,269.305,13.1002,36.8637,0.266
592000000,77,470.527,28.7367,75.7,0.255
593000000,41,255.587,47.6358,31.5618,0.245
594000000,44,257.663,54.3178,37.8636,0.248
595000000,38,234.243,5.58414,32.9432,0.2475
596000000,63,365.159,28.408,70.1461,0.258
597000000,55,336.62,62.6867,53.6743,0.243
598000000,40,247.392,-5.24921,43.4181,0.27
599000000,44,270.224,-8.42391,49.7304,0.238
600000000,79,476.361,13.2971,76.0874,0.282
601000000,45,274.14,38.9333,42.2991,0.2445
602000000,33,192.574,17.6638,33.0613,0.247
603000000,49,298.583,42.7376,43.5972,0.262
604000000,40,232.225,52.3789,45.7138,0.232333
605000000,23,144.733,-8.38596,22.9882,0.252833
606000000,57,343.393,47.8174,56.4632,0.2425
607000000,28,173.635,1.87989,31.7976,0.2495
608000000,43,254.223,64.3991,50.3518,0.213
609000000,57,338.864,43.784,57.7085,0.268
610000000,49,298.595,59.0018,54.1236,0.235
611000000,44,269.263,15.5225,46.2262,0.213
612000000,23,136.933,21.2291,24.771,0.2375
613000000,45,260.667,8.01646,40.9282,0.246
614000000,30,186.471,19.14,26.6738,0.241667
615000000,20,125.499,-26.7535,20.5275,0.285111
616000000,45,281.578,51.7102,48.4732,0.253
617000000,48,273.789,-24.4806,53.9794,0.265714
618000000,35,221.961,14.6213,26.2768,0.2435
619000000,41,247.754,52.3669,47.472,0.262
620000000,62,365.818,45.9423,64.4111,0.2415
621000000,35,198.178,13.2066,38.2693,0.244
622000000,33,200.431,-10.8691,34.0718,0.256556
623000000,60,354.434,21.9632,75.2182,0.234
624000000,54,314.362,73.5618,48.6967,0.237
625000000,38,236.181,28.1594,33.6235,0.2575
626000000,32,191.103,39.3694,34.7232,0.239333
627000000,34,207.512,2.50294,34.0452,0.2425
628000000,50,305.206,13.5265,52.5491,0.2625
629000000,42,245.89,53.3817,36.7381,0.2305
630000000,29,176.61,28.7159,27.0346,0.261
631000000,39,237.965,13.9264,38.6761,0.247
632000000,67,403.864,62.3971,73.2306,0.245
633000000,67,392.676,39.3057,56.1829,0.217
634000000,47,285.092,26.915,57.9737,0.258
635000000,41,238.392,16.8733,34.8302,0.2515
636000000,35,221.378,19.5459,42.316,0.2495
637000000,35,214.131,64.2293,26.18,0.243
638000000,29,168.388,23.2054,28.3423,0.248
639000000,57,351.328,29.2431,56.9776,0.23
640000000,38,219.763,37.2202,38.0165,0.225
641000000,44,257.582,65.3225,49.3882,0.231
642000000,48,284.432,62.7997,49.019,0.228
643000000,59,378.185,41.8698,66.5558,0.244
644000000,41,248.041,9.5627,38.1921,0.273
645000000,33,200.047,2.3114,42.1364,0.26375
646000000,44,261.04,23.9615,38.2302,0.229
647000000,30,170.15,20.5987,24.2779,0.251667
648000000,58,336.756,33.1672,52.9075,0.2435
649000000,42,244.473,19.4801,43.2005,0.257
650000000,24,145.484,33.9746,27.1485,0.2515
651000000,49,303.008,14.6191,51.9265,0.247
652000000,33,193.527,-28.4413,43.5944,0.267333
653000000,61,376.697,52.6703,54.7868,0.252
654000000,62,381.408,9.01788,58.2102,0.249
655000000,51,305.987,39.4126,63.2139,0.256
656000000,58,360.731,30.8504,65.8561,0.269
657000000,37,220.902,4.12428,39.9083,0.2645
658000000,38,234.808,23.6382,36.0313,0.244
659000000,37,226.885,48.1988,34.1438,0.25
660000000,39,234.752,19.5792,37.0761,0.246
661000000,26,153.897,1.71314,31.2045,0.25275
662000000,29,170.636,11.2147,25.9754,0.255
663000000,27,154.853,40.8472,33.6776,0.225333
664000000,44,253.152,10.3914,46.0518,0.254
665000000,43,277.498,10.947,34.6235,0.256
666000000,34,211.397,-43.7668,38.2309,0.272
667000000,63,383.067,53.9191,82.3009,0.23
668000000,38,225.624,40.9395,29.4694,0.2375
669000000,60,361.224,19.4439,56.1246,0.229
670000000,66,397.987,-3.01946,62.2254,0.255
671000000,43,269.005,28.352,33.6613,0.242
672000000,45,272.2,50.4086,29.5816,0.2295
673000000,56,336.557,64.439,56.717,0.246
674000000,34,209.421,40.7855,25.8156,0.2495
675000000,31,177.907,35.8699,26.523,0.246
676000000,30,179.342,15.3997,42.3653,0.25175
677000000,67,403.026,64.5885,69.5924,0.254
678000000,31,186.612,42.2042,38.8724,0.2535
679000000,59,337.987,78.6974,71.2688,0.235
680000000,17,99.0738,4.8928,16.4602,0.255
681000000,40,241.899,56.2743,44.7834,0.242
682000000,41,239.048,25.0234,39.2025,0.254
683000000,44,274.594,6.53654,45.5629,0.2435
684000000,40,239.827,33.6987,32.6,0.276
685000000,43,258.226,26.0605,39.4507,0.238
686000000,63,373.844,-2.69906,61.1806,0.248
687000000,52,302.554,74.9157,56.7523,0.23
688000000,82,493.527,54.9851,92.0559,0.238
689000000,26,147.651,20.6864,22.0556,0.2535
690000000,51,302.332,27.3638,68.7638,0.252
691000000,73,445.281,37.5752,79.1318,0.263
692000000,36,215.231,23.2988,34.5893,0.248
693000000,26,150.816,19.7731,31.1027,0.229
694000000,45,271.043,60.4322,41.7046,0.228
695000000,60,360.887,61.3022,55.3773,0.229
696000000,41,241.751,50.6889,41.6241,0.2625
697000000,33,203.013,35.2469,32.2328,0.243
698000000,45,269.574,1.15427,38.1699,0.28
699000000,32,183.678,20.4814,24.1342,0.2485
700000000,50,297.094,37.0999,51.6286,0.261
701000000,80,478.849,40.3696,76.6331,0.249
702000000,39,238.361,30.9279,37.59,0.262
703000000,38,230.25,72.1394,28.7126,0.223
704000000,35,211.89,15.189,32.3775,0.256
705000000,74,446.63,80.1413,88.006,0.23
706000000,32,195.77,51.8557,32.7255,0.2055
707000000,63,367.424,42.5879,53.0458,0.244
708000000,34,200.942,17.9952,30.3398,0.234
709000000,56,320.529,8.84634,61.4898,0.253
710000000,52,296.413,4.66863,48.7998,0.26
711000000,73,442.827,18.5521,71.5159,0.259
712000000,57,353.288,46.986,50.9179,0.254
713000000,48,288.262,48.5429,60.3555,0.265
714000000,38,225.131,24.4529,39.492,0.261
715000000,43,270.742,7.12001,47.6362,0.2635
716000000,53,314.995,-0.329373,40.5195,0.2515
717000000,33,208.132,66.1159,35.6979,0.2085
718000000,40,240.954,13.54,41.0155,0.254
719000000,44,267.527,24.0734,55.5941,0.267
720000000,42,244.433,15.6805,44.8231,0.238667
721000000,36,216.278,3.97536,40.3562,0.240333
722000000,56,338.624,45.0551,74.5218,0.215
723000000,61,385.103,16.4197,64.9428,0.2885
724000000,28,163.174,0.0818779,29.947,0.252727
725000000,28,160.516,22.2426,23.8152,0.2365
726000000,55,337.852,12.59,55.778,0.268
727000000,23,138.23,14.4095,26.2279,0.250333
728000000,32,194.713,15.066,37.0925,0.2535
729000000,41,251.613,54.771,53.7879,0.209
730000000,56,333.091,12.9982,49.4594,0.281
731000000,49,280.103,32.3143,54.3082,0.247
732000000,47,287.456,41.1923,42.5465,0.227
733000000,39,235.846,17.5907,46.1291,0.2518
734000000,58,358.512,42.3233,60.8671,0.264
735000000,55,336.466,21.4369,57.8087,0.258
736000000,46,273.141,26.7253,34.7199,0.256
737000000,32,182.08,-0.103587,31.4017,0.243
738000000,51,304.665,67.372,45.6606,0.212
739000000,34,199.416,22.8569,39.2638,0.251667
740000000,50,299.231,74.1129,58.0776,0.221
741000000,51,304.902,37.8048,44.7573,0.236
742000000,51,311.969,38.9451,47.5895,0.245
743000000,42,239.97,78.3206,38.5452,0.217
744000000,15,91.8647,13.7068,15.5516,0.234
745000000,43,265.051,48.2789,51.2605,0.2515
746000000,67,401.45,20.7473,80.084,0.25
747000000,28,157.874,-19.857,35.9932,0.2355
748000000,26,164.728,-2.62281,28.2535,0.2506
749000000,55,332.233,64.0675,42.1167,0.226
750000000,27,163.706,30.7916,31.2362,0.241667
751000000,19,112.158,-9.76244,22.8615,0.254
752000000,65,390.821,33.0097,68.9583,0.255
753000000,41,245.187,48.1465,52.9338,0.275
754000000,54,330.467,71.4659,49.4003,0.258
755000000,48,279.506,67.004,45.9512,0.2265
756000000,25,151.494,10.7971,23.8515,0.24975
757000000,54,315.824,34.0818,42.6013,0.2435
758000000,47,279.959,49.0807,40.0819,0.228
759000000,48,300.282,7.94536,46.1918,0.255
760000000,27,168.737,16.121,19.5136,0.245
761000000,58,352.765,4.72749,63.1048,0.266
762000000,58,343.823,28.8695,40.546,0.258
763000000,67,388.527,6.82932,54.2787,0.273
764000000,35,216.532,18.0728,30.414,0.254833
765000000,34,199.536,17.9662,25.766,0.2615
766000000,36,220.983,51.5881,28.6639,0.262
767000000,28,161.851,-14.2947,36.3481,0.2545
768000000,52,318.924,51.3862,56.1668,0.231
769000000,82,492.371,61.2644,77.1971,0.232
770000000,62,360.174,43.9162,63.116,0.222
771000000,62,379.086,55.0354,73.1765,0.228
772000000,41,234.259,-0.708968,38.3792,0.277
773000000,60,354.644,32.1884,55.649,0.251
774000000,68,398.109,56.1987,75.7729,0.231
775000000,48,300.088,30.4578,44.6869,0.236
776000000,45,275.742,13.6435,46.6821,0.2365
777000000,41,242.718,-13.8093,37.502,0.257
778000000,37,212.18,7.66486,32.1274,0.2505
779000000,35,216.274,15.5326,51.8959,0.2475
780000000,62,372.754,10.3402,67.0943,0.2795
781000000,41,247.171,34.1114,32.9331,0.2375
782000000,34,197.324,12.8565,28.2518,0.2465
783000000,39,235.697,55.8815,40.0076,0.237
784000000,32,194.524,12.7786,28.36,0.252
785000000,48,287.33,29.7208,52.6094,0.285
786000000,23,129.502,33.2649,21.3844,0.249
787000000,33,202.344,7.12235,39.0668,0.2484
788000000,41,256.312,-2.06026,44.4594,0.271
789000000,24,131.875,41.4473,25.2383,0.229
790000000,21,119.99,8.15381,18.2263,0.24725
791000000,28,164.28,31.6831,37.1872,0.2485
792000000,21,122.625,27.7563,19.151,0.2315
793000000,32,200.491,34.2067,29.8131,0.2255
794000000,30,188.497,37.7518,25.2646,0.212
795000000,61,368.515,31.3599,73.6328,0.236
796000000,33,204.646,50.1777,39.8383,0.233
797000000,64,403.029,9.46194,67.0108,0.23
798000000,71,416.77,58.3433,70.9656,0.248
799000000,45,260.565,27.1619,37.1591,0.253
800000000,28,161.97,48.7574,18.5561,0.2595
801000000,70,419.973,17.6105,59.3249,0.259
802000000,37,225.556,5.85155,36.6807,0.2525
803000000,27,161.691,-7.4699,35.5707,0.262889
804000000,46,274.662,34.8219,52.4767,0.262
805000000,47,277.747,-24.1115,52.1909,0.274
806000000,62,375.157,23.1463,68.8092,0.252333
807000000,37,227.083,38.6081,37.5096,0.217
808000000,34,203.477,13.4297,30.706,0.244
809000000,55,328.463,29.3255,55.4957,0.229
810000000,32,199.197,0.463351,23.1541,0.2365
811000000,48,266.43,19.7457,43.2146,0.27
812000000,61,372.986,19.4939,56.2217,0.258
813000000,61,364.997,39.2335,57.3615,0.25
814000000,45,276.51,63.7401,52.0357,0.215
815000000,70,404.691,24.9305,65.7793,0.2555
816000000,41,252.808,15.663,49.1819,0.274
817000000,33,194.459,30.5989,36.9447,0.227
818000000,23,130.328,14.1516,29.4674,0.2485
819000000,37,213.683,38.7421,38.8905,0.231
820000000,41,231.656,37.7349,37.9629,0.245
821000000,40,241.325,23.9887,36.0645,0.257
822000000,75,456.301,51.5618,86.4133,0.259
823000000,39,227.685,53.7509,49.3198,0.2405
824000000,43,264.489,43.3681,54.0497,0.244
825000000,35,211.578,25.0588,36.4227,0.244
826000000,46,289.5,32.3384,42.0092,0.23
827000000,53,319.484,54.2173,57.0986,0.245
828000000,37,214.342,14.0649,35.4312,0.265
829000000,40,242.106,5.69313,39.4713,0.248667
830000000,69,417.012,51.0923,75.7336,0.2405
831000000,88,550.716,-17.9944,82.7835,0.254
832000000,66,393.775,48.3179,69.7279,0.24
833000000,31,198.45,48.2679,23.1082,0.256
834000000,27,164.076,45.6578,21.6954,0.246
835000000,34,203.134,15.5114,32.1714,0.262
836000000,43,252.155,46.5061,39.3683,0.241
837000000,33,192.792,4.40172,27.2227,0.244333
838000000,34,215.006,27.9981,28.4123,0.247
839000000,44,266.896,-7.64629,47.7566,0.26
840000000,37,209.4,16.511,38.3328,0.2405
841000000,48,299.304,24.5739,45.6516,0.276
842000000,48,297.629,19.3838,50.8127,0.253
843000000,79,477.575,10.0032,85.5556,0.267
844000000,40,236.677,18.0634,49.4658,0.252
845000000,30,178.635,-13.7344,22.9934,0.262667
846000000,40,250.341,17.5333,32.0574,0.226
847000000,39,241.241,33.8735,40.5807,0.2535
848000000,17,103.828,-40.9203,18.3077,0.277667
849000000,26,155.836,3.07183,40.1877,0.2565
850000000,44,254.67,0.210508,37.0286,0.257
851000000,37,224.93,31.2442,35.894,0.255
852000000,32,191.109,-0.53013,50.5563,0.23625
853000000,46,260.886,40.2627,52.9528,0.218
854000000,47,288.26,34.5399,47.593,0.233
855000000,49,307.97,-27.4522,41.4923,0.269
856000000,41,246.04,30.6583,37.586,0.254
857000000,48,291.583,39.6928,53.4738,0.221
858000000,32,189.067,19.2674,24.4857,0.247
859000000,32,186.182,29.589,32.8529,0.251
860000000,47,271.708,10.7995,43.6745,0.2455
861000000,65,407.471,51.2282,74.7806,0.242
862000000,26,146.233,25.7297,32.6331,0.251
863000000,26,152.147,25.9846,21.0519,0.232
864000000,60,363.503,42.2308,64.7261,0.249
865000000,52,313.382,10.7419,51.4743,0.239
866000000,43,258.47,59.7508,43.3458,0.2315
867000000,72,423.592,54.8417,77.0977,0.23
868000000,51,311.826,43.5951,60.3563,0.2475
869000000,37,217.802,-30.2295,32.8193,0.273833
870000000,72,440.843,46.8415,60.3292,0.237
871000000,23,134.971,62.6306,24.9178,0.226667
872000000,68,414.256,7.96643,65.9388,0.247
873000000,40,238.17,52.377,34.5277,0.257
874000000,50,293.663,85.117,65.0717,0.216
875000000,55,328.041,34.1278,60.1509,0.24
876000000,41,246.812,51.9367,33.2369,0.224
877000000,60,351.966,2.24915,62.9792,0.281
878000000,33,191.776,1.21529,27.345,0.275
879000000,43,254.579,23.9076,44.9387,0.249
880000000,33,201.347,-15.568,34.0717,0.255
881000000,54,325.036,31.9161,52.8782,0.2385
882000000,59,360.44,3.52028,52.3833,0.2475
883000000,61,373.377,46.575,66.6149,0.242
884000000,79,474.023,58.3894,90.3284,0.258
885000000,28,172.479,20.2638,35.5409,0.2635
886000000,27,150.746,40.3084,29.3206,0.23
887000000,47,285.88,55.3461,52.4389,0.245
888000000,26,155.194,41.3141,26.8697,0.2455
889000000,84,501.332,-12.0358,72.4838,0.262
890000000,36,219.711,49.5341,40.5939,0.2495
891000000,43,253.576,38.5649,49.8083,0.242
892000000,33,210.146,25.7124,28.5259,0.231
893000000,50,307.687,47.8396,47.1631,0.228
894000000,36,215.946,11.4311,29.7781,0.2675
895000000,68,419.331,66.2617,64.0669,0.2345
896000000,39,233.77,27.2423,33.3584,0.278333
897000000,74,442.506,35.6283,88.1961,0.2395
898000000,48,271.787,31.7625,44.9059,0.2395
899000000,47,288.38,59.0272,45.0246,0.246
900000000,34,204.19,14.1362,33.5437,0.249
901000000,30,168.313,32.919,28.1186,0.24875
902000000,30,179.509,31.6815,24.7392,0.262
903000000,72,421.812,9.69931,74.502,0.232
904000000,28,166.482,47.0529,29.9132,0.251
905000000,56,332.375,28.8587,60.7041,0.26
906000000,45,268.038,39.6244,42.6662,0.2305
907000000,46,276.572,37.1949,38.2732,0.2515
908000000,62,369.831,9.66414,69.1827,0.256
909000000,55,327.247,47.8363,53.3804,0.243
910000000,56,337.826,26.2624,70.5802,0.2575
911000000,43,259.933,15.6669,47.7438,0.26425
912000000,48,276.216,30.4229,58.8522,0.259667
913000000,32,193.825,-6.05678,35.6427,0.271
914000000,17,101.385,-5.75378,12.9041,0.279667
915000000,69,409.583,32.1552,67.7306,0.236
916000000,53,320.423,-1.2253,50.9274,0.267
917000000,29,158.872,42.4111,33.0551,0.229
918000000,27,148.488,8.49688,28.4822,0.267
919000000,41,251.715,33.5644,36.9305,0.24
920000000,57,347.763,63.4274,58.9227,0.229
921000000,85,511.369,33.6624,97.5701,0.263
922000000,65,385.4,33.3276,55.8864,0.23
923000000,22,126.948,22.4554,23.9217,0.2395
924000000,46,275.55,15.3354,34.2728,0.243
925000000,39,238.442,55.0453,37.3399,0.238
926000000,51,306.518,32.284,47.5331,0.2525
927000000,45,281.261,3.84913,39.8894,0.26
928000000,20,112.281,-0.766898,26.8826,0.2535
929000000,31,177.476,2.21597,26.6087,0.227
930000000,77,449.29,15.5921,71.0499,0.262
931000000,38,238.406,11.4619,39.2844,0.249
932000000,25,147.103,12.4542,26.8354,0.253
933000000,46,268.535,69.6737,40.9779,0.231
934000000,48,281.78,41.5514,58.0774,0.2295
935000000,42,241.249,-2.09696,32.697,0.256
936000000,50,314.953,52.1404,49.4276,0.261
937000000,53,309.367,28.3144,56.7935,0.241
938000000,38,239.017,39.1248,34.9947,0.248
939000000,43,267.844,9.8914,46.7424,0.272
940000000,36,219.454,21.8032,36.3221,0.254
941000000,87,517.875,60.6108,89.212,0.22
942000000,34,217.599,14.0025,37.9868,0.256
943000000,49,287.767,32.8718,57.7649,0.233
944000000,27,170.436,1.02552,38.9048,0.25125
945000000,57,348.111,29.1462,62.6577,0.234
946000000,59,337.115,15.3825,54.1257,0.2625
947000000,56,351.773,11.0507,47.3053,0.252
948000000,46,263.831,13.187,41.3852,0.2815
949000000,28,171.132,21.4969,16.521,0.242
950000000,60,343.879,62.6578,73.536,0.259
951000000,27,150.682,24.9513,28.581,0.2545
952000000,28,168.726,-5.83465,27.2465,0.251
953000000,55,344.768,37.2979,63.7363,0.243
954000000,46,274.542,43.9768,39.6885,0.225
955000000,32,174.803,23.7221,29.2046,0.244
956000000,44,255.157,50.07,45.1747,0.241
957000000,54,320.599,58.6787,49.4324,0.247
958000000,34,208.375,39.4516,29.039,0.2355
959000000,27,168.175,57.169,39.8976,0.2295
960000000,41,242.686,44.0166,39.7321,0.233
961000000,34,187.663,16.2666,32.9079,0.2485
962000000,25,148.734,10.5846,11.461,0.2555
963000000,48,295.439,43.2945,45.5132,0.248
964000000,31,188.922,28.6005,44.4118,0.2445
965000000,52,323.88,77.0617,47.9514,0.2245
966000000,65,391.969,39.8277,61.3565,0.246
967000000,26,158.428,51.4186,25.9936,0.2375
968000000,48,284.932,34.8886,48.5871,0.248
969000000,49,297.653,42.8086,54.9685,0.225
970000000,32,182.413,24.0498,35.0921,0.2515
971000000,51,316.095,32.3996,52.8133,0.23
972000000,31,190.057,21.0222,33.5075,0.254
973000000,33,189.025,-1.51022,28.8398,0.247
974000000,25,153.691,62.5568,28.943,0.213
975000000,54,327.014,21.357,60.0998,0.248
976000000,35,213.983,10.0508,42.1478,0.265
977000000,31,193.344,22.8966,29.9422,0.2385
978000000,75,431.837,65.5757,73.5979,0.224
979000000,54,319.304,21.9042,52.319,0.243
980000000,25,149.547,-24.8257,26.9136,0.251
981000000,52,321.603,36.0536,62.4101,0.257
982000000,54,340.465,46.8609,57.1301,0.245
983000000,24,151.486,-19.4185,26.5784,0.264
984000000,68,411.247,54.9461,81.4627,0.2395
985000000,39,236.406,26.3608,37.3318,0.262
986000000,53,328.873,-12.2884,52.6266,0.273
987000000,62,365.828,21.5163,63.9854,0.239
988000000,42,239.609,60.2608,39.6451,0.229
989000000,35,203.603,38.6264,26.0093,0.243
990000000,67,402.183,37.2247,68.5826,0.241
991000000,38,226.29,33.5013,28.5794,0.239
992000000,32,190.31,22.9676,41.084,0.2455
993000000,50,293.915,11.4261,50.7997,0.269
994000000,31,187.555,25.7541,29.0237,0.2305
995000000,46,270.612,61.1975,53.8961,0.222
996000000,39,246.844,25.9844,38.0528,0.229
997000000,60,368.192,20.4427,69.0719,0.255
998000000,42,253.454,33.1963,51.0061,0.255
999000000,65,386.652,44.3126,59.815,0.247
