generation,N_shifts,logPrior,logLik,eventRate,preservationRate,acceptRate
0,0,0.833987,-3141.65,200,0.013422,1
500000,9,56.026,-2991.51,7.26888,0.00603976,0.339
1000000,9,57.4334,-2983.05,10.0934,0.0052308,0.374
1500000,8,48.1392,-3002.69,10.6804,0.0055137,0.371
2000000,13,78.049,-2985.45,18.0827,0.00478982,0.326
2500000,13,81.6703,-2974.76,20.5209,0.0048773,0.366
3000000,11,65.2047,-2996.12,13.262,0.00482285,0.3671
3500000,11,65.648,-2977.69,13.0707,0.00549945,0.357
4000000,11,65.4073,-2989.78,14.0544,0.00568336,0.36
4500000,13,69.749,-2982.52,23.2262,0.00508488,0.398
5000000,10,61.3209,-2983.94,15.5695,0.00513588,0.37
5500000,9,58.3757,-2982.94,7.80199,0.00460313,0.371
6000000,16,99.3172,-2987.06,22.2293,0.00667739,0.399
6500000,8,43.2288,-2984.22,6.35027,0.00492663,0.323
7000000,7,43.0434,-3005.29,13.2514,0.00548916,0.355667
7500000,12,73.5965,-2992.83,9.79152,0.004839,0.362
8000000,11,67.895,-2986.39,13.68,0.00462288,0.351
8500000,10,50.5468,-2979.95,19.7861,0.00512821,0.346
9000000,9,56.0689,-2993.47,11.5581,0.00489811,0.338
9500000,11,56.7611,-2982.75,11.7461,0.00578164,0.367
10000000,12,65.0691,-2980.75,9.54587,0.0042852,0.349
10500000,8,50.5841,-2998.77,9.62119,0.00555728,0.347
11000000,9,59.7187,-2979.96,10.2875,0.00496602,0.358
11500000,11,69.4371,-2990.75,13.4209,0.00484738,0.375
12000000,11,63.2221,-2973.28,8.3264,0.0053282,0.314
12500000,8,52.6734,-2991.23,8.79943,0.00458341,0.366
13000000,15,88.5343,-2986.98,17.1493,0.00571975,0.334
13500000,13,74.1175,-2983.56,11.5375,0.00514002,0.345
14000000,11,62.6349,-2984.71,11.1027,0.00491028,0.368
14500000,11,68.3392,-2989.37,12.795,0.00560238,0.381
15000000,12,59.9086,-2982.35,7.22182,0.00525971,0.381
15500000,10,64.3185,-2984.6,10.4104,0.00513959,0.398
16000000,18,105.992,-2973.99,15.7359,0.0051045,0.382
16500000,9,58.3525,-2990.28,13.5755,0.00471136,0.338
17000000,10,63.5774,-2988.11,12.2737,0.00510078,0.408
17500000,8,45.544,-2982.03,9.70147,0.00534427,0.353
18000000,8,49.647,-2997.74,9.57897,0.00521512,0.362333
18500000,8,46.3716,-2994.53,10.5345,0.00472881,0.325
19000000,10,57.3977,-2988.8,12.1184,0.00552733,0.398
19500000,9,53.4543,-2989.64,12.2977,0.00401819,0.3615
20000000,17,106.653,-2989.24,13.6362,0.00486027,0.387
20500000,11,61.97,-2985.74,11.8799,0.00513467,0.34
21000000,6,34.6397,-2995.69,14.3772,0.00463057,0.345
21500000,8,47.2152,-2993.71,7.67159,0.00575649,0.372
22000000,10,59.4857,-2984.46,11.1489,0.00445843,0.372
22500000,11,61.9489,-2975.54,10.6165,0.00469883,0.372
23000000,8,50.9179,-2996.84,12.8346,0.00629655,0.328
23500000,13,75.2967,-2978.09,12.3974,0.00578637,0.348
24000000,12,70.4893,-2981.49,8.00795,0.0060592,0.347
24500000,12,75.0266,-2979.39,16.1369,0.00495216,0.358
25000000,12,70.7296,-2984.14,12.7946,0.00454275,0.347
25500000,12,65.655,-2972.97,16.8189,0.00505391,0.331
26000000,13,81.1853,-2982.44,13.3234,0.00439471,0.378
26500000,9,47.8439,-2986.63,11.4868,0.00513273,0.365
27000000,9,51.1027,-2991.33,19.7456,0.00561973,0.345
27500000,8,42.8325,-2994.94,13.3014,0.00414803,0.358782
28000000,9,51.7827,-2987.52,13.1957,0.00519025,0.364
28500000,8,47.1904,-2996.51,12.5726,0.00511539,0.311
29000000,9,62.5403,-3008.22,12.6862,0.00541278,0.343
29500000,10,63.4458,-2989.39,8.65146,0.00491551,0.396
30000000,9,52.0699,-2996.5,8.11857,0.00560592,0.372
30500000,12,65.7709,-2974.34,6.03104,0.00523957,0.345
31000000,11,73.4108,-2991.85,18.8358,0.00460581,0.367
31500000,8,47.3836,-2991.65,6.84936,0.00475936,0.383
32000000,11,65.0772,-2994.5,17.2718,0.00435906,0.356
32500000,15,93.6135,-2979.8,18.9967,0.00445674,0.394
33000000,15,91.8803,-2983.33,14.0908,0.00458739,0.381
33500000,12,69.0352,-2989.05,13.7326,0.00543818,0.3756
34000000,11,62.0687,-2984.32,7.5071,0.0045822,0.342
34500000,12,72.7345,-2977.94,17.6083,0.00455221,0.366
35000000,11,68.8739,-2997.09,14.6752,0.00511851,0.352
35500000,9,52.5863,-2983.7,11.8913,0.00575534,0.355
36000000,9,58.1882,-2989.83,7.69655,0.00503026,0.358
36500000,9,49.7319,-2995.23,9.43257,0.00462056,0.381
37000000,18,101.15,-2972.59,12.9796,0.00524671,0.331
37500000,9,56.6919,-2991.41,13.2552,0.00487459,0.402
38000000,13,70.1097,-2986.25,9.7023,0.00411349,0.377
38500000,12,73.5025,-2987.24,25.486,0.00654277,0.372
39000000,16,98.8358,-2971.98,25.8634,0.00488247,0.335
39500000,7,42.3559,-2985.71,9.50794,0.00580172,0.382
40000000,6,36.2791,-3001.4,8.17612,0.00475544,0.3545
40500000,11,58.1453,-2976.22,7.27446,0.00496212,0.32
41000000,12,70.5752,-2984.84,15.1175,0.00477674,0.363
41500000,8,47.2525,-3001.8,3.39872,0.0040182,0.349
42000000,10,50.5771,-2973.86,9.70334,0.0052315,0.353
42500000,9,56.7242,-2979.28,12.5579,0.00545379,0.347
43000000,12,73.8737,-2990.47,13.1059,0.00549025,0.377
43500000,10,62.0579,-2985.77,16.034,0.00549426,0.332
44000000,12,63.2416,-2974.55,14.7135,0.00444279,0.355333
44500000,12,76.295,-2989.01,16.1471,0.0059109,0.377
45000000,9,49.3322,-2993.35,9.8733,0.00490136,0.346625
45500000,5,31.0473,-3021.41,7.72089,0.006038,0.35
46000000,11,67.5468,-2984.48,14.2186,0.00467357,0.338
46500000,11,65.6032,-2989.23,14.5728,0.00486933,0.355
47000000,12,75.7258,-2990.89,10.6013,0.00484854,0.358
47500000,14,76.1716,-2987.23,22.0194,0.00506125,0.397
48000000,8,47.5148,-3000.95,5.77787,0.00552952,0.3565
48500000,9,53.4254,-2995.99,9.53606,0.00502814,0.375
49000000,9,57.0655,-2979.14,9.63923,0.00483222,0.375
49500000,14,80.1652,-2990.74,15.0192,0.00529669,0.325
50000000,10,57.6286,-2989.75,9.9584,0.00488344,0.33
50500000,12,67.1789,-2982.46,13.5728,0.00449756,0.368
51000000,12,68.8583,-2987.84,15.1094,0.00446344,0.36
51500000,12,69.319,-2984.87,13.8676,0.00512954,0.355
52000000,11,72.3885,-3005.3,13.0539,0.00453488,0.373875
52500000,9,49.2519,-2990.48,6.90176,0.00461216,0.338
53000000,20,116.602,-2982.51,14.9798,0.00549796,0.373
53500000,9,51.1923,-2990.09,11.3679,0.00465822,0.357
54000000,11,68.9332,-2985.39,11.4857,0.00496828,0.392
54500000,21,123.536,-2982.76,23.5166,0.00521138,0.382
55000000,9,50.5763,-2981.01,5.89864,0.00516819,0.354
55500000,10,61.6389,-2981.29,8.21528,0.00402209,0.375
56000000,11,70.3757,-2987.91,9.33169,0.00434739,0.362
56500000,12,73.8938,-2983.38,12.6859,0.00516905,0.337
57000000,8,44.373,-2994.34,9.51533,0.00445987,0.331
57500000,8,53.5235,-2997.41,12.489,0.00374073,0.378
58000000,10,59.3146,-2984.47,4.66463,0.00472622,0.356
58500000,10,61.548,-2994.7,9.10291,0.00443276,0.367
59000000,10,60.9293,-2983.8,10.1768,0.0052103,0.339
59500000,13,82.6676,-2984.73,14.9426,0.00508114,0.355
60000000,7,46.8721,-2995.3,6.05765,0.00498001,0.374222
60500000,10,59.8736,-3005.82,9.07077,0.00421001,0.37525
61000000,20,115.022,-2974.39,24.4255,0.00527745,0.371
61500000,9,52.3226,-2983.34,12.5611,0.0048884,0.356
62000000,8,50.0074,-2991.13,11.8737,0.00513818,0.342
62500000,11,66.159,-2990.46,15.8413,0.00537391,0.363
63000000,12,67.6807,-2989.05,12.3465,0.00523167,0.345917
63500000,9,53.2447,-2993.18,10.9167,0.00413802,0.373
64000000,9,55.4686,-3001.26,9.03877,0.00562192,0.359
64500000,9,50.6392,-2998.21,9.09089,0.00615062,0.3665
65000000,7,38.1648,-2996.88,9.89092,0.00608012,0.33
65500000,12,77.9892,-2981.08,14.3767,0.00547497,0.349
66000000,11,60.0522,-2985.92,12.3026,0.00653666,0.371
66500000,7,45.6769,-3000.72,4.19946,0.00563403,0.335
67000000,9,57.0684,-2979.42,11.4211,0.00529461,0.337
67500000,14,85.8033,-2973.42,12.8972,0.00650645,0.335
68000000,11,60.3123,-2971.62,12.86,0.00581405,0.333
68500000,7,45.7001,-3001.63,7.51427,0.00648152,0.349556
69000000,12,76.5748,-2985.84,10.7024,0.00493845,0.367
69500000,10,59.0979,-2980.36,12.1008,0.00397687,0.358
70000000,11,61.8717,-2982.31,11.5471,0.00395062,0.358
70500000,7,40.9542,-2995.18,10.8994,0.00527772,0.353
71000000,8,51.289,-3006.48,9.07088,0.00529083,0.3575
71500000,14,85.6903,-2982.03,12.8647,0.00461936,0.363
72000000,10,61.8015,-2980.46,9.56582,0.00430195,0.353
72500000,13,74.8926,-2976.42,17.9357,0.00484373,0.366
73000000,10,62.6839,-2980.75,9.07967,0.00569442,0.351
73500000,15,91.7503,-2983.43,18.405,0.00481445,0.299
74000000,13,78.7461,-2978.25,18.5709,0.00511672,0.353
74500000,10,59.8055,-2988.61,14.5649,0.00435371,0.3595
75000000,10,60.2928,-2981.16,12.3261,0.00381602,0.37
75500000,12,77.6996,-2984.83,9.37497,0.00488487,0.329
76000000,9,49.851,-2975.43,9.08363,0.00565629,0.374
76500000,12,67.3626,-2976.58,13.0032,0.00523384,0.363
77000000,10,63.4099,-2985.64,15.2263,0.00494557,0.3685
77500000,11,67.3218,-2986.75,10.2415,0.00525965,0.39
78000000,17,99.8504,-2975.32,22.3367,0.00472916,0.394
78500000,18,105.119,-2976.56,28.009,0.00485629,0.377
79000000,11,66.8581,-2982.6,8.49845,0.00546644,0.327
79500000,16,99.471,-2978.57,18.8477,0.00557495,0.359
80000000,13,71.6734,-2968,18.1533,0.00421047,0.345
80500000,8,47.7315,-2990.27,9.30505,0.00584224,0.356
81000000,10,54.9537,-2992.64,11.1874,0.00524069,0.383
81500000,6,36.372,-3004.54,7.37291,0.00341092,0.3535
82000000,6,37.1519,-3006.57,4.77187,0.00553801,0.3435
82500000,9,57.9662,-2991.82,11.2696,0.00463936,0.358
83000000,12,68.608,-2982.17,7.52563,0.00431497,0.362
83500000,11,61.0285,-2977.72,3.96523,0.0046668,0.375
84000000,10,59.2543,-2988.06,16.5611,0.00581226,0.377
84500000,12,70.9348,-2996.51,14.2524,0.00629175,0.395
85000000,17,100.681,-2992.07,19.153,0.00538016,0.403
85500000,7,42.791,-2995.44,8.17003,0.00380643,0.36875
86000000,6,32.5775,-2996.06,5.15068,0.00490958,0.3616
86500000,10,59.5753,-2990.27,10.549,0.00461265,0.352
87000000,12,73.1452,-2979.42,8.74326,0.00531338,0.346
87500000,12,70.6907,-2983.7,6.23319,0.00476947,0.345
88000000,13,81.0182,-2978.05,10.7234,0.00444128,0.362
88500000,9,52.3953,-2985.9,10.6287,0.00520285,0.3685
89000000,13,82.5505,-2984.17,13.7418,0.00477978,0.396
89500000,11,68.2611,-2983.52,11.7033,0.00579044,0.37
90000000,12,70.7428,-2979.76,8.82732,0.00476663,0.361
90500000,9,55.4527,-2988.77,9.03465,0.00403792,0.313
91000000,15,78.9301,-2986.5,12.2558,0.00672829,0.308
91500000,10,62.9462,-2976.51,12.7,0.0053744,0.354
92000000,12,73.561,-2981.61,17.258,0.0048059,0.347
92500000,8,51.2287,-2987.45,9.61822,0.00528455,0.378
93000000,9,55.2014,-2998.6,7.56384,0.00512799,0.3645
93500000,10,60.3371,-2992.8,13.6723,0.00407465,0.36
94000000,9,49.9562,-2990.56,3.02431,0.00602352,0.33
94500000,8,43.1971,-2999.42,9.7166,0.00418189,0.360359
95000000,15,88.7958,-2982.03,19.5705,0.00521456,0.403
95500000,13,73.4003,-2981.2,11.1553,0.00488996,0.366578
96000000,14,86.2478,-2986.16,18.5268,0.00458713,0.35
96500000,7,33.5556,-2997.34,10.7846,0.00466181,0.371179
97000000,12,77.7434,-2987.43,17.3041,0.0045908,0.368
97500000,15,85.7978,-2974.37,16.3361,0.00542214,0.356
98000000,13,81.5786,-2997.04,11.2932,0.00481371,0.358
98500000,13,81.069,-2982.51,14.6991,0.0052086,0.350667
99000000,12,73.0237,-2990.85,14.3725,0.00482267,0.369
99500000,10,58.694,-2985.39,12.6557,0.00428711,0.347
100000000,12,76.8389,-2984.48,7.82962,0.00523319,0.382
100500000,11,63.2526,-2987.86,12.9335,0.00559449,0.373
101000000,21,121.469,-2972.3,16.4977,0.00458844,0.351
101500000,10,58.2868,-2995.06,13.7464,0.00392476,0.38
102000000,15,92.6554,-2976.69,18.8601,0.00525555,0.349
102500000,8,51.0863,-2992.77,9.5261,0.00476748,0.352
103000000,11,68.5362,-2982.43,9.49005,0.00533856,0.354
103500000,9,58.887,-2997.11,12.5372,0.0048972,0.378
104000000,16,91.137,-2980.05,12.9465,0.00521115,0.377
104500000,9,56.6618,-2981.03,8.00422,0.00491369,0.358
105000000,6,36.5354,-3011.13,4.49688,0.00458595,0.345
105500000,10,56.6626,-2989.27,7.53458,0.00467639,0.3695
106000000,11,65.1792,-2991.9,6.21097,0.00543502,0.349
106500000,6,33.1813,-2997.08,9.1208,0.00617296,0.387
107000000,8,49.4839,-2981.24,9.67113,0.00497252,0.353
107500000,12,76.331,-2981.33,11.0697,0.00525426,0.369
108000000,14,86.8698,-2978.29,16.7259,0.00559362,0.336
108500000,7,37.0824,-2987.83,9.16475,0.00459446,0.355
109000000,9,61.2284,-2987.04,10.71,0.00462162,0.3699
109500000,12,60.4986,-2970.86,12.7463,0.00531962,0.334
110000000,13,79.0386,-2987.17,18.7754,0.00535682,0.363
110500000,11,64.7055,-2999.92,19.3135,0.00450717,0.333
111000000,15,95.1467,-2984.57,14.0545,0.00468561,0.352
111500000,14,78.9472,-2969.92,17.3485,0.00491878,0.353
112000000,6,34.3072,-3004.03,4.86262,0.00468936,0.355
112500000,10,64.7388,-2998.11,14.2626,0.0046139,0.392
113000000,12,60.4154,-2970.57,6.28102,0.00497821,0.365
113500000,16,102.951,-2983.38,11.5387,0.00503901,0.361
114000000,9,56.1953,-2984.75,9.06534,0.0036607,0.37
114500000,13,81.3097,-2982.54,13.16,0.00449713,0.36
115000000,15,93.7769,-2982.69,13.2135,0.0050692,0.366
115500000,9,52.4131,-3000.73,13.3484,0.00481139,0.392
116000000,7,44.1477,-2987.29,4.19912,0.00570801,0.341
116500000,21,130.928,-2979.43,19.7039,0.00454703,0.383
117000000,9,54.7513,-2980.32,4.67308,0.00509778,0.374
117500000,8,45.4562,-2990.81,9.9415,0.00537317,0.382
118000000,9,55.8125,-2983.24,10.3763,0.00522377,0.367
118500000,8,49.3564,-2993.01,14.0395,0.00484329,0.365
119000000,12,74.1933,-2988.18,15.5983,0.00525594,0.369
119500000,7,39.5429,-2996.2,8.44519,0.00533521,0.366
120000000,16,89.224,-2989.13,17.7955,0.00619266,0.384
120500000,12,67.1356,-2981.63,11.8027,0.00514341,0.361
121000000,8,44.7123,-2987.43,5.72696,0.00511086,0.375
121500000,11,62.1895,-2977.1,6.79961,0.0063551,0.362
122000000,10,59.4059,-2981.92,10.3008,0.00430523,0.359
122500000,12,70.2133,-2988.73,21.9347,0.00396569,0.368
