generation,N_shifts,logPrior,logLik,eventRate,acceptRate
0,0,-7.34593,-774.895,200,1
1000000,46,280.608,-20.1503,45.6907,0.29
2000000,25,146.531,13.424,38.6955,0.2532
3000000,36,202.155,-26.3443,32.4267,0.254
4000000,45,264.559,30.5616,39.1353,0.2615
5000000,44,256.027,14.0919,47.3514,0.248
6000000,19,114.326,13.86,20.5248,0.244
7000000,22,130.289,22.874,14.8286,0.2605
8000000,52,309.36,39.3803,47.801,0.216
9000000,28,173.978,40.2072,32.7793,0.226
10000000,21,118.144,20.8013,22.769,0.2575
11000000,44,256.966,41.492,42.4156,0.252
12000000,15,86.3351,11.9808,14.8041,0.242
13000000,47,274.907,22.2031,55.2925,0.245333
14000000,47,277.545,51.6273,43.9006,0.246
15000000,49,292.095,48.6578,44.8619,0.229
16000000,43,261.39,37.9241,46.3872,0.2515
17000000,57,356.361,25.0522,51.9671,0.238
18000000,46,290.21,31.8733,51.4349,0.274
19000000,53,322.869,22.5418,53.4793,0.247
20000000,49,295.596,51.0269,48.231,0.238
21000000,60,366.947,97.6278,67.1003,0.227
22000000,43,244.2,28.3613,45.9572,0.259
23000000,34,196.516,-4.20748,34.7701,0.2445
24000000,57,354.975,-6.16059,53.9098,0.252
25000000,18,109.738,-22.7112,21.885,0.2695
26000000,35,217.446,48.4003,33.5982,0.2485
27000000,52,307.152,40.4536,51.2179,0.2525
28000000,37,227.268,37.5047,35.4335,0.22
29000000,66,401.705,32.3099,75.1249,0.269
30000000,45,271.036,46.4746,34.2164,0.235
31000000,37,217.868,-13.523,42.2416,0.2535
32000000,67,414.235,25.8004,80.6682,0.233
33000000,49,294.341,11.1443,64.3792,0.2475
34000000,40,246.561,48.1522,40.7249,0.2415
35000000,63,377.412,46.5745,71.0566,0.209
36000000,46,291.208,64.6851,43.2649,0.239
37000000,38,234.619,5.91498,41.5765,0.276
38000000,45,266.62,3.69453,57.0703,0.254
39000000,43,246.324,-25.6394,37.128,0.279
40000000,64,371.428,18.4948,67.2937,0.2495
41000000,70,419.216,48.5776,69.1252,0.234
42000000,21,118.159,7.45731,31.9398,0.24875
43000000,51,303.789,2.65119,50.5494,0.248
44000000,35,208.474,35.8278,43.1178,0.2462
45000000,35,217.229,51.1057,33.135,0.249
46000000,32,188.531,12.7872,29.0667,0.2565
47000000,52,313.993,57.6311,47.671,0.26
48000000,55,312.453,31.2313,55.4981,0.2405
49000000,17,101.796,25.0367,21.0026,0.2675
50000000,33,200.502,41.2748,30.8032,0.264333
51000000,53,323.464,30.5966,48.4882,0.25
52000000,45,267.936,55.7689,41.5439,0.2415
53000000,34,196.529,13.0319,34.9354,0.2335
54000000,28,167.737,13.0324,24.6254,0.2455
55000000,41,254.992,33.0976,47.634,0.231
56000000,42,253.113,47.0807,42.1187,0.249
57000000,35,211.471,23.6888,31.2861,0.262
58000000,37,221.375,24.612,28.7311,0.2435
59000000,59,353.978,30.0035,47.336,0.256
60000000,44,264.301,2.91816,56.6412,0.252
61000000,66,390.805,13.7837,66.8589,0.244
62000000,55,327.055,10.6003,58.4152,0.265
63000000,22,127.016,4.44354,24.3098,0.236
64000000,29,179.583,19.2435,31.4561,0.268
65000000,41,248.891,18.8145,47.026,0.254
66000000,61,363.32,27.9421,61.9875,0.254
67000000,43,255.963,4.38064,35.7778,0.2465
68000000,33,200.87,24.7755,41.8509,0.241
69000000,70,427.768,58.5108,70.8929,0.224
70000000,62,363.698,69.5079,51.1339,0.243
71000000,46,263.627,46.8265,47.5383,0.229
72000000,70,393.416,16.4813,70.9281,0.258
73000000,37,210.85,34.3692,37.9624,0.2255
74000000,42,252.152,4.04362,44.4781,0.2365
75000000,60,365.856,7.82312,51.5139,0.281
76000000,34,200.38,15.7878,30.2454,0.269
77000000,38,224.388,-15.5329,41.387,0.247
78000000,43,260.916,41.9088,50.6488,0.248
79000000,43,258.19,57.8281,54.9802,0.226
80000000,28,160.38,9.11189,29.9778,0.2495
81000000,23,147.083,57.9313,24.7905,0.224
82000000,22,126.335,-5.25329,21.8942,0.2615
83000000,47,280.154,39.7943,42.8277,0.2365
84000000,42,255.818,30.2542,36.4744,0.259
85000000,33,193.173,7.56245,37.4024,0.246
86000000,27,148.572,7.00971,16.5376,0.245
87000000,13,79.1897,9.54736,6.47202,0.238
88000000,38,236.483,-8.45317,34.4675,0.245333
89000000,21,112.978,-6.58682,16.6145,0.25
90000000,42,245.895,29.6287,40.6803,0.2355
91000000,48,292.723,23.1736,51.8722,0.244
92000000,25,148.53,-0.819042,23.6248,0.2535
93000000,33,208.597,22.9267,31.0499,0.2705
94000000,48,295.891,62.2081,53.1874,0.253
95000000,50,286.662,20.2883,54.0026,0.26
96000000,50,299.398,38.8115,40.1503,0.219
97000000,45,274.377,37.4397,50.2803,0.236
98000000,39,232.617,27.3782,37.7159,0.25
99000000,36,216.719,2.0367,38.7422,0.2485
100000000,60,363.981,47.3338,46.5763,0.241
101000000,40,234.569,64.0948,48.9072,0.246
102000000,36,208.097,31.3136,37.8119,0.251333
103000000,27,168.339,17.8281,21.8881,0.248
104000000,31,180.816,31.9816,28.2974,0.261
105000000,26,159.742,28.0583,25.4362,0.2605
106000000,37,216.387,27.489,29.899,0.2355
107000000,28,172.701,6.06802,36.7783,0.233
108000000,30,158.526,20.7725,31.1438,0.263
109000000,51,305.426,60.367,44.6893,0.242
110000000,47,288.403,22.5832,52.4166,0.257
111000000,47,277.546,29.2603,62.3298,0.2395
112000000,33,195.026,25.7828,25.9448,0.2415
113000000,25,155.038,21.6488,24.6782,0.238
114000000,33,201.834,26.7165,43.9079,0.2745
115000000,30,174.66,36.6424,36.38,0.2555
116000000,31,183.067,36.4973,29.2217,0.223
117000000,72,442.324,41.4737,72.2327,0.259
118000000,63,377.671,9.77785,63.4978,0.261
119000000,37,230.504,47.7222,38.1846,0.2085
120000000,74,446.853,4.48969,76.0549,0.271
121000000,57,330.021,12.8629,58.1188,0.277
122000000,53,322.259,38.0397,49.5335,0.2555
123000000,48,294.655,18.982,44.1016,0.248
124000000,39,237.594,44.5658,39.8334,0.2445
125000000,80,482.415,9.22715,92.2161,0.293
126000000,31,183.512,19.545,37.8514,0.234
127000000,51,298.767,57.1686,58.1503,0.231
128000000,41,253.875,43.2656,31.1179,0.258
129000000,22,129.541,14.5404,14.1683,0.25
130000000,52,307.142,26.6536,62.0592,0.273
131000000,37,220.204,-4.60324,35.9088,0.244
132000000,61,382.377,-22.9802,53.0903,0.2745
133000000,31,197.536,38.4399,38.1432,0.223
134000000,41,249.387,16.9179,53.1308,0.2615
135000000,34,203.476,21.2816,37.9295,0.2465
136000000,42,262.166,41.5601,44.5297,0.224
137000000,42,252.477,36.2384,33.9501,0.247
138000000,36,223.419,-3.3715,26.1984,0.2775
139000000,66,388.026,12.2453,53.7748,0.248
140000000,22,134.495,-17.9395,31.2881,0.2465
141000000,26,149.723,5.70146,33.6862,0.251333
142000000,75,446.4,33.9053,78.1656,0.235
143000000,45,263.569,15.0948,43.22,0.261
144000000,46,280.487,-12.6845,38.6162,0.262
145000000,35,211.119,27.0439,39.2507,0.258
146000000,30,183.148,32.4523,26.599,0.247
147000000,49,275.775,68.4326,51.9813,0.222
148000000,29,175.632,50.8388,26.399,0.244
149000000,43,263.223,40.5849,39.8827,0.2515
150000000,29,173.485,-14.4664,25.1554,0.2695
151000000,35,218.581,23.7716,35.1942,0.2505
152000000,28,164.321,16.6737,22.4704,0.223
153000000,36,202.65,69.665,40.1785,0.246
154000000,46,255.971,25.0624,40.0425,0.2325
155000000,76,455.058,38.6249,88.894,0.24
156000000,51,309.896,15.3238,55.5318,0.251
157000000,48,285.601,38.0796,50.9786,0.2485
158000000,62,370.092,-15.5591,55.7829,0.2715
159000000,58,336.745,39.4828,60.7508,0.2555
160000000,24,152.709,23.2231,27.3145,0.2365
161000000,66,404.443,6.99985,64.2114,0.267
162000000,24,136.577,-17.7152,22.7297,0.278
163000000,52,303.46,48.557,55.8636,0.232
164000000,60,366.947,50.6419,49.4536,0.2535
165000000,19,115.612,25.5504,17.3874,0.223333
166000000,51,305.55,26.7425,55.3658,0.267
167000000,24,132.784,-28.8798,18.3421,0.2415
168000000,32,200.033,22.4009,28.6881,0.258
169000000,39,229.471,38.3197,44.5314,0.255
170000000,100,606.722,19.8461,95.7882,0.2545
171000000,49,291.88,20.9753,50.4425,0.2525
172000000,54,332.388,27.8642,52.3997,0.2485
173000000,43,254.824,45.2491,57.1593,0.2525
174000000,54,326.9,11.1767,51.5569,0.263
175000000,38,228.324,39.7788,40.8027,0.241
176000000,29,169.488,13.8501,32.1702,0.231
177000000,44,270.032,87.7418,39.6779,0.227
178000000,41,256.56,76.8063,28.7194,0.213
179000000,49,281.434,31.0094,54.7202,0.253
180000000,20,120.427,26.6961,20.6814,0.244
181000000,41,249.03,21.9156,36.0491,0.28
182000000,38,235.315,33.6034,43.8684,0.23
183000000,54,322.478,3.06746,54.9314,0.25575
184000000,43,253.088,38.8995,44.9919,0.241
185000000,32,196.41,42.0486,32.5631,0.2365
186000000,41,244.791,3.42678,47.7616,0.256
187000000,37,225.176,28.946,39.7656,0.255
188000000,65,394.064,59.7668,57.5251,0.234
189000000,41,248.222,19.661,38.7519,0.235
190000000,61,362.393,43.0743,57.8655,0.2595
191000000,41,250.086,27.6769,43.9011,0.239
192000000,61,354.31,1.09297,63.4111,0.231
193000000,48,287.292,-9.09458,61.1908,0.241
194000000,50,288.151,12.3126,52.5447,0.255
195000000,44,267.857,4.64063,46.8407,0.2415
196000000,54,329.935,-3.41852,41.4808,0.232
197000000,18,102.852,22.165,16.4747,0.2335
198000000,32,195.803,57.5913,31.2138,0.236
199000000,34,203.173,4.95892,34.7191,0.246
200000000,25,150.2,10.2597,37.0389,0.2525
201000000,38,224.313,2.91503,38.1991,0.2495
202000000,25,144.851,-0.769629,24.7312,0.2475
203000000,66,401.768,-2.5332,65.1536,0.275
204000000,58,342.067,35.8043,56.1552,0.2405
205000000,54,340.41,57.4685,63.1998,0.255
206000000,47,289.295,70.6921,43.5119,0.235
207000000,7,39.7453,-11.9091,7.3414,0.2555
208000000,38,224.773,5.85588,39.5605,0.257
209000000,35,211.178,40.3174,35.785,0.223
210000000,20,115.48,-24.655,22.4747,0.2613
211000000,45,277.525,8.34503,57.8493,0.2485
212000000,56,335.152,23.4576,56.7505,0.2545
213000000,29,174.733,-25.1107,26.1809,0.265
214000000,38,223.463,14.616,41.8113,0.256
215000000,49,270.703,0.723473,56.9926,0.277
216000000,31,185.885,-13.8425,32.3221,0.2548
217000000,48,287.317,12.0228,42.2062,0.249
218000000,36,217.195,43.2896,29.3862,0.245
219000000,26,158.968,-8.04593,23.154,0.2575
220000000,41,252.24,-1.74399,41.7716,0.249
221000000,57,330.827,46.4585,54.9129,0.22
222000000,66,403.547,70.0159,66.0181,0.229
223000000,53,324.804,-9.04662,54.8544,0.262
224000000,30,177.405,-5.98862,33.5348,0.2695
225000000,37,219.887,33.5065,38.9333,0.2455
226000000,44,271.298,58.5259,40.7227,0.224
227000000,45,275.707,57.5214,57.5624,0.239
228000000,60,354.308,63.4023,61.4086,0.244
229000000,48,284.181,32.7372,53.7489,0.242
230000000,27,156.333,18.8554,29.4611,0.25825
231000000,17,105.914,22.1837,23.0247,0.247444
232000000,48,281.186,-10.0361,54.9202,0.2575
233000000,42,267.894,37.8192,32.596,0.229
234000000,27,166.237,8.77052,31.1667,0.245
235000000,58,338.524,-1.96104,54.4635,0.265
236000000,53,312.128,-35.3665,51.3008,0.2585
237000000,38,233.399,38.006,35.4259,0.2495
238000000,33,192.593,-4.16855,45.0864,0.2535
239000000,44,256.353,10.1544,51.9125,0.251
240000000,48,271.094,-13.7465,51.9272,0.2295
241000000,55,335.399,34.7345,54.3809,0.249
242000000,30,181.312,49.2355,27.0859,0.248
243000000,55,335.521,25.8019,51.6594,0.281
244000000,33,198.923,1.92186,37.5169,0.2545
245000000,35,210.058,8.94922,40.9447,0.244
246000000,61,366.343,39.5893,74.3301,0.2425
247000000,48,277.154,-3.37905,48.3104,0.261
248000000,28,166.585,29.7988,34.6585,0.234333
249000000,36,215.205,0.539056,37.4932,0.257
250000000,40,232.487,12.9944,37.4625,0.271
251000000,81,491.174,55.5215,72.3128,0.264
252000000,47,279.115,16.2009,53.5057,0.268
253000000,27,160.754,50.8866,26.4772,0.2225
254000000,51,299.17,11.1768,54.5528,0.245
255000000,61,381.357,17.3766,79.1842,0.2335
256000000,35,215.911,5.87401,31.8677,0.2315
257000000,66,389.152,47.4278,84.9126,0.223
258000000,55,330.351,-15.669,49.9074,0.236
259000000,41,252.363,2.23589,37.0735,0.281667
260000000,80,485.825,46.46,81.6223,0.236
261000000,63,387.485,7.35099,42.8008,0.292
262000000,35,210.802,35.3617,36.3625,0.2345
263000000,53,318.901,12.5415,54.5568,0.242
264000000,66,394.84,45.5692,67.2254,0.268
265000000,27,164.668,20.1092,23.9179,0.246
266000000,22,132.951,-2.60231,22.3201,0.24925
267000000,26,148.982,1.29099,26.126,0.2515
268000000,32,195.209,11.3424,38.556,0.238
269000000,31,190.873,40.8466,42.8321,0.2115
270000000,43,260.202,33.3928,48.1215,0.236
271000000,34,207.308,17.6787,27.5056,0.244
272000000,76,442.125,12.539,66.2141,0.248
273000000,52,321.347,15.3917,60.8737,0.262
274000000,57,359.173,34.0269,40.6723,0.24
275000000,52,306.538,32.5841,47.5688,0.262
276000000,28,178.333,0.229431,31.8427,0.273
277000000,30,179.142,45.3246,29.4447,0.225333
278000000,45,272.445,37.885,52.6217,0.262
279000000,38,228.695,10.6168,39.0028,0.2535
280000000,80,491.997,55.3039,91.0192,0.234
281000000,33,204.168,6.31513,28.6574,0.25
282000000,32,192.211,43.4153,31.0065,0.25725
283000000,46,277.902,42.7856,49.3768,0.232
284000000,40,221.165,-15.9933,41.0627,0.267333
285000000,40,235.239,36.1971,34.8197,0.249
286000000,26,149.428,2.09247,27.3544,0.253
287000000,59,361.387,17.241,61.4369,0.254
288000000,38,229.071,30.3434,51.6053,0.2555
289000000,69,398.529,35.0729,60.9032,0.2345
290000000,34,205.655,13.4498,35.4505,0.2505
291000000,32,186.959,8.13697,42.4247,0.254667
292000000,59,349.911,41.7115,52.7054,0.219
293000000,43,255.853,7.98883,60.5358,0.246
294000000,48,295.197,34.164,48.6587,0.2395
295000000,50,307.25,-71.0305,51.3762,0.291
296000000,33,186.994,-0.817621,31.6262,0.2675
297000000,56,327.116,9.55703,47.307,0.25
298000000,65,398.451,69.0957,61.4735,0.247
299000000,42,246.697,13.923,34.0847,0.2635
300000000,38,217.206,-6.43111,35.3236,0.268
301000000,91,547.293,56.3301,83.9376,0.247
302000000,45,273.887,-30.2913,49.5193,0.253
303000000,61,359.074,9.92007,71.9856,0.2545
304000000,24,134.459,23.2844,21.4234,0.2295
305000000,55,345.032,6.34513,60.8343,0.247
306000000,82,493.232,72.5357,86.8447,0.239
307000000,25,152.798,-5.03301,21.8861,0.2545
308000000,45,265.017,1.17803,52.6391,0.252
309000000,22,137.736,0.902445,27.2245,0.232
310000000,43,262.705,23.3467,28.125,0.245
311000000,19,111.017,3.27437,13.0507,0.253
312000000,53,330.754,1.40796,56.2982,0.258
313000000,28,157.09,72.6516,33.0242,0.2265
314000000,39,230.211,35.727,33.9908,0.228
315000000,25,149.716,19.484,25.5176,0.2476
316000000,32,186.41,2.60589,38.5069,0.2585
317000000,39,242.862,32.2673,43.4854,0.25
318000000,40,240.095,43.5609,47.2391,0.258778
319000000,63,384.491,38.6515,58.6222,0.2375
320000000,59,362.661,75.7924,62.8641,0.229
321000000,39,244.539,17.441,30.8847,0.2585
322000000,52,326.555,27.7918,40.6785,0.238
323000000,31,188.95,24.4198,28.2942,0.235
324000000,30,187.262,32.6029,37.0756,0.244
325000000,71,418.461,67.2517,73.7884,0.2
326000000,55,339.042,18.1695,42.459,0.24
327000000,39,233.636,40.8597,41.0944,0.2445
328000000,43,247.789,5.04437,35.5342,0.289
329000000,57,348.147,36.7481,56.3504,0.252
330000000,43,247.968,-4.60119,40.2615,0.2385
331000000,35,211.226,28.6717,37.6183,0.2545
332000000,31,185.204,28.3585,27.993,0.269
333000000,52,318.38,60.626,56.0357,0.2405
334000000,38,226.135,35.0641,35.7803,0.235
335000000,39,243.147,35.8381,50.0137,0.2435
336000000,44,247.891,74.3631,38.3161,0.2245
337000000,53,312.166,29.5654,58.8138,0.23
338000000,27,165.827,22.6494,27.5972,0.2365
339000000,51,321.143,0.888397,51.0502,0.2595
340000000,68,420.197,46.5569,83.0083,0.267
341000000,34,199.009,30.7028,29.7482,0.2185
342000000,35,205.679,-5.82656,32.0038,0.2355
343000000,37,226.387,25.5952,43.3907,0.251
344000000,45,275.429,13.3471,47.4131,0.242
345000000,28,154.832,37.9739,33.5423,0.2215
346000000,40,246.588,54.3255,39.1378,0.2205
347000000,19,118.348,9.50571,14.9437,0.2575
348000000,72,418.827,44.29,73.421,0.215
349000000,39,229.967,51.6595,33.0041,0.228
350000000,69,410.823,17.9229,67.8711,0.249
351000000,39,240.564,42.87,43.6347,0.242
352000000,35,218.648,33.9225,35.8715,0.234
353000000,42,247.419,22.7813,40.558,0.245
354000000,47,264.312,41.9296,49.1523,0.239
355000000,35,208.463,37.395,34.9326,0.2455
356000000,30,173.418,20.0711,27.4108,0.264
357000000,24,135.304,0.904358,19.2255,0.258
358000000,38,223.323,-0.360591,38.2148,0.238
359000000,48,295.573,63.1023,48.0056,0.239
360000000,62,365.456,7.20465,68.9338,0.264
361000000,42,258.385,21.6428,39.4706,0.2525
362000000,68,398.356,47.1834,73.1105,0.263
363000000,37,223.468,12.4848,43.4906,0.258
364000000,51,319.495,40.3902,52.2952,0.252
365000000,31,198.56,40.9183,26.9899,0.23
366000000,24,146.133,-11.7618,24.9022,0.2635
367000000,43,257.376,12.8534,49.1321,0.243
368000000,30,179.188,-13.2076,21.1942,0.2505
369000000,28,167.832,14.8185,25.5113,0.2445
370000000,38,235.481,31.0757,37.9331,0.2435
371000000,30,179.31,48.0963,25.6385,0.242
372000000,30,173.635,1.80114,36.02,0.255
373000000,28,166.054,-34.0624,25.212,0.272667
374000000,65,378.384,25.7718,58.3097,0.269
375000000,28,166.259,58.8308,22.8929,0.23
376000000,58,355.487,61.1116,53.5437,0.243
377000000,28,164.209,51.9458,33.6532,0.2125
378000000,34,192.725,5.68392,39.8289,0.264
379000000,40,244.833,-6.75189,49.5494,0.2435
380000000,51,296.472,25.6804,59.8804,0.266
381000000,48,288.567,27.3594,48.0944,0.246
382000000,46,274.663,39.0899,54.7761,0.255
383000000,42,251.838,48.5069,42.9848,0.2385
384000000,66,409.789,46.0093,62.4284,0.237
385000000,68,397.637,34.0154,39.693,0.242
386000000,27,146.578,0.196892,17.6397,0.2305
387000000,49,293.436,1.42472,55.4882,0.2565
388000000,35,199.02,47.2967,37.6304,0.241
389000000,70,413.029,12.77,68.2203,0.255
390000000,50,311.977,28.5686,56.5566,0.241
391000000,38,231.569,8.79957,36.8372,0.251
392000000,12,79.1613,-25.9828,14.9555,0.2575
393000000,50,302.419,25.8582,47.2309,0.2365
394000000,29,156.913,70.7091,21.9237,0.2335
395000000,44,264.867,8.50804,43.8725,0.241
396000000,26,156.532,12.1372,36.2394,0.252
397000000,25,155.57,10.8004,21.406,0.248
398000000,32,193.194,9.36679,33.459,0.249
399000000,54,317.358,28.7678,47.5176,0.247
400000000,40,232.495,17.4253,35.7596,0.25
401000000,22,119.106,22.0704,23.4282,0.244333
402000000,50,313.763,1.76284,49.9554,0.261
403000000,54,328.467,-9.35133,52.6717,0.2465
404000000,49,291.42,44.631,55.3729,0.246
405000000,50,295.114,10.1678,46.0226,0.245
406000000,31,191.085,33.7034,26.0595,0.242
407000000,22,135.915,2.25422,24.8503,0.242333
408000000,36,208.841,2.77797,30.1677,0.2475
409000000,40,234.91,26.7651,34.3946,0.216
410000000,22,123.919,43.1275,20.5178,0.236
411000000,40,236.976,12.5906,33.6365,0.2646
412000000,51,311.328,-14.9179,59.2416,0.282
413000000,45,274.174,44.9204,58.9245,0.249
414000000,38,228.984,28.4605,52.5116,0.2155
415000000,65,390.729,62.9723,66.5213,0.241
416000000,64,387.772,68.4522,53.4182,0.224
417000000,61,372.077,40.2004,52.7039,0.244
418000000,56,326.553,51.7999,58.1515,0.2335
419000000,30,176.041,47.8502,31.5929,0.227667
420000000,25,134.807,45.594,20.6668,0.227
421000000,16,90.0988,-2.46657,15.3543,0.238
422000000,48,276.44,-4.41106,61.8742,0.269
423000000,70,418.18,25.7425,83.615,0.2725
424000000,46,277.375,30.3858,49.932,0.244
425000000,45,274.356,42.9103,46.6775,0.235
426000000,81,487.207,16.5257,74.0939,0.249
427000000,40,242.311,34.9846,38.8891,0.232
428000000,34,207.111,5.05084,47.6861,0.2555
429000000,49,289.282,17.4978,46.8945,0.2555
430000000,39,227.384,1.59493,36.0048,0.248
431000000,29,168.991,17.948,27.1341,0.2475
432000000,56,335.672,-4.27634,53.6973,0.271
433000000,20,105.694,16.4428,23.6149,0.247333
434000000,70,418.029,32.7381,75.024,0.241
435000000,29,176.988,26.3279,31.6314,0.2415
436000000,28,164.058,12.9911,22.4395,0.243
437000000,37,211.978,-14.2813,35.5959,0.2624
438000000,38,227.854,74.7371,38.8457,0.249
439000000,35,218.611,23.6141,25.5108,0.253
440000000,38,235.691,38.1582,39.18,0.264
441000000,28,162.854,-8.36896,20.5732,0.267
442000000,43,257.401,33.5535,44.8425,0.234
443000000,51,304.662,24.2061,43.7351,0.245
444000000,32,198.861,36.3063,29.0112,0.239
445000000,35,209.921,8.89066,28.0151,0.242
446000000,30,177.374,22.5566,41.1357,0.239
447000000,25,157.067,3.94864,27.0695,0.2645
448000000,57,346.51,22.2892,44.7202,0.265
449000000,49,298.464,53.8516,60.4102,0.264
450000000,52,318.912,10.1469,54.1951,0.2435
451000000,52,328.319,61.2185,47.9645,0.267
452000000,30,178.506,53.9827,28.1175,0.225
453000000,48,296.219,14.5665,54.6363,0.258
454000000,84,502.146,4.87317,105.245,0.252
455000000,39,237.505,7.16781,39.5779,0.26
456000000,25,142.069,41.7318,25.3772,0.2335
457000000,70,420.386,50.1719,55.4873,0.23
458000000,46,288.426,1.33741,36.8676,0.277
459000000,48,277.31,49.4884,60.4748,0.236
460000000,27,157.497,-10.3934,19.8768,0.2624
461000000,40,250.823,-0.0767708,48.8264,0.2815
462000000,37,222.862,14.3321,28.2965,0.249
463000000,28,167.72,16.7114,35.6448,0.226
464000000,24,154.439,-20.9365,29.9021,0.275333
465000000,30,183.426,-0.765254,28.9952,0.2535
466000000,52,317.462,37.3142,56.3021,0.271
467000000,38,233.132,9.46599,34.1474,0.255
468000000,53,325.882,18.8058,45.4715,0.239
469000000,32,179.989,40.9023,26.9786,0.253
470000000,52,301.842,9.92226,40.8941,0.267
471000000,54,345.136,24.688,52.1165,0.251
472000000,70,424.735,22.539,56.4524,0.282
473000000,34,198.583,28.3473,38.5024,0.2335
474000000,30,181.305,38.7096,33.3275,0.249
475000000,30,175.621,38.5427,29.7303,0.255
476000000,74,433.797,22.8759,87.7075,0.251
477000000,46,281.984,-16.122,63.1864,0.276
478000000,65,379.754,31.0189,69.6214,0.266
479000000,37,228.109,20.1171,49.545,0.247
480000000,46,270.468,6.46795,47.0305,0.262
481000000,58,339.419,10.5955,68.2149,0.269
482000000,70,419.056,25.7697,66.8021,0.271
483000000,42,243.494,-0.101596,52.3689,0.2605
484000000,32,187.767,18.7799,37.0795,0.257
485000000,34,198.054,23.0102,34.4807,0.254
486000000,37,227.078,39.6155,40.6343,0.243
487000000,21,126.506,20.121,26.5112,0.2465
488000000,37,223.582,6.74244,36.6548,0.25
489000000,28,161.357,-3.71782,26.8299,0.263
490000000,37,222.158,14.0523,28.8463,0.239
491000000,41,243.412,28.0742,51.5512,0.2675
492000000,26,163.322,-11.4433,26.0517,0.2585
493000000,73,443.654,19.072,71.6884,0.239
494000000,32,197.066,-1.09235,31.8636,0.2585
495000000,31,178.919,21.6674,29.001,0.246
496000000,72,429.166,36.635,72.819,0.246
497000000,51,315.1,33.8935,49.7428,0.2695
498000000,28,162.49,17.8592,32.0026,0.2455
499000000,26,148.11,-27.6884,30.7925,0.263
500000000,76,455.88,29.573,72.4901,0.238
501000000,30,181.515,36.9201,46.2675,0.237
502000000,43,252.459,8.13327,32.1952,0.245
503000000,37,222.253,36.3403,37.2572,0.23
504000000,40,237.044,23.8427,37.5599,0.245
505000000,43,256.568,-0.294084,42.8524,0.256
506000000,35,207.53,27.6584,27.7627,0.26
507000000,48,285.845,-11.2076,54.6445,0.2695
508000000,32,187.391,3.07202,32.6403,0.235
509000000,40,244.932,31.7883,48.4952,0.253
510000000,36,222.393,13.4079,33.369,0.26
511000000,31,187.86,1.34771,31.1652,0.2675
512000000,51,306.573,25.1238,41.9061,0.245
513000000,43,250.736,3.95981,41.4403,0.238
514000000,56,332.296,23.1421,52.5821,0.25
515000000,51,292.584,33.2239,47.1799,0.27
516000000,37,220.186,8.19981,40.8238,0.2585
517000000,29,175.323,44.1164,32.1766,0.256333
518000000,31,189.903,41.3546,25.8143,0.2355
519000000,51,304.262,-36.3489,47.3616,0.266
520000000,28,166.099,31.5054,24.1062,0.24
521000000,27,164.159,3.7952,26.4381,0.233
522000000,40,234.715,10.2219,38.7141,0.256
523000000,64,385.278,-1.74491,84.3797,0.262
524000000,43,261.137,22.3039,40.64,0.259
525000000,46,280.104,18.5167,46.5327,0.254667
526000000,57,354.707,-17.9068,58.9843,0.265
527000000,54,330.239,46.7141,53.6141,0.2535
528000000,42,248.024,11.4901,37.1011,0.256
529000000,53,330.433,35.7955,65.0255,0.2455
530000000,40,243.766,19.7119,40.5615,0.223
531000000,32,179.396,12.9064,29.7432,0.258
532000000,25,153.684,38.298,30.918,0.248
533000000,43,266.864,9.26039,46.8092,0.26
534000000,98,581.584,-37.5716,118.569,0.285
535000000,45,269.669,22.0819,46.9467,0.244
536000000,35,216.963,-2.47027,29.9531,0.256
537000000,20,121.664,-0.552649,25.6116,0.247
538000000,31,182.916,18.427,30.3002,0.274
539000000,28,175.141,21.099,29.6538,0.269
540000000,18,110.727,10.9141,13.8453,0.2485
541000000,27,167.141,-19.1585,28.7974,0.259
542000000,32,192.227,12.2217,31.112,0.254
543000000,41,244.344,65.7533,39.3522,0.264
544000000,65,390.188,-29.1576,52.7256,0.27625
545000000,48,285.971,2.82396,44.5041,0.267
546000000,68,418.973,28.0251,67.5846,0.23
547000000,34,197.234,-10.1004,30.9492,0.2575
548000000,52,313.819,7.65181,45.296,0.2475
549000000,50,301,48.5273,42.7987,0.217
550000000,26,142.243,53.1985,34.8444,0.2255
551000000,37,218.906,-15.5338,41.6765,0.262333
552000000,60,359.06,6.30736,43.3992,0.258
553000000,30,169.21,-6.41618,35.6948,0.2525
554000000,63,385.336,54.3635,55.9643,0.237
555000000,53,325.862,40.7496,48.2295,0.2285
556000000,26,137.083,-20.1568,31.2675,0.2315
557000000,37,223.613,50.0199,39.1572,0.23
558000000,23,126.423,-0.470015,29.1795,0.2435
559000000,50,298.729,36.6819,49.3521,0.245
560000000,37,212.918,47.6145,27.9376,0.225
561000000,30,180.449,1.0152,34.8557,0.2795
562000000,41,248.042,61.8311,45.3081,0.226
563000000,27,143.981,6.2904,20.2924,0.248571
564000000,25,154.644,-27.3493,26.2052,0.2645
565000000,15,85.7045,-6.35741,12.8248,0.252267
566000000,44,257.296,38.9654,55.3294,0.23
567000000,56,316.397,28.967,63.3657,0.245
568000000,51,316.721,30.096,55.4869,0.2545
569000000,39,226.863,29.0657,36.0124,0.25
570000000,30,179.743,37.8377,32.9425,0.236
571000000,24,143.355,11.8237,31.6455,0.258
572000000,43,253.122,24.0467,55.6407,0.223
573000000,37,222.129,59.0315,33.2815,0.217
574000000,19,118.132,1.39836,17.7486,0.248
575000000,66,403.65,63.8484,65.361,0.234
576000000,31,184.666,32.4498,29.9351,0.25
577000000,43,258.148,60.594,34.1489,0.2265
578000000,40,229.447,25.0617,46.1253,0.2515
579000000,33,198.118,26.0291,48.1382,0.237
580000000,66,399.989,46.8738,70.2431,0.266
581000000,23,130.455,11.1722,21.4788,0.237
582000000,21,124.253,9.68403,28.3789,0.2435
583000000,60,351.837,46.4439,66.7503,0.2455
584000000,38,221.679,61.2479,56.3633,0.228
585000000,42,249.604,23.9582,46.3899,0.241
586000000,51,296.166,39.5755,42.7335,0.2365
587000000,45,282.262,54.7954,46.2972,0.25
588000000,43,252.833,3.3511,48.7943,0.2575
589000000,35,217.428,29.4111,28.2636,0.246
590000000,51,300.585,34.1429,46.9659,0.252
591000000,41,255.818,17.0265,46.0471,0.249
592000000,19,118.183,3.55824,20.8007,0.2535
593000000,47,285.843,8.71744,49.5223,0.2625
594000000,51,311.926,56.1425,48.8633,0.2425
595000000,36,202.778,37.2498,41.6372,0.2275
596000000,31,188.936,45.1404,25.2405,0.251
597000000,41,242.599,19.6227,52.1687,0.261
598000000,82,497.574,8.40644,82.6156,0.28
599000000,47,273.614,12.3582,43.4056,0.266
600000000,54,325.757,34.0571,69.2378,0.2365
601000000,30,177.87,-43.6704,25.6723,0.265444
602000000,20,124.952,34.1279,20.8897,0.245667
603000000,42,255.961,55.7131,44.883,0.223
604000000,53,331.884,47.0199,56.8606,0.248
605000000,45,272.77,84.4363,52.9992,0.22
606000000,25,145.404,15.3483,36.6893,0.253
607000000,20,122.947,10.1793,24.5365,0.261333
608000000,61,379.615,11.9129,51.7287,0.263
609000000,31,186.268,13.0191,21.7117,0.241333
610000000,40,245.783,76.0829,38.5627,0.236
611000000,33,199.011,46.7027,36.6011,0.227
612000000,55,330.699,36.2465,57.4608,0.227
613000000,43,264.928,33.4356,39.151,0.248
614000000,37,219.481,1.1489,27.9612,0.281
615000000,39,242.879,23.8723,49.3725,0.219
616000000,35,195.17,15.1559,27.9154,0.263
617000000,54,313.649,21.278,58.6387,0.247
618000000,32,196.754,20.3603,45.989,0.2605
619000000,23,127.71,-16.2335,22.8026,0.247
620000000,48,294.236,42.1191,50.5257,0.254
621000000,28,172.829,-18.8374,27.4376,0.25475
622000000,31,190.209,-9.53731,38.4424,0.2635
623000000,38,217.136,-11.3658,52.1775,0.25825
624000000,36,216.995,28.2051,48.2426,0.244
625000000,51,309.424,35.0236,45.6171,0.251333
626000000,38,228.54,31.991,44.974,0.268
627000000,24,146.05,-26.8213,21.6192,0.261667
628000000,79,482.737,51.4653,77.3442,0.2555
629000000,51,299.801,72.732,51.9776,0.223
630000000,51,306.795,43.4565,57.3314,0.232
631000000,21,128.733,-9.61138,28.1561,0.2575
632000000,29,176.841,9.51196,20.1986,0.2375
633000000,9,57.696,-36.4662,12.3577,0.258
634000000,41,247.78,37.4963,46.8488,0.256
635000000,47,286.979,32.0948,61.0285,0.234
636000000,38,216.687,0.282687,50.1892,0.265
637000000,88,516.706,51.7476,90.2378,0.242
638000000,34,203.762,22.117,38.5708,0.2538
639000000,30,192.143,32.4181,30.5577,0.255
640000000,90,526.576,27.6501,102.426,0.257
641000000,42,248.355,20.5243,49.3535,0.252
642000000,43,267.689,14.8716,50.066,0.256
643000000,45,273.603,8.39912,45.2956,0.257
644000000,98,602.213,-12.0774,101.244,0.256
645000000,62,388.018,51.8825,66.1956,0.227
646000000,47,293.529,17.5442,44.7068,0.249
647000000,46,264.866,11.233,55.5475,0.2485
648000000,43,268.131,18.6747,25.6683,0.2425
649000000,66,406.012,10.7411,73.4989,0.27
650000000,31,180.658,17.2625,38.7195,0.236
651000000,47,290.551,36.4,37.7456,0.238
652000000,49,289.478,50.4196,57.3343,0.243
653000000,39,234.105,-14.3252,40.5476,0.2615
654000000,39,225.73,8.46679,41.1327,0.261
655000000,17,106.101,-27.2408,18.9403,0.251333
656000000,63,377.34,45.4454,61.4759,0.2425
657000000,19,120.528,-21.0198,15.764,0.2714
658000000,29,170.318,22.4768,22.9843,0.247667
659000000,34,202.309,-7.212,33.0401,0.2645
660000000,47,275.432,-2.96166,54.4188,0.251
661000000,40,235.312,27.1289,32.3577,0.256
662000000,54,330.103,26.1715,47.5676,0.246
663000000,58,350.279,20.3961,61.3546,0.245333
664000000,33,186.09,-32.218,30.2252,0.2685
665000000,48,295.772,-0.102089,48.246,0.243
666000000,38,224.599,24.1707,41.2029,0.2555
667000000,48,284.745,21.8313,41.1993,0.2705
668000000,40,239.905,31.7033,41.4081,0.259
669000000,46,267.469,45.9587,37.6551,0.266
670000000,45,265.255,7.74316,33.1458,0.2545
671000000,59,347.29,51.0728,58.1211,0.228
672000000,52,308.818,61.5603,47.1807,0.253
673000000,46,278.952,15.6167,51.5888,0.244
674000000,27,149.187,0.811075,24.8957,0.262333
675000000,55,323.002,50.639,47.71,0.208
676000000,48,294.095,43.1317,51.7139,0.251
677000000,29,163.86,12.8096,25.3477,0.256
678000000,35,218.187,24.9458,39.7541,0.248
679000000,46,288.775,31.458,46.4767,0.246
680000000,32,195.984,43.3611,29.2233,0.235
681000000,27,160.887,14.8074,23.3677,0.2325
682000000,53,309.146,45.3849,44.6912,0.234
683000000,25,149.642,1.0725,21.6575,0.248667
684000000,44,267.076,62.3818,40.6026,0.22
685000000,37,224.59,23.8752,41.2358,0.241
686000000,56,337.898,28.0891,55.8571,0.259
687000000,46,258.872,40.6343,33.6877,0.236
688000000,29,169.827,51.8124,29.2108,0.219
689000000,67,395.368,45.3263,87.6805,0.248
690000000,43,267.209,9.33436,45.8229,0.2634
691000000,36,214.414,-7.0481,36.4921,0.2445
692000000,43,259.395,3.44931,50.6319,0.2545
693000000,29,173.711,10.0334,24.9493,0.24
694000000,34,208.241,43.1098,34.0468,0.251
695000000,43,249.168,29.8604,40.8427,0.253
696000000,37,221.518,55.5836,38.1595,0.228
697000000,22,139.449,10.8436,17.5415,0.259
698000000,42,251.621,-15.4441,38.9759,0.279
699000000,26,167.209,3.24784,29.5707,0.2305
700000000,45,261.357,70.1546,40.1033,0.239
701000000,27,158.01,0.552314,31.2131,0.238
702000000,42,259.1,-14.6822,46.1162,0.244
703000000,44,268.762,57.0035,46.888,0.242
704000000,42,258.27,9.50637,39.0003,0.2575
705000000,28,169.7,5.68925,28.3763,0.244
706000000,24,150.294,44.9924,26.7929,0.2345
707000000,21,122.106,17.8977,28.089,0.2425
708000000,30,181.715,28.8929,36.2129,0.246
709000000,13,76.6557,-0.821626,11.0216,0.249667
710000000,51,313.045,24.0382,57.8433,0.252
711000000,36,228.653,27.2516,33.1111,0.249
712000000,53,342.777,33.6389,65.0967,0.244091
713000000,25,150.164,34.9329,20.7128,0.242667
714000000,34,210.101,5.95208,41.0674,0.2485
715000000,46,286.917,31.9636,41.3302,0.253
716000000,36,221.906,23.7097,36.6224,0.235
717000000,33,203.997,23.5396,34.5104,0.241
718000000,22,135.892,-25.4,22.5305,0.2396
719000000,53,312.486,24.2952,53.2827,0.225
720000000,19,115.44,22.3213,19.0214,0.23
721000000,49,292.806,14.3218,44.4689,0.262
722000000,49,292.971,27.8358,57.6711,0.263
723000000,73,434.497,-16.7144,78.376,0.245
724000000,39,248.281,33.5423,32.505,0.245
725000000,30,185.33,16.7919,23.5968,0.248
726000000,32,196.777,56.5035,25.4492,0.239
727000000,21,120.799,23.7857,11.3815,0.25
728000000,33,209.876,15.7655,30.6003,0.2295
729000000,31,185.308,16.4441,37.1604,0.235
730000000,35,205.016,6.32745,32.4296,0.253
731000000,50,308.998,49.4662,43.991,0.228
732000000,68,418.459,14.104,72.0357,0.237
733000000,45,265.925,25.3187,46.7827,0.24225
734000000,38,231.909,27.3729,43.9458,0.2515
735000000,45,275.473,8.28842,45.1696,0.259
736000000,60,358.02,15.2546,67.1431,0.276
737000000,72,439.744,30.3483,67.4855,0.241
738000000,56,324.816,53.7517,51.7859,0.24
739000000,37,233.892,48.7647,37.2419,0.24
740000000,83,500.137,34.4425,96.7987,0.282
741000000,48,290.956,14.9261,50.4837,0.286
742000000,43,255.624,16.4369,46.2814,0.257
743000000,59,363.793,18.6063,60.0474,0.232
744000000,53,319.132,50.4408,54.8893,0.25
745000000,58,338.048,26.5032,66.6568,0.256
746000000,33,199.325,9.41768,32.0105,0.237
747000000,51,310.397,63.311,58.1106,0.229
748000000,27,165.527,5.04946,20.9471,0.256
749000000,42,255.293,26.401,35.5056,0.256
750000000,50,285.095,45.704,48.284,0.226
751000000,61,355.279,22.8526,68.8188,0.257
752000000,32,185.495,5.30956,31.9037,0.263
753000000,27,160.211,-28.6794,27.8807,0.253
754000000,52,295.5,28.7259,51.3674,0.246
755000000,50,301.477,45.8758,44.8343,0.244
756000000,54,331.671,23.5976,45.6096,0.238
757000000,40,253.648,4.0432,43.5267,0.267
758000000,63,376.86,8.67214,77.7473,0.261
759000000,37,229.4,27.5809,36.777,0.235
760000000,40,227.269,13.0752,46.3736,0.254
761000000,61,357.623,56.7089,65.0135,0.245
762000000,52,301.897,16.4346,50.8169,0.26475
763000000,16,87.6807,36.9926,24.6155,0.2315
764000000,42,252.672,36.06,44.1212,0.259
765000000,39,230.337,3.42148,56.7797,0.251
766000000,56,322.552,50.0443,58.7526,0.246
767000000,41,254.812,66.9256,36.7757,0.2475
768000000,56,352.849,25.5315,63.8049,0.242
769000000,52,315.406,-9.60304,51.286,0.254
770000000,82,491.206,27.203,71.7705,0.249
771000000,43,260.401,40.5411,36.3347,0.231
772000000,33,186.185,15.1401,29.0422,0.256
773000000,92,557.284,37.9716,95.8979,0.248
774000000,31,183.95,45.1123,33.5943,0.257
775000000,36,217.861,21.475,34.0055,0.2495
776000000,45,274.298,4.76441,48.3507,0.26
777000000,29,165.214,-6.04449,31.8089,0.2515
778000000,53,314.039,77.614,64.9403,0.25
779000000,42,258.108,-23.3547,48.8883,0.285
780000000,34,211.14,25.8826,31.7185,0.254
781000000,35,209.104,14.7161,40.8435,0.2435
782000000,27,156.83,52.8981,21.7192,0.212
783000000,26,154.379,27.4175,25.4806,0.234
784000000,46,283.34,60.2087,42.65,0.214
785000000,49,295.264,46.9526,60.264,0.224
786000000,25,153.243,8.28522,26.0694,0.2645
787000000,45,274.816,2.35771,40.6299,0.236
788000000,64,393.759,17.5701,44.3268,0.26
789000000,34,188.347,67.6258,45.9003,0.231
790000000,43,268.729,27.6798,47.177,0.227
791000000,42,251.651,35.7698,45.1198,0.239667
792000000,32,191.758,-14.0928,21.328,0.2725
793000000,51,301.807,34.9228,50.3068,0.247
794000000,45,275.111,60.9872,48.1783,0.21
795000000,27,146.662,28.2659,31.3857,0.2285
796000000,24,133.37,5.06613,36.1053,0.2705
797000000,57,333.613,20.4958,49.9656,0.253
798000000,46,271.508,15.5679,50.4532,0.256
799000000,36,214.331,31.2556,22.747,0.23
800000000,31,186.419,-10.6604,40.7026,0.26
801000000,52,314.266,25.816,54.3656,0.252
802000000,28,170.346,-1.8075,36.9671,0.2435
803000000,34,204.555,5.14045,45.2669,0.257
804000000,47,272.907,41.1969,39.0459,0.2415
805000000,36,225.832,10.2069,33.4724,0.2555
806000000,74,446.879,33.3797,75.0234,0.264
807000000,67,412.218,53.2785,64.6737,0.211
808000000,48,300.993,36.7301,42.5667,0.235
809000000,41,238.707,68.8079,42.2446,0.2375
810000000,28,168.962,3.42659,28.3083,0.2435
811000000,44,256.712,12.4047,42.0596,0.245
812000000,21,120.904,34.2256,28.2523,0.218
813000000,22,132.523,2.0571,25.0447,0.233667
814000000,42,248.485,64.9701,37.209,0.221
815000000,42,253.162,37.8966,43.1554,0.2605
816000000,74,434.646,11.9797,73.6063,0.263
817000000,34,197.368,31.1973,28.3353,0.2285
818000000,60,352.663,8.99358,55.7617,0.2495
819000000,39,227.712,17.9877,36.2134,0.2535
820000000,55,340.486,-11.6406,59.7472,0.261
821000000,20,113.977,-6.38364,26.3217,0.2605
822000000,62,378.145,66.4022,70.8224,0.253
823000000,42,250.344,68.6803,38.9436,0.248
824000000,20,121.88,-3.78784,15.4538,0.252571
825000000,38,236.508,-5.80982,32.4326,0.2595
826000000,34,203.654,-2.22203,46.7284,0.25025
827000000,39,228.74,0.750071,37.8661,0.245
828000000,71,423.194,111.601,72.0757,0.202
829000000,23,136.768,4.57101,18.9656,0.2635
830000000,39,228.205,-56.039,51.7995,0.279
831000000,30,185.66,20.5958,30.0496,0.261
832000000,33,202.396,-0.484301,25.8368,0.23
833000000,54,324.996,62.8542,63.6938,0.238
834000000,32,184.721,-2.21705,24.6638,0.24775
835000000,48,283.404,49.4411,44.649,0.233
836000000,38,230.303,57.6537,47.9185,0.233
837000000,56,331.991,9.98508,61.0328,0.263
838000000,41,255.654,-15.0234,40.3452,0.25
839000000,72,423.339,36.7464,78.7225,0.249
840000000,44,270.442,26.011,41.8497,0.2465
841000000,57,333.679,62.0166,59.3291,0.225
842000000,35,207.47,54.1099,38.8717,0.221
843000000,52,311.443,22.0487,41.077,0.242
844000000,43,264.746,31.7012,39.2457,0.2435
845000000,35,208.071,22.1961,38.0823,0.254667
846000000,40,241.688,48.836,32.1787,0.245
847000000,51,300.411,44.1011,56.1162,0.234
848000000,63,375.77,43.4999,81.8308,0.237
849000000,43,255.379,33.0354,35.1009,0.226
850000000,82,507.898,13.5558,92.9574,0.284
851000000,44,261.516,38.6605,41.8099,0.245
852000000,36,204.972,4.64429,29.5147,0.251
853000000,40,237.1,-11.6413,40.2711,0.2585
854000000,35,208.482,23.6058,24.8381,0.24
855000000,51,317.357,44.7529,45.0137,0.217
856000000,39,229.241,-34.1143,37.4343,0.269
857000000,25,147.235,3.70954,22.869,0.26
858000000,47,291.443,15.901,47.873,0.2588
859000000,38,229.344,30.003,42.2606,0.252
860000000,45,273.089,24.5336,42.5065,0.235
861000000,38,237.664,34.6928,32.926,0.256
862000000,28,173.155,22.7492,22.5272,0.257
863000000,48,276.973,59.1222,47.6422,0.226
864000000,25,149.936,23.2213,26.7993,0.253
865000000,67,399.72,36.2031,76.4528,0.246
866000000,25,151.173,7.22728,29.7229,0.25
867000000,57,353.984,53.5337,61.8433,0.211
