generation,N_shifts,logPrior,logLik,eventRate,acceptRate
0,0,-6.60872,-782.974,200,1
1000000,29,170.38,22.7092,40.0492,0.2525
2000000,56,310.9,49.7964,56.54,0.237
3000000,36,213.798,-6.80655,41.3053,0.261
4000000,36,209.644,47.4174,45.2368,0.243
5000000,31,182.684,18.709,30.4912,0.243667
6000000,52,294.294,-4.16806,45.1973,0.255
7000000,51,304.656,34.163,50.9463,0.239
8000000,46,267.975,38.4101,42.8531,0.221
9000000,52,311.266,56.0142,45.0229,0.237
10000000,46,263.716,51.6957,47.7265,0.2305
11000000,41,240.715,18.5084,43.6799,0.238
12000000,39,230.721,17.6584,44.2778,0.231667
13000000,60,365.673,23.2682,65.8453,0.2415
14000000,33,196.348,-15.954,30.0158,0.254
15000000,34,197.751,-26.1089,35.2769,0.275
16000000,39,235.82,23.2581,31.0596,0.245
17000000,83,473.555,31.0773,69.7432,0.255
18000000,28,149.785,24.6104,26.7975,0.249
19000000,41,230.542,43.2318,34.282,0.246
20000000,43,251.837,-9.02684,40.0851,0.253
21000000,47,270.915,30.2228,49.0885,0.262
22000000,55,323.28,54.7477,55.6007,0.239
23000000,60,332.394,37.6277,52.3766,0.249
24000000,33,185.952,-0.819345,23.4289,0.251
25000000,46,264.443,35.9167,49.7903,0.237
26000000,125,723.747,7.30849,127.739,0.238
27000000,40,240.01,23.2603,43.977,0.259
28000000,43,254.694,8.31354,43.2452,0.27
29000000,37,227.431,20.5765,40.1436,0.234333
30000000,33,180.307,6.90239,49.4118,0.2535
31000000,44,248.934,19.2256,47.0832,0.2435
32000000,72,435.795,31.2083,73.3053,0.2585
33000000,66,390.27,10.4998,80.2961,0.265
34000000,42,251.139,10.4445,56.403,0.2445
35000000,34,203.272,2.24943,28.3581,0.2315
36000000,27,161.38,5.21549,33.8234,0.253
37000000,60,348.909,62.1331,55.3341,0.2205
38000000,64,371.894,41.4501,56.7582,0.237
39000000,53,315.902,39.4055,50.0296,0.238
40000000,49,285.647,72.1119,51.5913,0.211
41000000,84,497.803,71.7302,89.0318,0.234
42000000,53,309.712,-9.94637,41.9038,0.2765
43000000,51,301.946,19.8313,64.6415,0.258
44000000,21,118.831,-2.4448,16.875,0.24925
45000000,30,172.718,27.2647,33.6058,0.251
46000000,41,239.466,23.9578,41.3634,0.241
47000000,49,286.413,48.8047,54.7468,0.241
48000000,50,286.005,51.8161,60.6285,0.24
49000000,37,229.1,42.2476,31.9525,0.259
50000000,42,245.471,-5.82788,40.9237,0.2765
51000000,45,260.327,61.5037,40.747,0.229
52000000,26,155.496,49.6433,28.919,0.229
53000000,21,126.305,13.0382,22.2683,0.24
54000000,49,287.942,-29.7021,53.2143,0.263333
55000000,53,310.541,4.33618,56.8982,0.2505
56000000,67,395.265,44.1316,65.0599,0.224
57000000,34,188.177,-11.6197,41.9926,0.2655
58000000,23,140.104,15.5466,22.2297,0.236333
59000000,46,273.155,13.8492,44.4746,0.238
60000000,20,123.419,31.7715,25.7646,0.256
61000000,50,285.752,-35.3065,41.9888,0.2875
62000000,40,238.701,22.6297,37.6465,0.2335
63000000,52,308.728,11.7579,58.7172,0.2465
64000000,49,290.499,18.5399,42.2014,0.241
65000000,22,117.762,-9.04644,20.336,0.2575
66000000,34,196.411,40.032,35.3947,0.22625
67000000,25,145.343,44.0894,21.5817,0.236
68000000,46,259.488,12.636,37.6917,0.264
69000000,40,236.737,26.1589,55.7619,0.243
70000000,47,277.384,14.8523,53.009,0.256
71000000,51,294.039,40.0028,55.2109,0.27
72000000,46,264.81,41.3313,61.7974,0.2385
73000000,26,140.413,-0.42745,34.0509,0.253333
74000000,41,241.674,5.82139,34.9313,0.268
75000000,61,354.03,5.55988,45.8656,0.259
76000000,36,208.754,-8.08573,37.4568,0.245333
77000000,61,354.684,30.7812,65.1021,0.223
78000000,34,205.022,26.2625,32.5163,0.249
79000000,68,405.842,13.3638,79.1748,0.252
80000000,31,175.078,22.12,34.9246,0.257667
81000000,44,263.484,53.5256,47.0039,0.23
82000000,54,316.852,50.303,53.2396,0.229
83000000,60,349.022,57.7062,72.3249,0.2505
84000000,84,495.342,22.6752,99.1976,0.246
85000000,49,288.893,-13.2307,40.2375,0.259
86000000,45,265.679,27.8849,48.405,0.2485
87000000,56,333.79,24.5158,54.6212,0.242
88000000,44,252.582,19.6156,60.8688,0.2619
89000000,37,222.584,28.4602,35.3415,0.2325
90000000,51,290.429,80.1809,57.2801,0.237
91000000,94,544.663,49.4039,95.2701,0.257
92000000,58,335.538,66.0365,54.8678,0.223
93000000,41,236.256,42.8889,36.5836,0.225
94000000,37,208.321,41.5859,41.1025,0.23
95000000,80,474.721,22.4633,76.6504,0.248
96000000,34,196.421,28.7801,25.0784,0.226
97000000,32,187.832,-29.587,26.8575,0.268
98000000,38,224.396,31.4973,43.2386,0.269
99000000,31,185.122,16.1019,31.2448,0.256
100000000,45,262.167,17.4848,38.9682,0.257889
101000000,36,213.006,48.103,48.8595,0.233333
102000000,35,213.631,-2.7743,32.4632,0.252
103000000,41,243.841,66.9972,32.2717,0.231
104000000,34,195.096,53.6247,30.8273,0.211
105000000,47,274.041,-2.27606,65.1071,0.246
106000000,36,217.949,32.6238,32.5709,0.232
107000000,21,121.342,-32.664,14.3365,0.263667
108000000,64,370.981,10.8071,62.9912,0.243
109000000,39,228.634,40.4838,36.4674,0.207
110000000,50,302.781,39.2004,40.2986,0.234
111000000,37,221.887,57.0161,28.7023,0.2295
112000000,55,325.665,45.9573,48.2255,0.244
113000000,42,240.689,-12.4398,35.5734,0.246
114000000,41,235.913,36.7472,34.7909,0.2605
115000000,31,178.493,32.6422,40.2428,0.228667
116000000,53,314.912,26.202,45.9701,0.2515
117000000,75,429.479,52.1774,87.0692,0.236
118000000,33,182.252,26.9117,33.5615,0.221
119000000,26,144.159,2.32525,22.2783,0.2265
120000000,27,150.78,-10.9871,20.7205,0.261
121000000,46,272.944,48.0595,39.1322,0.257
122000000,53,312.381,30.0526,49.9062,0.239
123000000,43,254.147,29.9442,41.1159,0.244
124000000,51,305.628,50.0358,55.7745,0.247
125000000,52,307.898,-0.889876,55.6451,0.27
126000000,64,375.326,20.0936,50.1965,0.244
127000000,62,359.482,72.1249,71.8462,0.245
128000000,51,303.247,25.7842,49.8603,0.243
129000000,48,285.418,9.59282,39.4823,0.2425
130000000,60,344.109,34.929,59.7934,0.248
131000000,35,202.011,43.7902,26.0248,0.237
132000000,48,279.739,22.1964,50.1358,0.243
133000000,61,370.926,42.7581,60.4656,0.252
134000000,56,328.618,26.9443,55.1821,0.247
135000000,38,218.959,36.8782,30.7898,0.228
136000000,33,199.077,31.2348,23.0674,0.2405
137000000,41,240.989,-25.9284,43.1256,0.253
138000000,42,249.217,18.0171,54.6883,0.267
139000000,41,228.733,66.8004,33.8437,0.24
140000000,38,232.036,49.8944,48.1602,0.234
141000000,31,175.223,28.2244,23.7758,0.247
142000000,54,305.864,65.3882,57.9422,0.246
143000000,51,294.867,40.5976,55.6692,0.257
144000000,62,357.503,55.6578,66.2429,0.226
145000000,65,386.168,23.5673,70.9125,0.249
146000000,31,187.331,7.2719,34.3568,0.236
147000000,30,159.344,11.4142,37.6549,0.2315
148000000,40,237.095,33.3365,41.8812,0.253
149000000,48,290.039,54.6369,43.2635,0.247
150000000,51,313.269,12.6398,48.5551,0.241
151000000,47,272.163,44.5225,54.1364,0.255
152000000,52,305.285,19.2676,52.8474,0.245
153000000,28,163.821,38.1877,24.014,0.235
154000000,43,260.32,9.27346,38.5413,0.27
155000000,29,165.148,14.4457,29.8093,0.2405
156000000,37,221.033,33.611,34.5863,0.24075
157000000,80,453.558,53.7116,84.8823,0.23
158000000,61,366.966,10.9208,51.3053,0.244
159000000,51,314.767,55.2129,50.8642,0.229
160000000,51,296.349,33.9864,50.5037,0.2395
161000000,43,256.549,27.3557,37.2176,0.247
162000000,39,227.94,12.7602,43.245,0.2415
163000000,66,391.054,51.4759,54.2506,0.2415
164000000,31,185.658,22.3029,30.4411,0.247333
165000000,36,212.145,-10.1049,34.7998,0.2745
166000000,41,230.123,44.1041,46.5715,0.2515
167000000,46,276.567,32.7281,58.7481,0.2495
168000000,51,293.055,22.5756,49.276,0.2435
169000000,41,249.414,19.1289,39.4737,0.2532
170000000,36,196.572,-29.6041,39.7372,0.2705
171000000,29,174.142,18.6964,40.103,0.2645
172000000,32,176.991,-6.38775,30.8189,0.277
173000000,53,301.512,6.18044,72.7115,0.2465
174000000,46,279.415,22.8438,51.1489,0.2405
175000000,69,407.172,37.1042,77.4903,0.242
176000000,43,260.563,51.8805,41.9889,0.2355
177000000,68,383.613,63.8663,68.3534,0.222
178000000,64,389.687,62.6915,56.8616,0.221
179000000,36,217.909,52.0834,33.7085,0.232
180000000,32,184.595,25.3473,36.5597,0.243
181000000,43,258.39,74.9702,40.6141,0.2525
182000000,65,393.454,21.8686,70.1723,0.258
183000000,45,267.782,32.9109,41.1852,0.234
184000000,24,145.335,24.2869,27.351,0.24
185000000,44,258.891,33.8069,32.3512,0.235
186000000,55,326.312,75.9597,63.2335,0.2405
187000000,55,323.564,17.1401,60.3538,0.2585
188000000,26,148.005,10.7213,29.7619,0.247
189000000,76,437.89,53.9517,79.562,0.222
190000000,55,319.705,63.7205,69.2386,0.221
191000000,40,239.125,26.9792,36.8332,0.222
192000000,62,353.431,5.40361,57.9287,0.256
193000000,54,320.276,5.81415,45.0862,0.238
194000000,40,241.74,1.13358,36.6297,0.2445
195000000,83,487.394,61.9825,71.2341,0.236
196000000,61,380.755,13.2075,61.5659,0.249
197000000,64,385.732,81.4183,78.294,0.219
198000000,44,242.503,29.7592,45.6798,0.251
199000000,47,272.367,35.6051,51.543,0.2375
200000000,28,166.781,13.6734,25.8607,0.26
201000000,55,328.896,19.723,61.1746,0.253
202000000,41,248.138,22.2299,46.4813,0.254
203000000,45,266.245,56.7118,50.1476,0.253
204000000,42,243.015,52.6324,54.7055,0.235
205000000,28,147.091,0.590004,37.3638,0.253
206000000,33,189.13,3.52938,24.2957,0.2315
207000000,39,238.842,5.97284,41.0447,0.246
208000000,57,346.353,62.1081,62.0595,0.218
209000000,42,255.869,11.6458,40.221,0.2605
210000000,39,232.521,31.8655,44.5169,0.253
211000000,42,254.659,31.0841,49.1856,0.231
212000000,47,279.898,30.624,48.3675,0.237
213000000,35,209.091,39.9687,40.2755,0.2285
214000000,72,411.15,38.6481,79.7716,0.24
215000000,33,184.153,36.0178,37.3973,0.2325
216000000,75,442.697,61.1409,74.8385,0.237
217000000,89,512.266,26.1505,92.1658,0.268
218000000,56,328.603,13.2912,53.9485,0.263
219000000,47,268.725,22.5663,37.3383,0.2245
220000000,25,147.331,26.5237,20.0131,0.2455
221000000,56,340.665,32.696,40.1336,0.242
222000000,27,161.107,45.2819,41.8045,0.2295
223000000,42,240.707,56.8055,43.4497,0.241
224000000,57,332.306,40.7875,67.0361,0.2365
225000000,18,104.589,6.86004,26.099,0.2615
226000000,50,305.281,41.7825,58.9931,0.247
227000000,61,372.393,37.7935,53.11,0.2355
228000000,24,137.866,-0.156954,25.0116,0.238
229000000,42,255.114,42.7075,40.3694,0.2285
230000000,50,284.279,59.5835,53.236,0.229
231000000,53,304.506,27.6466,48.7966,0.227
232000000,31,175.216,4.16845,32.1514,0.249
233000000,48,276.014,36.7284,42.8393,0.2495
234000000,47,272.961,17.9923,68.9393,0.2395
235000000,45,253.476,41.7648,42.9936,0.2255
236000000,45,274.532,23.7892,35.1221,0.262
237000000,29,166.619,0.433368,25.8218,0.253
238000000,30,180.213,12.1289,48.3229,0.251
239000000,46,270.92,43.9511,49.2257,0.238
240000000,50,284.743,41.4685,46.2207,0.247
241000000,36,208.972,50.3605,35.9209,0.242
242000000,36,208.508,24.9983,31.3742,0.2395
243000000,30,172.603,-13.0212,37.7722,0.2585
244000000,51,294.625,27.001,54.4452,0.251
245000000,88,523.263,19.2447,88.4549,0.24
246000000,28,156.641,34.8611,28.9831,0.2413
247000000,57,330.027,58.4677,61.8714,0.248
248000000,65,387.498,49.4919,68.3189,0.24
249000000,38,219.766,9.28843,32.9659,0.2385
250000000,85,497.851,75.62,93.0697,0.224
251000000,37,219.214,19.6282,25.472,0.279
252000000,42,252.426,15.1361,44.8881,0.246
253000000,43,247.748,42.3519,43.5173,0.2305
254000000,35,201.417,48.5627,36.0145,0.241
255000000,46,275.667,33.8053,42.7802,0.256
256000000,61,364.823,14.2205,53.1892,0.259
257000000,53,303.913,24.093,47.5705,0.249
258000000,65,381.092,33.4845,65.7017,0.282
259000000,37,214.317,-6.9023,40.115,0.256
260000000,62,371.857,52.6579,81.2892,0.221
261000000,32,186.063,31.9942,36.3008,0.242
262000000,58,324.021,18.9957,61.1211,0.24
263000000,49,293.812,37.58,53.2603,0.248
264000000,41,254.816,7.52772,57.699,0.242
265000000,21,122.072,-21.134,26.9051,0.2645
266000000,53,313.126,19.2877,48.8488,0.246
267000000,47,285.17,29.3644,43.0247,0.2325
268000000,26,149.928,21.4474,22.2966,0.2695
269000000,56,336.551,29.0707,62.5209,0.2705
270000000,64,370.353,36.7541,56.9869,0.23
271000000,73,440.453,56.031,78.862,0.242
272000000,33,187.822,19.2139,38.1807,0.2345
273000000,45,271.805,7.29175,47.7611,0.242
274000000,46,267.744,29.1528,57.3105,0.234
275000000,46,256.639,16.0234,39.5008,0.246
276000000,53,323.082,47.0529,54.5769,0.2245
277000000,42,243.487,46.5594,41.9156,0.259
278000000,56,334.059,22.3191,54.2259,0.251
279000000,77,465.626,4.96781,84.6261,0.289
280000000,73,418.606,25.54,86.7666,0.247
281000000,40,235.012,-1.12172,37.1008,0.26925
282000000,45,268.13,-27.9673,50.0134,0.254
283000000,30,181.853,47.0641,33.0051,0.219
284000000,62,368.392,35.9534,62.9366,0.22
285000000,50,300.172,65.2633,53.5913,0.2265
286000000,31,182.47,14.5616,25.1191,0.24
287000000,70,417.469,53.9556,70.9559,0.24
288000000,27,146.921,17.001,23.5846,0.238
289000000,56,323.042,59.888,47.578,0.216
290000000,37,212.006,39.9834,34.6085,0.2505
291000000,47,285.769,42.1066,44.3465,0.229
292000000,32,188.482,-42.7321,41.3163,0.27975
293000000,48,289.511,31.0173,46.1623,0.232
294000000,59,351.651,59.5891,79.0772,0.2335
295000000,38,217.742,22.4877,32.1473,0.233
296000000,37,209.78,0.600516,39.9534,0.261
297000000,51,303.648,71.3987,55.2595,0.237
298000000,37,217.659,3.42378,42.6643,0.262
299000000,29,168.707,31.8106,35.5377,0.236
300000000,52,307.558,61.8505,45.2833,0.245
301000000,40,220.249,54.6021,41.2025,0.253
302000000,62,351.25,23.4131,62.1632,0.247
303000000,38,204.828,27.1358,39.045,0.2375
304000000,44,250.559,63.7677,45.1906,0.2175
305000000,55,306.649,37.4464,50.9508,0.237
306000000,39,235.992,32.4898,34.1166,0.249
307000000,58,325.191,38.6811,73.4449,0.217
308000000,29,161.439,26.1263,27.0985,0.248
309000000,45,264.233,4.26118,42.2157,0.2495
310000000,52,309.005,5.49926,52.6359,0.255
311000000,40,235.063,52.3812,39.4652,0.233
312000000,49,277.558,33.643,59.4615,0.265
313000000,44,246.207,-7.20546,38.0957,0.2645
314000000,24,136.6,6.0946,25.0455,0.24
315000000,39,230.474,2.45059,50.1245,0.262
316000000,31,188.282,19.333,35.7563,0.257
317000000,45,254.82,16.1315,52.3121,0.2665
318000000,42,243.608,21.2911,42.9706,0.27
319000000,27,158.95,26.8576,34.2874,0.2345
320000000,50,297.243,47.7392,64.2584,0.2305
321000000,59,349.552,-1.68955,61.9288,0.2735
322000000,34,211.634,61.7333,28.639,0.222
323000000,47,266.723,18.0105,53.4991,0.243
324000000,74,430.801,31.5282,92.0786,0.2275
325000000,66,402.25,55.3265,60.0161,0.254
326000000,19,114.487,20.8213,30.9513,0.23
327000000,42,239.307,34.5846,48.7258,0.2365
328000000,36,226.353,55.385,35.5705,0.2285
329000000,73,430.168,41.3696,80.1994,0.221
330000000,26,152.277,1.14901,25.0036,0.237333
331000000,40,237.497,-16.8444,40.5939,0.257
332000000,53,318.868,19.2153,59.1766,0.238
333000000,27,155.37,-15.8507,30.5716,0.263
334000000,49,273.361,18.3151,58.0687,0.26
335000000,36,219.178,-7.48249,31.3457,0.2385
336000000,48,276.202,21.3192,53.9544,0.2345
337000000,69,407.126,28.7313,60.1526,0.2465
338000000,54,309.501,33.119,54.4754,0.2475
339000000,45,270.807,22.0982,55.4315,0.2445
340000000,39,226.111,42.8061,44.3007,0.273
341000000,46,277.7,52.049,45.2446,0.235
342000000,37,217.87,3.53915,44.371,0.245
343000000,31,187.662,42.7069,29.1654,0.248
344000000,42,242.346,56.9366,46.8974,0.24175
345000000,49,288.163,40.6689,46.5441,0.251
346000000,25,141.534,34.3421,18.7969,0.256
347000000,48,293.343,48.8568,50.6813,0.261
348000000,40,237.753,40.0451,60.5342,0.2355
349000000,33,183.187,8.32991,37.8052,0.2515
350000000,42,254.837,16.3543,46.2758,0.254
351000000,38,232.438,10.0467,51.5629,0.226
352000000,40,227.966,15.9292,41.527,0.2465
353000000,53,305.21,31.3436,57.9373,0.223
354000000,71,423.481,13.9949,64.7906,0.2615
355000000,35,208.966,2.77478,26.8275,0.264667
356000000,36,211.216,7.73349,34.8956,0.26925
357000000,55,315.82,28.4797,74.7913,0.213
358000000,52,304.003,20.6823,48.9594,0.256
359000000,43,253.109,60.5801,53.0967,0.246
360000000,42,252.703,46.4647,39.7123,0.215
361000000,46,260.855,47.4636,39.1604,0.226
362000000,43,263.552,50.1875,41.7293,0.257
363000000,38,228.769,17.7683,22.1491,0.25
364000000,42,235.23,41.1366,40.2241,0.2285
365000000,50,289.883,31.2956,61.7583,0.237
366000000,37,215.495,18.219,35.1698,0.2485
367000000,53,330.839,33.5651,52.1861,0.266
368000000,55,325.584,41.5781,59.8383,0.231
369000000,52,299.32,34.5507,46.1633,0.2315
370000000,30,180.56,29.7114,28.6782,0.2335
371000000,53,302.304,25.5114,56.9831,0.231
372000000,34,190.726,32.5074,35.4522,0.238
373000000,44,250.081,29.9136,40.8907,0.228
374000000,38,209.007,33.0825,36.1132,0.255
375000000,54,316.062,16.5733,46.482,0.243
376000000,74,435.295,34.1636,70.7593,0.244
377000000,54,319.839,12.8096,51.302,0.239
378000000,51,292.538,22.6388,60.3904,0.2575
379000000,50,314.46,44.9091,56.4445,0.231
380000000,48,273.817,18.6408,52.3715,0.2465
381000000,62,355.238,69.4271,71.9392,0.247
382000000,40,234.201,20.6299,40.2887,0.2555
383000000,33,204.93,43.4237,27.4112,0.232
384000000,44,263.16,23.0403,51.0457,0.245
385000000,53,304.074,3.56632,56.1555,0.2475
386000000,48,278.876,27.3626,44.3723,0.293
387000000,30,174.432,28.0663,27.9218,0.247
388000000,36,213.732,18.6818,34.1782,0.2525
389000000,40,218.666,28.0373,43.0182,0.2435
390000000,29,170.198,24.9557,20.6847,0.2415
391000000,35,197.227,87.0034,37.3817,0.22
392000000,49,278.607,31.915,42.5218,0.279
393000000,49,288.924,6.03626,51.5569,0.263
394000000,56,333.848,43.1351,61.1453,0.2495
395000000,39,221.661,-14.2007,35.0876,0.2609
396000000,43,256.201,39.0143,41.1334,0.232
397000000,41,240.135,4.069,45.7765,0.2375
398000000,41,248.614,32.7019,38.1692,0.2545
399000000,63,374.64,19.5005,63.1263,0.25
400000000,52,303.576,12.3684,49.0586,0.235
401000000,46,244.169,67.825,47.5292,0.22
402000000,58,333.997,55.1875,54.6018,0.222
403000000,30,172.348,20.8586,25.3651,0.237
404000000,41,246.844,22.0577,51.1809,0.245
405000000,37,217.597,15.6902,43.5038,0.2605
406000000,41,235.845,52.9058,36.2779,0.248
407000000,33,186.251,8.99552,33.4564,0.2585
408000000,29,171.859,44.6885,26.1854,0.2455
409000000,53,303.803,40.1223,66.6292,0.245
410000000,33,197.649,9.195,38.4752,0.264
411000000,48,291.379,25.3654,53.8161,0.2605
412000000,94,535.573,26.0396,85.1312,0.2565
413000000,57,319.608,43.999,51.1731,0.2485
414000000,60,331.025,37.945,66.0454,0.214
415000000,32,177.31,14.1888,39.4749,0.242
416000000,78,460.288,8.20475,79.7017,0.272
417000000,52,303.21,47.6018,64.6876,0.235
418000000,54,306.401,21.1719,51.4105,0.2615
419000000,49,274.832,42.6193,47.7127,0.259
420000000,53,301.71,13.3104,54.1044,0.242
421000000,60,363.348,41.2852,65.2625,0.234
422000000,34,196.475,37.0646,32.2505,0.255
423000000,65,377.955,32.3155,43.7969,0.2415
424000000,62,353.802,26.9758,57.1293,0.246
425000000,37,210.991,22.1709,35.419,0.2452
426000000,37,222.929,0.731431,30.7424,0.256
427000000,50,310.336,13.4213,50.8212,0.2484
428000000,51,294.277,53.6997,50.9164,0.233
429000000,39,224.604,24.1293,36.878,0.2415
430000000,36,206.457,-3.09995,44.3904,0.272
431000000,34,196.549,22.9042,35.7328,0.2635
432000000,38,227.734,20.5404,41.9401,0.2275
433000000,49,288.221,53.9843,50.8025,0.2345
434000000,50,291.302,39.083,49.5205,0.222
435000000,32,182.417,43.8415,50.2732,0.244
436000000,31,180.805,24.0645,31.1187,0.2505
437000000,40,235.469,56.9616,44.6297,0.244
438000000,46,274.79,61.4412,49.8903,0.238
439000000,55,309.076,44.7652,57.079,0.2605
440000000,42,237.804,52.3404,51.7251,0.239
441000000,45,271.337,-4.97835,60.9581,0.261333
442000000,51,286.238,87.1788,39.7966,0.241
443000000,55,322.114,9.15218,59.2958,0.255
444000000,46,267.892,12.958,54.2132,0.2385
445000000,40,231.214,25.4327,52.4064,0.219
446000000,40,239.91,6.84677,53.608,0.254
447000000,28,165.849,15.1773,27.675,0.2375
448000000,45,270.083,28.5706,45.9645,0.246
449000000,35,187.453,19.6265,35.6929,0.259
450000000,31,177.176,36.6562,32.9145,0.2525
451000000,43,239.497,31.3432,57.3955,0.247
452000000,30,169.848,52.4617,19.6933,0.231
453000000,56,333.938,73.5685,65.1597,0.218
454000000,43,252.19,24.0137,41.6915,0.2395
455000000,34,203.688,49.2985,31.7757,0.242
456000000,24,135.456,34.6894,40.5133,0.2235
457000000,50,288.337,68.5484,51.1338,0.216
458000000,35,202.655,59.3848,32.0972,0.244333
459000000,52,298.387,25.6198,43.1985,0.2405
460000000,50,292.641,35.5709,53.5017,0.26
461000000,43,264.014,52.0056,43.6852,0.222
462000000,32,187.591,24.0701,31.0035,0.2564
463000000,58,336.346,60.3618,70.1837,0.235
464000000,48,281.34,19.2064,43.961,0.269
465000000,36,212.26,-9.52663,40.1228,0.269
466000000,30,158.426,31.3973,27.5399,0.256667
467000000,68,411.019,50.7371,60.9233,0.215
468000000,44,251.714,19.9291,29.4244,0.249
469000000,36,209.387,27.1197,40.1977,0.238
470000000,47,268.312,-3.72019,54.3536,0.266667
471000000,46,265.133,35.8138,35.8551,0.226
472000000,40,232.664,31.443,44.81,0.228
473000000,37,222.042,10.9677,38.045,0.2595
474000000,45,270.241,57.2567,35.6048,0.225
475000000,33,199.928,20.961,38.0056,0.2435
476000000,61,354.031,30.4034,53.9869,0.2535
477000000,42,249.721,41.0154,43.0109,0.234
478000000,51,292.107,10.1469,47.3911,0.240667
479000000,71,425.035,88.2696,59.9448,0.218
480000000,41,221.439,29.3258,30.0783,0.212
481000000,30,181.04,-36.8852,31.4719,0.265
482000000,71,419.838,14.5372,53.6965,0.25
483000000,61,361.744,61.5877,52.1776,0.237
484000000,83,486.803,36.0391,73.5326,0.237
485000000,39,233.01,6.30478,49.7317,0.251
486000000,59,357.93,1.74375,40.391,0.265
487000000,35,210.477,34.7763,44.1559,0.255167
488000000,39,232.006,30.9199,43.1483,0.2535
489000000,49,298.963,21.264,46.357,0.229
490000000,46,277.756,37.0893,57.6309,0.238
491000000,38,219.354,-0.992472,35.0705,0.251
492000000,34,203.641,9.36074,42.3609,0.241333
493000000,31,177.201,45.8872,49.5345,0.239
494000000,34,191.085,3.67314,42.096,0.2585
495000000,35,197.287,36.9711,42.5033,0.235333
496000000,31,189.661,14.1572,24.9466,0.237
497000000,38,227.291,79.1509,25.6367,0.2085
498000000,41,246.97,25.9485,39.2154,0.258
499000000,25,140.483,4.98845,26.1313,0.262
500000000,25,148.055,22.8146,36.0706,0.225333
501000000,44,252.304,39.0752,39.7136,0.238
502000000,56,324.437,28.7626,55.7777,0.287
503000000,30,174.838,29.9935,20.2952,0.2245
504000000,46,259.069,45.6624,72.6411,0.238923
505000000,47,283.4,38.3804,46.6304,0.229
506000000,35,208.983,7.8609,42.4076,0.2545
507000000,44,256.292,27.674,50.8793,0.2455
508000000,63,370.736,11.6697,74.8174,0.261
509000000,65,376.458,51.0922,61.6052,0.232
510000000,55,318.727,25.9292,47.7162,0.241
511000000,37,217.919,26.9828,31.2286,0.252
512000000,68,388.575,-17.7662,61.9784,0.265
513000000,54,317.943,39.3723,50.3045,0.222
514000000,30,172.596,16.8266,38.3618,0.2336
515000000,34,195.826,26.0416,31.8908,0.2335
516000000,64,381.746,43.0129,66.6343,0.2365
517000000,39,236.337,15.3314,38.3601,0.268
518000000,38,226.214,7.38537,27.7433,0.246
519000000,46,259.59,25.0234,48.4453,0.253
520000000,36,199.493,-4.45924,31.51,0.2725
521000000,64,373.522,30.0365,66.8935,0.242
522000000,38,214.197,38.9185,34.4557,0.243
523000000,40,232.141,-12.6411,38.9018,0.244
524000000,36,207.702,17.1872,33.9886,0.242
525000000,34,183.051,31.562,35.6108,0.247
526000000,32,186.247,0.0371569,30.1153,0.2675
527000000,61,363.233,38.3816,68.6619,0.25
528000000,79,450.097,39.0324,81.5647,0.272
529000000,53,315.252,49.4053,39.3955,0.2515
530000000,46,268.568,34.1608,41.651,0.2565
531000000,44,264.228,54.7063,38.3052,0.2185
532000000,39,239.01,6.6459,31.7623,0.2675
533000000,42,252.204,36.6194,52.8592,0.233
534000000,42,254.858,1.19403,50.7176,0.2655
535000000,44,259.901,52.8558,36.2976,0.215
536000000,49,294.628,35.4779,58.9217,0.244
537000000,41,247.188,35.3637,52.109,0.241667
538000000,44,261.738,60.4686,45.4406,0.251
539000000,42,252.734,52.2106,51.7385,0.248
540000000,45,264.552,23.367,42.7735,0.2595
541000000,39,231.558,5.46709,46.6306,0.2405
542000000,56,323.504,9.88631,58.2461,0.2535
543000000,88,535.624,49.1021,80.3201,0.251
544000000,32,195.756,25.6071,29.6611,0.259
545000000,40,228.861,53.333,38.7031,0.231
546000000,45,271.65,1.10372,48.9848,0.236
547000000,36,215.183,14.9522,35.8066,0.241
548000000,46,272.277,15.5196,48.6365,0.26
549000000,43,241.91,29.2274,36.101,0.2375
550000000,33,195.7,17.2432,37.2159,0.247
551000000,44,250.049,29.0253,42.4586,0.221
552000000,42,231.693,17.5321,46.1818,0.261
553000000,70,398.437,36.5486,56.546,0.2395
554000000,40,221.458,25.9832,37.698,0.234
555000000,58,342.426,69.6575,54.5992,0.221
556000000,60,341.452,35.3032,83.97,0.2585
557000000,33,170.953,-2.89022,29.8495,0.261333
558000000,27,156.626,40.0331,26.5909,0.2385
559000000,35,211.281,45.006,32.4202,0.237
560000000,43,264.585,33.823,31.4394,0.232
561000000,29,174.876,31.6478,34.6102,0.228
562000000,38,220.269,15.0661,45.4869,0.248
563000000,42,241.842,39.7601,37.706,0.233
564000000,35,211.55,14.8836,38.002,0.237
565000000,41,245.428,43.5417,39.2646,0.2335
566000000,52,289.471,14.0604,49.0722,0.238
567000000,79,459.102,70.3251,83.1158,0.226
568000000,42,254.005,40.0358,53.395,0.23075
569000000,28,156.073,25.8083,30.0628,0.251
570000000,55,318.224,39.8715,48.6063,0.2565
571000000,32,184.703,4.87871,28.5676,0.235667
572000000,65,389.909,66.3916,60.2845,0.262
573000000,48,295.247,22.903,49.3247,0.2665
574000000,59,337.608,4.00845,56.7537,0.2615
575000000,47,279.264,-6.39502,46.0124,0.241
576000000,48,293.99,7.71097,41.0849,0.263
577000000,41,237.859,47.3337,38.1491,0.254
578000000,40,246.912,-2.68046,48.1146,0.265
579000000,41,234.57,52.0773,44.1625,0.228
580000000,19,109.792,37.1062,35.3077,0.258
581000000,51,297.879,15.9569,53.1887,0.247
582000000,50,308.963,51.4714,46.4344,0.246
583000000,32,187.523,54.9163,24.0543,0.239
584000000,53,316.868,37.9553,47.8906,0.2445
585000000,43,257.586,-24.4383,37.5253,0.2585
586000000,37,221.944,55.7062,41.3062,0.235
587000000,53,315.169,72.2249,53.7587,0.221
588000000,41,236.839,19.3847,40.4083,0.2505
589000000,44,259.775,-2.14818,52.1107,0.2425
590000000,34,204.688,20.726,36.0325,0.2485
591000000,48,286.543,54.4641,54.9345,0.251
592000000,23,128.704,-20.1508,29.6511,0.245
593000000,44,248.295,39.7611,49.5092,0.23775
594000000,41,236.74,-0.162767,30.3597,0.268667
595000000,28,169.38,-2.07209,26.2217,0.25
596000000,23,133.195,33.2055,24.4507,0.253077
597000000,40,232.497,16.5504,45.5183,0.242
598000000,55,322.295,3.1021,59.4166,0.261
599000000,51,304.168,58.8705,43.2333,0.233
600000000,43,237.571,15.69,35.1605,0.242
601000000,42,249.733,0.722063,41.3001,0.2625
602000000,38,219.805,8.48285,32.5977,0.248
603000000,48,279.343,4.87923,55.7436,0.261667
604000000,34,209.319,10.6821,26.5908,0.2225
605000000,45,256.143,29.5962,49.2871,0.24
606000000,34,202.156,-12.2686,37.4809,0.264
607000000,48,282.133,23.0064,42.2492,0.253
608000000,63,369.193,30.0661,69.1976,0.243
609000000,26,155.292,46.3233,26.3863,0.256
610000000,49,273.329,70.2866,42.8159,0.225
611000000,31,176.153,46.336,34.0058,0.2205
612000000,39,225.198,37.8022,40.0625,0.2275
613000000,43,251.721,5.39729,48.9613,0.2605
614000000,48,287.816,46.1772,43.1297,0.234
615000000,47,286.464,19.2673,42.5767,0.237
616000000,39,218.248,41.5811,56.7324,0.2525
617000000,60,344.14,14.4646,54.1308,0.241
618000000,43,255.084,13.3964,42.2086,0.254
619000000,53,317.208,9.13886,56.2494,0.243
620000000,51,301.944,32.5337,40.4736,0.265
621000000,56,330.06,14.323,60.7428,0.26
622000000,55,318.392,44.0152,56.5684,0.251
623000000,42,234.372,2.84633,35.7364,0.2615
624000000,52,297.931,48.2591,50.7584,0.234
625000000,53,310.228,63.7103,47.2301,0.241
626000000,67,387.075,35.981,77.3228,0.25
627000000,43,238.935,-5.05673,38.6679,0.251
628000000,48,271.096,44.1023,50.2703,0.2435
629000000,53,327.697,40.7373,59.7108,0.247
630000000,30,176.635,-17.9232,32.6748,0.2455
631000000,42,243.972,47.365,35.9631,0.2125
632000000,60,361.632,58.5702,82.7618,0.2535
633000000,64,377.632,39.2744,61.959,0.267
634000000,18,93.5918,0.761437,19.8654,0.2405
635000000,34,200.186,15.1064,31.2917,0.25
636000000,36,213.382,48.2764,44.1017,0.247
637000000,26,160.726,2.34895,24.256,0.2305
638000000,26,154.112,8.16094,40.1644,0.263667
639000000,56,328.646,54.437,47.0126,0.226
640000000,36,203.28,15.3065,31.0518,0.2413
641000000,45,261.814,21.7767,56.1479,0.2495
642000000,50,303.441,42.2018,53.0405,0.238
643000000,57,337.445,38.7218,47.0675,0.242
644000000,35,206.012,13.1284,32.9194,0.227
645000000,33,191.696,22.4371,41.0193,0.234333
646000000,24,142.45,-8.3924,22.7732,0.253
647000000,54,316.478,62.4196,62.2065,0.2395
648000000,100,590.639,20.5986,105.769,0.256
649000000,19,105.205,9.87551,20.381,0.237
650000000,32,175.503,9.1053,23.2389,0.2535
651000000,55,321.777,48.7034,59.2829,0.237
652000000,51,307.667,25.7652,50.3208,0.21
653000000,19,116.817,18.4142,18.3147,0.2475
654000000,34,201.485,-8.17577,36.2901,0.26775
655000000,42,252.047,0.293638,41.6344,0.2655
656000000,21,120.557,15.3626,21.2275,0.2498
657000000,50,289.935,31.6299,64.786,0.216
658000000,30,165.256,29.6789,29.2324,0.237
659000000,51,306.12,23.2809,52.1842,0.238
660000000,54,294.125,-7.54423,58.0971,0.250333
661000000,44,255.066,24.0778,35.2926,0.221
662000000,39,228.14,10.7103,43.9058,0.2735
663000000,37,210.47,48.1195,50.4713,0.241
664000000,43,240.115,12.9001,41.9942,0.2645
665000000,43,254.579,37.6373,49.3129,0.238
666000000,39,226.089,10.1186,38.0377,0.2535
667000000,41,254.532,2.60764,37.5385,0.2405
668000000,78,467.537,22.3471,86.5051,0.273
669000000,32,177.956,-8.53674,28.521,0.274
670000000,30,181.772,7.00628,26.8114,0.249
671000000,39,229.477,55.617,45.0883,0.224
672000000,28,169.806,31.3572,26.0032,0.226714
673000000,37,208.524,27.6111,32.0693,0.2475
674000000,31,174.008,-3.0218,32.794,0.2465
675000000,47,290.971,24.89,61.7286,0.238
676000000,36,202.584,19.5762,49.1756,0.2755
677000000,55,328.793,29.9848,48.14,0.239
678000000,29,169.145,-31.1132,31.3774,0.277
679000000,26,145.864,34.4576,19.1209,0.252
680000000,35,186.654,5.60178,35.2969,0.238333
681000000,42,251.657,35.333,43.4025,0.2265
682000000,66,380.131,34.8746,63.2732,0.2475
683000000,19,105.786,43.445,19.8083,0.2385
684000000,42,235.884,43.9116,51.4795,0.233
685000000,44,245.413,5.0663,52.3405,0.232
686000000,52,300.266,79.8779,60.8957,0.207
687000000,48,284.701,36.1766,48.9286,0.2415
688000000,32,184.898,30.3251,29.4781,0.259
689000000,70,406.553,33.0248,59.1674,0.24
690000000,45,261.117,13.6315,56.0608,0.2775
691000000,63,353.171,26.2108,65.6962,0.244
692000000,43,247.823,29.3657,61.9877,0.2475
693000000,42,246.131,41.6582,48.9152,0.2475
694000000,44,254.249,14.9144,44.4123,0.2365
695000000,34,203.815,29.8322,40.7935,0.229
696000000,52,314.128,49.3993,55.9641,0.215
697000000,41,241.599,51.0025,44.8769,0.252
698000000,63,359.068,12.9957,65.0808,0.253
699000000,35,198.394,30.0707,24.8191,0.234
700000000,42,250.641,28.6881,34.6952,0.24
701000000,46,260.502,10.875,39.3269,0.2425
702000000,45,261.547,36.7351,42.4741,0.238
703000000,37,210.083,52.1713,40.2039,0.247
704000000,32,175.171,22.8089,26.7316,0.2335
705000000,46,278.757,15.8513,48.5126,0.2435
706000000,70,410.891,-8.20254,64.3451,0.277
707000000,41,244.685,18.849,47.6321,0.268
708000000,57,329.969,75.8676,63.4252,0.228
709000000,30,184.752,15.8653,33.1495,0.2634
710000000,41,236.655,42.5083,50.5291,0.2445
711000000,47,270.23,5.85533,40.9491,0.259
712000000,57,327.234,45.6697,48.0571,0.2305
713000000,70,401.547,51.951,59.8516,0.243
714000000,42,244.618,25.0311,39.3338,0.253
715000000,58,354.518,61.8668,61.8377,0.229
716000000,29,170.988,16.2317,35.65,0.223
717000000,41,250.572,25.0064,35.9691,0.2455
718000000,31,182.619,48.1441,31.0528,0.2115
719000000,44,270.149,24.9545,37.1063,0.2565
720000000,70,407.648,8.82854,84.0345,0.2425
721000000,60,348.182,57.7661,63.7407,0.228
722000000,45,256,20.8938,38.3964,0.257
723000000,31,191.778,-13.2286,32.6339,0.27
724000000,59,353.803,23.9154,66.7392,0.2535
725000000,53,309.48,33.3807,56.759,0.2485
726000000,54,322.199,11.4724,51.815,0.281
727000000,39,225.728,35.6431,29.5561,0.2465
728000000,38,219.802,37.5682,41.5294,0.2525
729000000,31,184.312,46.7933,28.5618,0.2345
730000000,32,184.093,4.55713,40.178,0.2615
731000000,34,200.52,22.6139,26.2966,0.2385
732000000,51,287.207,20.4326,37.1775,0.256
733000000,39,226.909,-21.3985,34.7593,0.254
734000000,34,205.243,10.7732,35.5098,0.246
735000000,42,244.433,38.5249,42.9396,0.245
736000000,59,334.905,1.43502,52.8016,0.237
737000000,36,205.118,22.5095,30.9781,0.255
738000000,57,338.555,26.1606,62.0928,0.259
739000000,46,270.155,19.4336,41.9441,0.239
740000000,45,277.1,36.8337,44.5462,0.2155
741000000,31,192.081,54.5354,29.8784,0.213
742000000,45,255.841,-24.3211,57.5153,0.259
743000000,55,325.248,28.9356,63.8064,0.238
744000000,45,248.786,12.0214,41.2946,0.264
745000000,49,280.913,17.3056,53.047,0.266
746000000,39,244.163,15.9016,49.6855,0.2495
747000000,40,235.279,19.9928,45.6507,0.256
748000000,43,261.175,47.285,42.0738,0.212
749000000,31,174.952,38.9837,24.2852,0.233
750000000,43,247.49,13.9526,48.0342,0.256
751000000,56,324.576,22.8443,63.0968,0.243
752000000,50,302.16,62.9316,43.5665,0.2375
753000000,73,440.899,68.3504,67.5413,0.221
754000000,56,327.358,26.0971,53.8196,0.243
755000000,18,103.859,31.2707,33.2177,0.241333
756000000,50,295.93,21.9679,47.3234,0.2455
757000000,59,335.98,51.0643,60.449,0.237
758000000,43,262.182,27.1153,34.9634,0.273
759000000,35,198.186,22.2719,39.7448,0.233
760000000,48,270.235,26.2812,55.8121,0.26
761000000,62,375.862,57.0179,79.3667,0.241
762000000,22,128.649,20.3778,26.6679,0.247333
763000000,57,321.399,-3.35878,55.5317,0.288
764000000,40,247.175,62.7333,37.9758,0.238
765000000,53,306.501,37.9424,42.5391,0.249667
766000000,21,127.105,37.2722,16.184,0.243
767000000,31,185.744,24.7893,30.4266,0.243667
768000000,40,232.745,47.5673,42.5422,0.241
769000000,35,207.49,21.316,33.1832,0.24
770000000,33,186.302,17.2717,40.1555,0.246333
771000000,33,184.817,23.9492,35.5342,0.23
772000000,37,216.412,12.9318,41.7417,0.2385
773000000,73,438.393,53.0485,82.6631,0.24
774000000,56,323.055,26.9685,70.5173,0.247
775000000,34,199.105,38.4424,43.3532,0.2475
776000000,51,294.851,37.1343,44.1241,0.249
777000000,59,336.836,33.8595,64.7881,0.2665
778000000,40,226.949,54.5606,35.1148,0.24
779000000,56,336.864,36.4884,69.4187,0.255667
780000000,33,171.81,24.1365,32.5215,0.235
781000000,30,172.866,34.7488,25.259,0.2485
782000000,45,269.296,0.556421,44.8706,0.265
783000000,40,237.605,38.9287,39.4347,0.259
784000000,62,365.227,44.6147,70.8574,0.231
785000000,45,269.656,4.55877,40.9847,0.262
786000000,61,354.046,52.6883,66.0525,0.2195
787000000,44,269.275,-5.82998,49.4959,0.24
788000000,33,199.592,-2.25171,35.5098,0.263667
789000000,44,257.068,3.29451,55.987,0.249
790000000,54,300.552,21.897,50.2943,0.264
791000000,45,274.141,38.4222,45.7053,0.2425
792000000,37,214.883,34.3023,35.1082,0.251
793000000,27,164.936,3.91714,35.6287,0.269
794000000,29,161.313,-8.81169,36.6041,0.263
795000000,48,282.025,67.7825,49.5493,0.228
796000000,43,253.607,38.7068,38.9978,0.228
797000000,67,397.638,52.6597,75.9215,0.211
798000000,61,369.043,57.4913,67.4929,0.24
799000000,66,379.932,48.4135,64.9087,0.23
800000000,37,218.701,39.4864,45.4271,0.2545
801000000,47,267.005,1.82197,51.3056,0.2585
802000000,37,227.611,38.1327,38.529,0.246
803000000,37,221.021,-0.189482,33.6357,0.269667
804000000,48,283.777,31.9337,45.6506,0.253
805000000,69,415.732,-17.4734,73.0865,0.276
806000000,42,236.407,-2.30921,55.117,0.2765
807000000,72,434.933,67.1123,83.2952,0.239
808000000,42,248.128,30.627,46.9553,0.2415
809000000,69,399.46,32.6632,66.4169,0.256
810000000,35,208.563,48.3415,33.1573,0.2375
811000000,52,314.705,28.0369,56.1912,0.26
812000000,35,214.423,13.6296,30.9644,0.2462
813000000,54,323.696,14.6977,44.9645,0.289
814000000,45,262.148,12.1229,43.2931,0.27
815000000,32,183.595,39.8919,34.4858,0.234
816000000,37,208.335,9.67144,46.6831,0.2495
817000000,37,208.348,8.80571,36.6968,0.248
818000000,16,88.0141,13.7837,14.8772,0.234667
819000000,32,173.465,43.1006,44.2437,0.245
820000000,29,172.364,-18.2833,25.0848,0.268333
821000000,37,220.512,34.8243,33.6305,0.237
822000000,46,267.347,-4.15065,46.0308,0.276
823000000,32,197.38,18.9126,33.0468,0.254333
824000000,45,274.257,41.9722,48.7149,0.236
825000000,39,233.266,65.4151,45.6851,0.227
826000000,31,186.628,21.613,36.8002,0.258
827000000,58,332.912,47.6205,57.0216,0.224
828000000,38,226.286,35.1452,47.366,0.241667
829000000,20,118.246,34.5828,25.8267,0.2595
830000000,58,339.438,51.5668,53.9573,0.262
831000000,38,206.731,76.7383,44.4086,0.21375
832000000,64,375.087,41.4265,63,0.247333
833000000,57,332.818,25.9873,52.2079,0.2475
834000000,42,255.826,-16.4975,34.1526,0.265
835000000,33,197.285,24.6219,29.6042,0.2505
836000000,52,299.764,14.3509,49.1462,0.24
837000000,39,225.359,21.6225,31.659,0.2215
838000000,41,229.91,-3.01789,45.9365,0.248
839000000,37,215.115,38.7797,40.6785,0.245
840000000,64,384.418,18.9368,59.0491,0.26
841000000,59,353.926,-3.28731,46.6968,0.268
842000000,31,165.595,21.8439,40.6661,0.23
843000000,26,151.27,9.72576,27.3522,0.2735
844000000,46,271.856,5.21107,43.9177,0.235
845000000,36,208.092,36.6007,32.3853,0.2385
846000000,60,359.105,46.2508,45.775,0.226
847000000,54,331.23,8.70953,54.0001,0.26
848000000,107,636.026,59.899,133.285,0.242
849000000,51,300.283,16.9423,54.2078,0.247
850000000,33,198.244,22.2177,19.6675,0.234
851000000,29,163.54,-6.39342,32.8989,0.266
852000000,24,144.02,5.2745,17.3094,0.2505
853000000,57,337.958,44.0226,49.5658,0.248
854000000,27,164.324,17.3536,18.8738,0.256
855000000,59,353.8,38.2793,55.0158,0.246
856000000,38,215.155,16.1595,34.7201,0.252333
857000000,38,223.983,41.9623,23.3679,0.244
858000000,35,200.148,35.0108,38.1372,0.233
859000000,36,196.047,34.9564,36.7897,0.25
860000000,40,233.828,27.5251,35.4588,0.237
861000000,30,174.995,42.307,43.7191,0.2185
862000000,38,232.437,21.0926,39.5997,0.248
863000000,75,436.574,26.5817,83.4505,0.235
864000000,30,179.855,32.1263,21.8165,0.231
865000000,33,191.774,55.859,45.321,0.2375
866000000,43,255.441,10.954,33.3844,0.248
867000000,36,214.631,15.0788,36.943,0.2395
868000000,18,94.7121,27.7919,15.4026,0.206
869000000,47,279.897,48.8526,35.4284,0.233
870000000,38,214.667,-6.13414,31.7649,0.24
871000000,38,226.486,17.7636,34.6843,0.2465
872000000,24,141.199,-38.4309,26.5949,0.2845
873000000,72,419.067,1.46122,64.9008,0.232
874000000,35,206.56,28.287,33.3033,0.216
875000000,44,247.905,25.4609,45.7181,0.2475
876000000,72,402.015,5.29591,69.4714,0.2325
877000000,44,264.992,57.9667,38.7326,0.209
878000000,46,257.459,31.8255,53.1949,0.234
879000000,33,182.754,32.6561,34.5079,0.267
880000000,35,207.632,6.79428,35.5657,0.244333
881000000,53,304.81,22.9158,54.999,0.255
882000000,45,262.959,16.1647,41.6516,0.25
883000000,26,144.517,-13.7415,34.3231,0.2435
884000000,52,302.121,20.524,52.5896,0.242
885000000,39,219.327,38.0726,30.7534,0.239667
886000000,32,186.789,42.58,25.7027,0.237
887000000,31,191.148,29.6501,29.2371,0.246
888000000,39,232.41,48.7713,43.1385,0.247
889000000,47,284.61,43.8385,54.4492,0.2425
890000000,28,165.856,1.80303,30.4773,0.2315
891000000,53,300.145,3.02526,56.9361,0.2825
892000000,44,247.392,24.3216,39.5357,0.2495
893000000,39,227.373,28.5425,39.2676,0.256
894000000,27,161.143,40.186,30.4252,0.2315
895000000,38,223.707,50.1977,29.0361,0.253
896000000,35,196.903,23.8027,30.0444,0.2655
897000000,23,136.054,26.8294,21.8085,0.229
898000000,60,347.246,26.1423,52.23,0.228
899000000,26,153.069,28.909,32.5837,0.251
900000000,48,281.983,55.9997,58.6996,0.2345
901000000,43,238.719,23.0229,55.601,0.2515
902000000,48,285.657,15.6565,40.9511,0.251
903000000,35,209.054,53.0908,33.9301,0.226
904000000,41,245.991,35.4178,45.977,0.2375
905000000,35,202.592,24.0873,33.121,0.242
906000000,11,62.3389,0.902059,16.0118,0.2635
907000000,51,302.84,18.3035,37.3515,0.248
908000000,53,323.752,37.8229,48.7128,0.2495
909000000,59,348.994,-0.829573,64.5297,0.255
910000000,42,237.858,24.9614,44.4592,0.2545
911000000,68,411.439,-7.19119,63.2644,0.271
912000000,32,186.835,37.8538,27.4769,0.238714
913000000,70,407.414,38.6517,71.0219,0.259
914000000,52,307.64,25.9982,47.5053,0.242
915000000,66,377.879,36.3737,58.6563,0.239
916000000,30,172.339,27.769,33.8215,0.2415
917000000,45,265.251,-32.9377,35.7263,0.28
918000000,44,253.099,-30.6713,48.4007,0.2715
919000000,35,196.825,67.9859,37.5234,0.212
920000000,41,243.204,44.9604,48.4293,0.235
921000000,63,371.622,49.1454,56.9314,0.224
922000000,47,264.759,62.4395,47.889,0.239333
923000000,31,191.763,39.3887,28.7294,0.231
924000000,59,349.281,59.2712,59.3979,0.227
925000000,51,299.847,19.5319,43.1392,0.261
926000000,62,356.978,16.0503,64.0793,0.257
927000000,36,203.776,-4.60516,40.6601,0.268
928000000,68,398.091,63.8402,65.2677,0.227
929000000,51,303.423,54.0371,58.2367,0.236
930000000,40,240.509,37.6525,40.2115,0.203
931000000,25,140.423,13.5067,24.4308,0.259
932000000,45,279.552,51.6344,46.3201,0.2545
933000000,33,194.09,51.594,26.7355,0.22
934000000,58,319.467,11.1955,44.4954,0.2585
935000000,46,264.638,31.3286,49.6711,0.2575
936000000,59,355.56,11.9793,54.374,0.249
937000000,28,157.432,51.5845,23.7661,0.2365
938000000,44,265.262,27.3082,36.8639,0.26
939000000,62,369.638,45.1765,56.3219,0.233
940000000,25,150.515,0.795639,28.9774,0.2545
941000000,49,290.738,55.0876,54.9375,0.1885
942000000,38,221.524,46.4179,32.4876,0.2305
943000000,45,270.855,-9.55502,49.9214,0.2545
944000000,43,261.008,38.2433,39.1507,0.26
945000000,58,355.603,42.14,64.1771,0.256
946000000,31,166.983,41.6052,36.8107,0.252111
947000000,39,219.264,11.8908,47.5939,0.263
948000000,41,238.908,-3.5027,34.5112,0.264
949000000,36,207.731,8.32323,38.8036,0.233
950000000,36,217.277,50.2868,37.8463,0.2305
951000000,49,287.244,7.76955,54.4695,0.254
952000000,44,261.382,-1.55311,49.0985,0.242
953000000,26,156.093,11.1869,29.8088,0.246
954000000,39,223.818,47.8482,32.8246,0.224
955000000,23,130.852,22.6266,27.1439,0.2525
956000000,48,286.698,45.8231,47.9836,0.24
957000000,36,215.45,34.0747,39.3843,0.2255
958000000,72,413.057,39.8656,71.5771,0.281
959000000,16,93.6567,-4.83631,19.4094,0.2586
960000000,41,240.364,8.64652,52.1342,0.245
961000000,41,235.854,-0.577264,38.3352,0.251
962000000,61,334.598,31.4611,63.3738,0.265
963000000,37,215.72,33.8213,31.6388,0.228
964000000,42,255.997,18.8328,38.8258,0.234
965000000,47,262.147,21.9885,38.1959,0.2515
966000000,37,209.803,-1.63657,37.3805,0.2775
967000000,65,388.316,10.7848,68.6683,0.243
968000000,30,179.406,21.6648,19.6936,0.24375
969000000,47,277.767,23.11,43.8075,0.258
970000000,76,443.17,72.8668,78.0754,0.231
971000000,46,267.671,63.3358,56.9932,0.247
972000000,33,192.313,54.8091,29.4449,0.2385
973000000,36,219.999,32.0386,33.2924,0.241
974000000,55,328.63,68.677,60.2325,0.251
975000000,33,205.406,5.02797,26.5808,0.233
976000000,44,257.403,36.1699,34.8356,0.236
977000000,53,304.595,34.8284,52.3743,0.249
978000000,49,291.338,39.0655,51.8353,0.234
979000000,24,136.067,63.7319,27.6054,0.225143
980000000,43,267.69,71.2145,40.3849,0.233
981000000,39,236.801,20.5877,29.7905,0.262
982000000,54,332.754,34.5834,56.4499,0.235
983000000,58,343.601,48.898,66.0311,0.246
984000000,41,249.062,25.7537,45.4062,0.259
985000000,47,266.865,39.6282,51.8941,0.252
986000000,37,214.434,13.3983,37.8818,0.267
987000000,33,202.65,22.1574,31.3316,0.237
988000000,80,465.468,25.9671,86.2261,0.268
989000000,56,342.945,39.7173,45.4225,0.226
990000000,29,173.264,5.52289,31.6915,0.261
991000000,28,169.601,34.3742,19.2013,0.2495
992000000,43,264.157,42.969,59.3194,0.2395
993000000,91,531.399,64.5169,99.4696,0.241
994000000,25,145.738,32.1103,26.5865,0.246333
995000000,47,279.462,29.8087,44.7674,0.2285
996000000,32,185.432,10.0749,30.0115,0.254
997000000,48,289.114,-0.678406,41.8006,0.236
998000000,58,346.513,9.96975,64.5176,0.237
999000000,52,319.224,-11.4788,49.585,0.2835
