generation,N_shifts,logPrior,logLik,eventRate,acceptRate
0,0,-7.36828,-777.416,200,1
1000000,30,179.412,8.23043,30.4289,0.2565
2000000,54,332.944,5.74377,56.9316,0.279
3000000,38,235.089,31.5286,37.2723,0.240667
4000000,31,187.6,21.0125,33.194,0.249429
5000000,38,220.141,21.1562,35.6791,0.217
6000000,51,319.106,8.2933,51.6945,0.261
7000000,30,186.453,-4.97122,27.7697,0.266667
8000000,36,211.845,-24.4247,42.7164,0.2635
9000000,42,236.802,42.3892,39.0967,0.234
10000000,53,321.205,50.147,58.4285,0.2495
11000000,27,168.863,-2.39487,32.3918,0.253667
12000000,46,285.554,32.4307,44.6365,0.25
13000000,39,219.129,-23.3316,42.1314,0.266
14000000,27,171.975,11.3912,28.133,0.2545
15000000,45,270.246,20.269,45.6441,0.269
16000000,32,182.668,7.12159,25.7954,0.244833
17000000,16,101.025,-31.9853,11.7937,0.259
18000000,63,376.646,17.047,68.8806,0.2535
19000000,31,173.853,-13.7083,31.3378,0.262
20000000,30,176.153,35.9132,31.9729,0.264444
21000000,63,362.651,24.5543,69.5487,0.251
22000000,27,159.879,8.41047,29.7619,0.252667
23000000,50,295.793,59.5709,44.5992,0.246
24000000,33,193.379,5.91929,37.3696,0.271
25000000,57,357.117,27.4029,62.3043,0.265
26000000,37,218.314,26.731,60.4756,0.2415
27000000,36,218.27,-4.25744,42.6307,0.2455
28000000,66,392.012,61.0486,64.7227,0.24
29000000,36,229.107,5.05976,34.5255,0.272
30000000,28,167.705,6.21069,31.5763,0.242
31000000,32,202.137,-21.2012,27.3491,0.243
32000000,34,204.418,9.02013,39.4545,0.2635
33000000,68,414.735,30.1688,80.5901,0.224
34000000,50,300.481,52.5511,54.7354,0.2325
35000000,30,189.043,1.93515,25.3272,0.2425
36000000,45,263.166,43.6866,36.862,0.224
37000000,39,229.504,26.1959,49.8265,0.261333
38000000,31,177.947,14.4952,24.3215,0.259143
39000000,36,203.77,17.9381,29.3987,0.252
40000000,50,292.002,-14.4708,65.6427,0.254
41000000,36,210.718,44.9265,23.8948,0.2455
42000000,28,163.731,-1.93031,35.3046,0.2645
43000000,38,217.882,-6.82547,41.8557,0.2445
44000000,62,367.394,37.2649,70.9475,0.235
45000000,41,251.442,67.952,61.4011,0.241
46000000,39,226.61,11.9071,30.4364,0.2345
47000000,42,257.199,11.1763,32.3309,0.25
48000000,50,312.117,0.320046,59.3633,0.257
49000000,34,203.914,31.7173,35.56,0.239
50000000,33,202.104,20.4544,43.6069,0.246
51000000,18,113.498,-52.6034,21.9365,0.254667
52000000,38,234.227,18.4048,44.4563,0.224
53000000,48,286.422,37.7517,45.6984,0.22
54000000,23,140.174,11.9942,25.2307,0.238
55000000,34,200.701,19.8036,44.0692,0.235
56000000,84,477.293,42.7924,87.3258,0.257
57000000,30,177.175,-24.1888,29.2303,0.27
58000000,21,128.282,26.0594,18.2602,0.221
59000000,43,262.33,14.9182,39.883,0.258
60000000,33,202.782,36.5979,32.2838,0.248
61000000,46,286.564,9.17158,36.5922,0.262
62000000,53,307.889,15.5477,56.5062,0.225
63000000,40,236.075,11.0668,47.0352,0.238
64000000,30,180.742,-7.71223,29.125,0.257
65000000,48,287.813,24.8262,56.2352,0.24
66000000,41,240.769,-4.94496,48.7145,0.2685
67000000,40,237.676,30.5968,40.4531,0.2355
68000000,30,172.618,16.9277,26.3881,0.2645
69000000,37,225.51,1.32422,41.5537,0.250667
70000000,30,174.289,35.2451,31.3932,0.223
71000000,69,396.768,32.0165,58.7013,0.253
72000000,43,252.565,53.9752,46.5642,0.2305
73000000,31,185.296,32.3441,31.5923,0.23
74000000,42,255.378,52.7431,45.135,0.245
75000000,62,376.453,4.38703,61.3317,0.2565
76000000,71,426.683,37.6621,68.795,0.266
77000000,49,291.409,3.70746,49.6554,0.2455
78000000,39,224.182,35.2153,40.1899,0.2415
79000000,61,380.046,44.8829,77.9141,0.234
80000000,53,331.868,21.5578,58.0845,0.256
81000000,37,231.497,-44.0574,40.7929,0.26775
82000000,29,166.585,-1.52771,26.3965,0.2645
83000000,26,155.361,18.9378,23.0191,0.243
84000000,74,443.65,24.3767,64.596,0.264
85000000,54,333.907,-1.25232,41.976,0.25
86000000,22,126.145,-15.271,23.4548,0.2665
87000000,48,281.879,20.9121,58.0435,0.2305
88000000,51,311.626,40.8228,60.1771,0.2335
89000000,48,283.719,4.21732,59.3751,0.2465
90000000,33,205.912,27.2432,32.9872,0.249
91000000,64,376.786,48.0585,59.1317,0.243
92000000,31,182.214,31.6778,44.8076,0.2585
93000000,41,246.545,26.1047,32.4244,0.241
94000000,42,246.11,27.3844,46.4708,0.25
95000000,33,189.45,8.02042,35.7502,0.251
96000000,35,208.266,36.4916,30.0655,0.242
97000000,52,316.779,50.7282,68.0717,0.2305
98000000,69,413.333,41.8292,61.8009,0.237
99000000,48,300.618,52.2404,45.4895,0.24
100000000,32,185.696,48.5421,39.4649,0.2115
101000000,37,224.252,48.1747,34.1601,0.218
102000000,46,272.354,-15.2089,33.8271,0.262
103000000,41,244.668,5.73168,55.8358,0.2515
104000000,56,339.345,30.4376,69.1556,0.227
105000000,35,209.676,50.6221,31.2129,0.243
106000000,41,240.057,20.8615,56.7634,0.214
107000000,42,248.05,57.6966,59.2919,0.2535
108000000,44,258.229,44.9871,37.3628,0.236429
109000000,59,356.384,43.6836,71.9813,0.262
110000000,35,208.35,-9.69317,35.3984,0.2595
111000000,38,233.293,48.1953,34.7993,0.244
112000000,42,249.506,36.0012,36.3086,0.2485
113000000,33,195.447,-12.2535,31.6553,0.2445
114000000,27,167.649,29.7254,40.0761,0.2325
115000000,55,340.256,32.7346,59.4685,0.2665
116000000,64,398.909,-9.42916,73.0242,0.264
117000000,29,175.952,40.6515,31.7868,0.251333
118000000,42,253.231,31.3332,39.4856,0.243
119000000,26,151.6,14.7693,36.1615,0.239
120000000,21,131.424,-7.36297,28.2978,0.278
121000000,33,200.389,14.9601,35.1594,0.244
122000000,49,293.387,-20.4985,42.9851,0.256
123000000,46,269.777,19.5539,50.8557,0.2585
124000000,24,138.03,37.3537,28.4556,0.246
125000000,44,266.391,5.18803,47.9465,0.269
126000000,58,355.991,59.7788,47.2834,0.2175
127000000,41,238.764,49.8395,26.7965,0.2425
128000000,29,163.129,26.4752,29.6769,0.2295
129000000,31,183.858,-1.45809,24.2299,0.238
130000000,21,131.26,28.6466,15.1786,0.2535
131000000,45,266.635,38.4021,42.709,0.2365
132000000,27,155.868,4.15014,31.8488,0.242
133000000,31,182.859,-17.6095,24.9931,0.265
134000000,36,214.188,-4.77238,33.3095,0.253
135000000,38,237.533,33.7579,49.0223,0.236
136000000,62,370.294,54.2951,64.2493,0.22
137000000,29,176.727,-8.19105,20.1956,0.265
138000000,47,282.572,33.0489,52.623,0.228
139000000,41,242.272,6.00509,38.7822,0.2465
140000000,33,199.314,25.0761,34.9756,0.248
141000000,73,422.094,25.9474,77.8259,0.224
142000000,53,317.694,4.31738,55.265,0.2615
143000000,69,408.448,6.23842,76.3584,0.257
144000000,34,206.868,30.7896,28.3551,0.2445
145000000,48,279.758,44.8051,47.3363,0.235333
146000000,48,292.048,46.1815,62.2502,0.254
147000000,66,389.617,53.6447,66.5842,0.207
148000000,20,110.111,14.7578,22.8657,0.2475
149000000,32,189.958,26.6873,37.9088,0.245
150000000,41,245.374,57.31,44.5063,0.2375
151000000,28,166.449,35.0179,14.616,0.2335
152000000,45,274.998,-25.6781,36.0572,0.28
153000000,50,311.841,16.5081,48.4916,0.228
154000000,51,316.755,34.4577,67.6823,0.249
155000000,37,228.777,20.6516,26.5629,0.23
156000000,56,339.635,46.2595,55.519,0.227
157000000,45,271.707,-26.8454,38.4792,0.286
158000000,65,368.942,40.9056,67.1571,0.243
159000000,54,321.354,-19.8712,55.0603,0.262
160000000,44,269.541,-8.22703,43.7258,0.2635
161000000,50,294.155,29.9374,42.1881,0.25
162000000,53,325.622,32.0543,46.5173,0.215
163000000,46,275.884,-5.6659,54.9064,0.246
164000000,38,228.255,7.06968,39.136,0.24325
165000000,40,236.494,29.1827,42.7945,0.247
166000000,46,282.887,-18.5133,45.7506,0.263
167000000,27,165.267,27.2687,32.8024,0.228
168000000,42,245.773,17.1821,29.3636,0.249
169000000,46,282.171,3.07527,44.4094,0.2735
170000000,38,215.244,50.9148,39.3816,0.2375
171000000,52,316.926,57.8021,44.0375,0.215
172000000,33,192.109,46.0386,38.6215,0.244667
173000000,60,366.096,28.5048,72.065,0.251
174000000,47,273.508,30.5574,48.3669,0.26
175000000,32,191.44,30.5009,33.7215,0.24
176000000,28,177.399,16.2297,31.4543,0.2345
177000000,55,336.89,22.0513,50.8285,0.24
178000000,50,310.263,52.2821,42.8269,0.2305
179000000,71,431.753,53.033,65.0598,0.238
180000000,49,293.786,-45.7092,54.2317,0.262
181000000,23,128.65,16.6786,21.1263,0.2645
182000000,39,236.949,21.8158,49.884,0.255
183000000,36,221.006,62.4094,33.0685,0.223
184000000,43,264.007,2.64351,37.161,0.256
185000000,34,208.469,45.8658,38.6612,0.2445
186000000,29,178.869,5.9505,31.5517,0.26025
187000000,68,417.344,62.1404,67.6598,0.25
188000000,43,267.777,37.2651,51.1888,0.2425
189000000,13,77.6733,-18.626,25.6317,0.244875
190000000,32,199.152,35.3277,24.6248,0.239
191000000,26,153.34,14.7891,27.3313,0.236
192000000,41,234.709,63.4697,40.3478,0.242
193000000,35,198.531,9.50889,32.8285,0.234
194000000,46,274.824,46.8283,49.6548,0.2275
195000000,48,284.188,19.5773,48.8336,0.237
196000000,37,223.726,71.5727,39.0113,0.2435
197000000,37,215.872,37.2254,41.5064,0.217
198000000,33,192.428,9.95481,35.2298,0.2585
199000000,43,252.493,43.9364,39.9441,0.254
200000000,37,221.732,6.93328,30.9261,0.273
201000000,58,321.231,11.249,57.9578,0.263
202000000,34,195.878,42.2074,34.2754,0.233
203000000,33,189.649,38.8275,33.8357,0.255
204000000,32,198.761,28.347,28.1477,0.22
205000000,46,270.759,8.90352,49.4165,0.262
206000000,41,253.403,10.3732,46.6629,0.2495
207000000,53,318.61,1.51216,58.3018,0.258
208000000,49,301.461,-1.35073,34.3296,0.268
209000000,47,270.185,8.65062,49.3954,0.228
210000000,42,251.721,18.6728,51.9506,0.244
211000000,28,168.453,4.88728,28.2845,0.255
212000000,33,208.665,5.13247,23.4496,0.252
213000000,78,453.648,-6.07366,89.9697,0.259
214000000,39,225.896,22.7608,45.145,0.2315
215000000,52,322.074,0.440943,47.9066,0.2495
216000000,63,378.732,14.6945,64.5506,0.244
217000000,34,206.876,-3.32395,35.9483,0.235
218000000,47,287.986,32.0818,42.9006,0.232
219000000,33,193.771,30.4706,30.6254,0.2485
220000000,54,318.258,18.6628,67.7857,0.2285
221000000,31,179.333,7.37464,25.0128,0.258
222000000,30,178.517,17.9058,30.7912,0.26
223000000,39,223.586,27.4447,37.3268,0.236
224000000,42,256.141,13.784,48.9111,0.25
225000000,38,232.132,17.9951,42.2825,0.2295
226000000,51,312.37,21.3285,54.0575,0.244333
227000000,42,261.516,64.3864,39.5593,0.228
228000000,25,148.61,-6.90072,28.1908,0.2765
229000000,40,240.344,3.30187,34.8384,0.2475
230000000,67,398.876,56.841,72.0996,0.217
231000000,38,234.453,45.1771,44.3458,0.264
232000000,42,263.723,25.6259,33.8384,0.2575
233000000,38,228.068,8.88534,37.808,0.256
234000000,35,217.716,6.22413,30.144,0.281
235000000,29,166.337,-18.9542,32.2427,0.271
236000000,30,175.921,28.3987,32.0358,0.251
237000000,45,281.172,51.3408,43.7829,0.219
238000000,51,307.396,31.2837,68.2273,0.212
239000000,34,202.398,48.1132,28.4152,0.236
240000000,29,163.238,15.7704,31.7784,0.2535
241000000,31,184.275,61.8933,33.9407,0.222
242000000,67,392.927,43.5942,53.0082,0.23
243000000,13,83.7743,-18.3207,13.5938,0.2345
244000000,35,205.515,43.0063,35.3387,0.249
245000000,44,257.546,57.1946,51.1805,0.23
246000000,29,175.192,35.6909,32.6661,0.215
247000000,23,139.223,-19.3013,23.4902,0.276333
248000000,49,295.025,11.5531,49.5807,0.2555
249000000,55,325.449,59.388,63.1907,0.226
250000000,42,249.286,17.9021,47.1749,0.231
251000000,43,265.804,12.2859,44.6217,0.254
252000000,31,181.116,2.56604,24.9719,0.2535
253000000,40,241.154,17.2614,48.0637,0.26
254000000,61,366.747,-9.80302,58.6475,0.243
255000000,30,173.346,40.0792,29.6954,0.2445
256000000,30,174.207,20.3839,35.9783,0.2695
257000000,38,226.158,19.487,46.6874,0.244
258000000,30,177.436,7.01792,27.5778,0.2575
259000000,32,195.209,-8.429,32.3433,0.2495
260000000,58,350.452,10.6047,73.479,0.251
261000000,33,193.998,30.9756,26.9898,0.247
262000000,17,101.307,-7.74524,9.40006,0.2575
263000000,23,137.913,3.06084,22.8092,0.2455
264000000,54,321.157,39.1087,47.6511,0.228
265000000,35,212.965,12.6833,36.5482,0.2465
266000000,44,265.487,31.2313,38.3387,0.242
267000000,29,170.888,-13.6612,28.5469,0.243
268000000,30,180.944,-3.37906,32.2819,0.261
269000000,53,323.931,17.8892,65.6577,0.245
270000000,33,205.475,-16.6789,22.5819,0.2705
271000000,39,243.067,68.2234,37.5456,0.246
272000000,27,162.411,20.7854,35.0493,0.255
273000000,50,308.636,37.176,52.26,0.224
274000000,67,400.524,-4.57365,78.3975,0.273
275000000,54,330.633,35.8485,68.6504,0.234
276000000,33,197.699,50.3906,30.2015,0.2375
277000000,26,145.419,-3.13576,27.7102,0.2598
278000000,30,179.008,29.44,17.7686,0.213
279000000,39,225.592,34.8837,43.3788,0.234
280000000,40,240.351,32.4688,38.4575,0.252
281000000,31,184.282,12.4935,30.1341,0.235
282000000,47,298.799,22.3604,69.2938,0.2636
283000000,32,192.433,29.8086,28.3087,0.2294
284000000,17,98.52,-19.0093,21.1652,0.271667
285000000,45,274.46,19.1036,45.7646,0.267667
286000000,38,239.072,70.2808,47.0949,0.23
287000000,30,176.795,11.4122,43.2182,0.256
288000000,24,144.082,52.273,25.9289,0.2335
289000000,75,461.267,35.8048,77.08,0.239
290000000,23,126.232,6.51879,27.063,0.2685
291000000,41,240.965,0.289953,36.1099,0.246333
292000000,27,160.736,4.62185,18.0505,0.257
293000000,27,174.355,39.93,19.7056,0.2475
294000000,12,71.0587,5.7623,8.23789,0.24
295000000,57,322.181,15.8607,47.9174,0.232
296000000,39,247.602,14.9995,30.9912,0.25475
297000000,26,142.489,31.697,29.8634,0.23
298000000,57,351.49,51.439,57.4841,0.255
299000000,20,116.938,-18.2787,20.4163,0.236333
300000000,25,147.167,34.2213,21.6082,0.229
301000000,56,335.892,43.8608,74.4513,0.239
302000000,38,228.062,49.9265,28.6831,0.2265
303000000,40,236.17,1.67953,38.523,0.2605
304000000,17,104.072,-2.96659,18.5862,0.248333
305000000,42,232.613,37.1449,43.7498,0.23775
306000000,62,366.6,37.5428,70.3817,0.244
307000000,17,100.763,16.4966,20.9081,0.257
308000000,61,361.495,25.788,61.2662,0.2675
309000000,47,290.288,5.78356,46.0942,0.275
310000000,41,246.585,14.2813,29.1695,0.232
311000000,37,193.064,33.7533,47.7069,0.242
312000000,52,300.558,37.8665,55.6777,0.236
313000000,47,277.862,39.0006,58.9814,0.2435
314000000,48,288.169,52.2793,44.9209,0.212
315000000,52,306.668,59.4758,50.1422,0.218
316000000,42,251.295,6.85339,35.7547,0.248
317000000,49,294.183,-22.829,59.0872,0.2455
318000000,38,226.133,49.4929,44.8878,0.23
319000000,37,221.134,11.102,41.9217,0.246
320000000,37,224.944,2.63843,43.8258,0.25525
321000000,76,465.19,57.9411,89.4962,0.2255
322000000,43,259.684,29.0748,32.1004,0.2605
323000000,42,256.706,-23.0921,49.1283,0.253
324000000,56,341.375,16.8118,65.396,0.254
325000000,62,385.414,41.763,72.7841,0.236
326000000,33,196.785,47.6149,23.3642,0.242
327000000,48,299.485,18.951,41.7628,0.236
328000000,35,219.613,37.5822,30.6831,0.22
329000000,37,228.53,47.3763,41.0939,0.218
330000000,43,256.581,12.1692,36.9829,0.247
331000000,31,195.064,35.6343,25.0476,0.234
332000000,46,270.962,11.024,37.7041,0.251
333000000,44,274.693,18.3777,48.3663,0.251
334000000,46,271.913,25.0062,52.2837,0.222
335000000,34,193.205,15.8243,29.6449,0.268
336000000,32,191.25,-22.1284,32.6332,0.2695
337000000,43,247.669,-2.08798,49.0699,0.262222
338000000,36,217.014,35.7279,31.7782,0.228
339000000,59,349.811,14.5505,72.4207,0.24
340000000,32,190.324,-46.0183,36.3012,0.25
341000000,32,184.369,11.5073,42.3171,0.227
342000000,36,206.826,-11.8219,30.6161,0.2555
343000000,60,354.373,9.17561,49.7555,0.235
344000000,41,246.758,34.2828,26.5544,0.248
345000000,36,212.059,54.6279,35.5313,0.237
346000000,44,272.399,-3.41298,54.6242,0.267
347000000,43,267.137,70.5189,59.6312,0.23
348000000,38,233.119,-32.5932,30.1335,0.293
349000000,80,497.5,51.9125,66.9048,0.225
350000000,38,213.654,-16.8834,41.5813,0.253
351000000,29,169.213,5.47377,28.2243,0.25
352000000,44,251.965,28.3528,47.9945,0.258
353000000,60,364.576,-1.23278,57.937,0.255
354000000,45,274.421,15.5049,44.8892,0.255
355000000,14,82.9574,-1.78331,19.4756,0.2625
356000000,31,181.503,-1.18407,32.5508,0.252
357000000,43,255.626,9.79891,45.961,0.25075
358000000,24,143.538,-27.1769,18.2707,0.2495
359000000,41,251.863,-8.34245,51.3458,0.2545
360000000,31,184.152,11.9184,33.8606,0.2605
361000000,43,242.251,43.7375,54.4723,0.241
362000000,39,254.098,51.4062,45.2118,0.2085
363000000,54,334.905,36.7764,48.4876,0.2205
364000000,66,394.516,40.4967,71.1045,0.26
365000000,37,213.864,-7.94358,45.2994,0.2635
366000000,28,172.807,17.4749,37.7542,0.262
367000000,39,230.798,23.0403,36.7605,0.2745
368000000,35,210.012,21.4188,36.2221,0.26
369000000,22,132.493,6.6354,23.902,0.2505
370000000,49,293.942,13.2923,45.7968,0.2405
371000000,65,387.195,44.3128,50.7076,0.246
372000000,43,248.204,34.2075,44.1049,0.2435
373000000,41,237.494,-0.890448,39.3882,0.2375
374000000,35,199.648,29.0758,36.7903,0.25
375000000,27,158.234,-5.15998,21.3112,0.2585
376000000,32,187.315,-11.0068,28.796,0.265
377000000,49,286.104,32.388,47.919,0.254
378000000,35,213.341,36.2074,33.162,0.229
379000000,57,346.06,51.8247,64.2776,0.23
380000000,66,407.909,39.7293,72.6284,0.239
381000000,60,358.965,28.8895,64.9335,0.238
382000000,58,333.097,54.7055,59.4379,0.22
383000000,36,220.417,30.6612,34.2698,0.2445
384000000,28,173.101,7.0516,31.7655,0.248
385000000,60,363.964,57.2226,61.9585,0.254
386000000,43,252.46,56.385,39.6086,0.222
387000000,32,194.864,14.003,27.0797,0.234
388000000,31,187.945,9.32281,30.9874,0.2505
389000000,45,266.106,43.4266,53.702,0.2525
390000000,50,308.417,24.7408,51.5601,0.23
391000000,40,247.855,39.3066,43.6358,0.2355
392000000,47,278.841,4.56824,51.5603,0.275
393000000,54,329.153,34.2639,50.0718,0.245
394000000,63,384.258,15.9768,65.7289,0.26
395000000,47,275.426,55.7307,45.018,0.233
396000000,51,308.045,40.8437,48.345,0.246
397000000,40,236.907,10.9344,46.6888,0.233
398000000,45,269.683,18.7858,49.6009,0.253
399000000,55,332.49,46.4025,49.7387,0.237
400000000,26,158.643,13.0525,24.4063,0.249
401000000,36,199.442,-3.40759,29.2378,0.2645
402000000,46,255.867,28.5632,57.8439,0.248
403000000,61,377.121,45.8884,75.3205,0.229
404000000,81,500.716,38.2977,88.1775,0.256
405000000,37,219.516,43.1394,36.2222,0.235
406000000,47,297.113,-12.3288,39.9831,0.251
407000000,33,195.264,43.565,35.0503,0.2305
408000000,67,421.128,70.309,64.0529,0.214
409000000,49,292.759,20.4299,46.0027,0.233
410000000,83,486.553,36.9036,76.3908,0.238
411000000,44,278.422,13.1849,44.6432,0.238
412000000,21,132.217,34.0328,28.4592,0.259333
413000000,45,269.081,-16.7203,33.945,0.273
414000000,49,286.003,13.9222,59.9129,0.249333
415000000,56,347.505,24.7953,56.1523,0.248
416000000,41,256.898,32.9129,43.7208,0.245
417000000,31,186.326,20.6874,35.5109,0.2475
418000000,41,248.575,-5.26254,44.8541,0.242
419000000,55,323.284,5.4351,56.1285,0.237
420000000,38,216.482,21.0886,49.2651,0.2575
421000000,48,296.103,60.7461,47.2661,0.225
422000000,30,180.788,6.157,27.8756,0.2455
423000000,43,248.951,40.078,48.5749,0.2265
424000000,43,255.994,-3.75274,53.8907,0.2475
425000000,30,187.101,21.3985,30.1093,0.244375
426000000,25,145.306,52.9812,26.2535,0.23
427000000,26,159.744,3.63815,22.1337,0.2695
428000000,31,178.612,35.5187,28.6413,0.2235
429000000,52,315.85,8.1494,51.7507,0.262
430000000,45,268.135,18.4935,39.2673,0.2565
431000000,28,159.162,18.334,22.7757,0.235667
432000000,41,260.341,20.1947,42.2502,0.2555
433000000,38,236.168,26.9775,34.808,0.244
434000000,21,123.8,-1.52514,24.8911,0.2525
435000000,39,243.568,0.490914,30.6502,0.269
436000000,36,210.525,47.1261,35.4594,0.2325
437000000,40,245.284,55.4395,41.4991,0.2435
438000000,31,190.074,-23.014,33.5447,0.263
439000000,34,196.954,10.5056,50.7926,0.253
440000000,34,188.227,34.1292,39.1069,0.2345
441000000,37,215.085,23.9127,35.5468,0.2395
442000000,49,296.882,26.6412,56.6874,0.225
443000000,42,260.249,22.2201,30.625,0.26
444000000,43,264.479,26.9809,38.1699,0.254
445000000,43,264.638,14.504,41.4276,0.231
446000000,23,130.754,31.398,17.3433,0.248667
447000000,48,287.175,62.473,59.3059,0.2605
448000000,71,435.424,26.2262,67.1044,0.244
449000000,35,206.407,32.6532,38.1253,0.246
450000000,55,324.618,-19.2633,54.2129,0.272
451000000,48,289.437,-2.21952,53.3903,0.2465
452000000,28,170.79,58.7576,22.0808,0.2245
453000000,53,302.445,52.6299,44.9491,0.245
454000000,45,276.235,25.4985,46.2595,0.231
455000000,42,262.332,33.9076,31.4975,0.233
456000000,44,273.868,19.8287,38.8588,0.249
457000000,20,118.559,21.6675,23.742,0.23
458000000,25,156.679,11.3357,22.6772,0.244
459000000,48,297.842,20.755,42.7132,0.2575
460000000,58,354.946,6.53251,67.7724,0.2285
461000000,31,176.32,11.1141,28.0427,0.226
462000000,20,119.766,12.1016,23.0857,0.2405
463000000,39,246.381,14.6172,40.0903,0.217
464000000,19,109.871,-28.0146,22.6851,0.2517
465000000,75,441.275,26.1084,84.8609,0.238
466000000,20,123.107,-9.4044,17.2252,0.244667
467000000,34,198.657,6.91102,32.1447,0.251667
468000000,25,156.788,14.5697,28.11,0.2265
469000000,22,133.677,9.49163,25.588,0.25
470000000,28,169.205,13.9022,32.1141,0.244
471000000,30,174.729,6.65525,26.1742,0.247269
472000000,39,224.224,9.04548,34.5478,0.245
473000000,36,211.187,30.6198,39.0294,0.2275
474000000,38,225.212,15.3303,37.093,0.2335
475000000,31,178.776,8.11438,37.0955,0.25575
476000000,47,280.136,49.6673,43.2888,0.2295
477000000,43,257.244,11.2116,55.1758,0.235
478000000,38,233.557,7.07981,46.8341,0.2535
479000000,32,191.384,4.51991,28.0416,0.242
480000000,48,277.611,5.34403,40.2248,0.2365
481000000,29,173.633,23.6701,30.9877,0.247
482000000,41,253.599,17.4959,43.3015,0.214
483000000,41,226.923,25.9272,41.5882,0.2275
484000000,31,192.066,-28.6625,32.8678,0.2695
485000000,48,305.343,14.5655,41.421,0.221
486000000,35,210.431,52.5271,34.9047,0.2255
487000000,48,285.085,58.0233,53.3916,0.232
488000000,47,277.862,-6.72991,49.1166,0.2355
489000000,55,330.742,40.1874,61.4359,0.2315
490000000,64,387.179,60.4219,60.0367,0.242
491000000,53,305.106,23.5176,48.3968,0.2435
492000000,28,172.768,17.3856,33.5431,0.2435
493000000,50,305.16,14.724,47.4191,0.2435
494000000,20,109.289,-16.9889,12.0749,0.268
495000000,44,271.605,19.8169,52.442,0.223
496000000,38,217.652,3.61031,34.6768,0.2525
497000000,30,173.421,-56.9561,35.571,0.285333
498000000,53,324.76,37.8057,63.9559,0.259
499000000,78,471.308,-0.870121,86.5315,0.243
500000000,45,285.749,35.7202,46.7496,0.252
501000000,42,257.965,40.7619,32.5725,0.253
502000000,65,385.689,8.12829,72.4284,0.248
503000000,51,301.532,14.1667,43.3459,0.233
504000000,42,260.831,-6.77557,52.0413,0.282
505000000,68,405.189,17.3178,62.2737,0.222
506000000,35,197.487,19.8382,29.8821,0.24
507000000,36,218.768,6.39893,42.7991,0.2495
508000000,26,144.681,-17.8611,32.771,0.265
509000000,49,294.816,13.4834,42.2415,0.26
510000000,35,203.548,30.5603,38.0198,0.2685
511000000,45,272.735,-6.68344,60.3394,0.267
512000000,80,472.176,10.359,78.4974,0.254
513000000,44,255.124,35.394,47.0476,0.252
514000000,29,164.483,17.4509,25.7454,0.232
515000000,30,167.55,-10.5383,32.2361,0.238
516000000,22,136.146,-10.1326,22.4119,0.25475
517000000,49,284.486,12.8599,54.5574,0.2585
518000000,32,189.639,28.485,28.8091,0.2425
519000000,69,403.756,36.0128,73.6297,0.244
520000000,36,197.214,6.33234,51.207,0.2695
521000000,28,156.115,-26.4451,23.4546,0.2415
522000000,19,117.537,15.6493,18.9986,0.2405
523000000,21,127.045,19.1147,23.0295,0.224
524000000,46,270.593,25.9798,39.2874,0.244
525000000,50,315.996,39.4877,45.567,0.2415
526000000,28,164.46,35.5196,29.6847,0.228
527000000,38,233.262,11.0696,31.0645,0.234
528000000,53,320.266,41.4658,68.0621,0.239
529000000,32,192.02,32.4586,30.1222,0.2475
530000000,50,306.054,12.8925,40.2714,0.25
531000000,23,133.732,2.66787,19.8683,0.2455
532000000,36,201.815,8.35485,42.3471,0.246
533000000,43,252.664,46.5755,49.1253,0.237
534000000,23,139.323,22.5025,24.5861,0.2605
535000000,32,181.386,24.6327,29.4369,0.261
536000000,34,210.408,8.18099,35.4442,0.262
537000000,42,248.665,10.3493,39.9388,0.2578
538000000,33,206.161,25.3971,32.5089,0.255
539000000,39,232.703,2.02817,37.7101,0.244667
540000000,50,301.179,38.8024,39.2281,0.235
541000000,41,235.278,54.4265,36.5364,0.231
542000000,22,127.896,46.4124,29.2386,0.2355
543000000,37,212.284,-6.76543,42.2725,0.252
544000000,53,322.392,48.6122,51.643,0.232
545000000,49,292.931,29.7263,47.9342,0.24
546000000,75,455.825,14.1881,86.5705,0.258
547000000,27,157.044,0.0426592,25.1135,0.2565
548000000,33,212.137,46.7196,35.3258,0.2325
549000000,63,379.126,19.3351,68.8761,0.251
550000000,58,339.367,23.9474,65.8135,0.276
551000000,46,274.313,28.711,66.1977,0.232
552000000,41,244.314,38.8317,47.3477,0.233333
553000000,71,435.133,28.7277,72.6004,0.247
554000000,57,345.66,6.37458,53.0466,0.237
555000000,38,231.775,15.8102,31.555,0.265
556000000,34,196.624,30.9729,25.0302,0.242
557000000,35,206.858,4.87782,26.4729,0.2554
558000000,60,362.915,22.813,77.013,0.250667
559000000,51,314.741,20.6432,45.176,0.245
560000000,39,230.824,11.461,40.1486,0.249
561000000,52,305.302,27.2057,39.831,0.239667
562000000,30,174.422,36.2693,35.7114,0.231
563000000,30,182.037,48.3248,28.0197,0.2415
564000000,39,224.255,20.9365,48.0312,0.2435
565000000,34,211.523,32.6246,23.0519,0.261
566000000,30,181.006,25.8319,32.3202,0.229
567000000,33,199.084,36.3498,22.7652,0.234
568000000,58,338.622,32.3782,55.6128,0.243
569000000,38,224.609,2.49191,43.4206,0.269
570000000,61,364.213,13.4537,60.1173,0.2505
571000000,36,221.67,36.7294,22.24,0.2415
572000000,45,273.43,35.2669,53.7063,0.243
573000000,31,177.066,24.733,30.0241,0.229
574000000,38,241.664,26.1863,35.584,0.2455
575000000,39,239.764,-7.86381,37.9246,0.239
576000000,44,264.468,60.0437,40.9705,0.2185
577000000,46,282.842,26.1128,66.9689,0.216
578000000,57,338.693,43.8688,52.7081,0.242
579000000,32,188.067,17.4599,35.4012,0.237
580000000,34,217.759,12.8179,34.4435,0.241
581000000,53,300.965,33.4554,43.7465,0.229
582000000,37,232.16,33.2288,27.9246,0.2335
583000000,76,463.95,43.5048,73.9999,0.252
584000000,56,338.78,25.2331,46.1765,0.2305
585000000,68,397.133,10.6559,68.6314,0.2455
586000000,51,290.128,28.5748,53.4339,0.237
587000000,50,286.299,38.8201,59.1754,0.251
588000000,39,226.997,22.4421,41.2261,0.244
589000000,44,253.707,-29.5328,53.9224,0.283
590000000,38,225.231,5.36668,31.5553,0.24
591000000,35,210.118,4.48396,37.2831,0.244
592000000,58,341.493,11.5548,61.9989,0.268
593000000,19,119.156,-16.501,25.0174,0.245
594000000,74,465.103,44.8494,77.7956,0.250333
595000000,31,186.717,-14.4705,26.6267,0.2545
596000000,28,160.322,-22.3815,29.7639,0.254833
597000000,57,329.795,52.8018,59.5561,0.242
598000000,22,137.751,-9.09045,19.2389,0.2665
599000000,52,319.698,31.4656,57.1474,0.216
600000000,58,337.998,18.3554,67.6212,0.253
601000000,32,194.004,1.58144,29.0366,0.2465
602000000,31,188.927,-30.1326,41.1094,0.2555
603000000,52,315.486,18.1133,57.6623,0.246
604000000,43,256.423,25.0544,50.6137,0.233
605000000,34,200.548,12.4412,33.5825,0.253
606000000,44,265.462,25.87,56.1752,0.23
607000000,29,171.143,24.4137,43.1335,0.271
608000000,36,217.119,15.8412,34.3807,0.239
609000000,38,233.749,9.22992,37.7988,0.2315
610000000,47,284.937,31.1125,43.4446,0.215
611000000,27,169.06,6.20203,25.1478,0.2525
612000000,39,239.967,9.28707,42.5273,0.239
613000000,39,239.664,44.6327,49.2398,0.241
614000000,48,285.717,6.38125,47.39,0.265
615000000,28,176.666,6.26505,18.8999,0.2285
616000000,46,277.784,41.0626,48.0077,0.24
617000000,37,224.41,30.0656,38.6568,0.253
618000000,40,235.798,5.23774,36.8982,0.234
619000000,30,188.533,-24.1942,27.4754,0.255154
620000000,23,130.985,-14.243,28.2314,0.2585
621000000,51,298.869,41.4259,55.4455,0.237
622000000,44,264.986,25.5981,45.8201,0.241
623000000,52,319.207,20.2924,51.6332,0.233
624000000,76,439.73,33.3585,77.3696,0.232
625000000,70,423.636,11.7461,63.9469,0.2505
626000000,34,208.639,33.1824,34.8857,0.238
627000000,33,202.161,6.86717,25.8799,0.265
628000000,50,306.825,37.2847,65.334,0.2345
629000000,70,434.393,32.2574,63.1647,0.255
630000000,32,193.182,16.0784,33.0234,0.253
631000000,56,342.501,6.09159,57.8823,0.229
632000000,43,250.298,36.0444,42.7324,0.2355
633000000,45,263.001,34.5351,41.5019,0.256
634000000,24,139.193,23.9089,22.9795,0.231667
635000000,64,387.418,3.73183,59.1747,0.234
636000000,71,426.628,44.9682,66.8827,0.235
637000000,29,170.257,44.3349,33.0096,0.2388
638000000,45,275.477,-3.59202,52.4657,0.252
639000000,26,154.935,-7.53489,22.9796,0.264333
640000000,40,244.459,12.7724,40.8176,0.25
641000000,31,182.108,39.573,34.6071,0.229
642000000,45,267.995,3.69475,42.5409,0.243
643000000,41,229.211,46.5596,35.4285,0.230667
644000000,45,272.424,12.3028,35.5265,0.263
645000000,37,216.228,26.8445,33.5495,0.241667
646000000,41,248.33,42.9382,51.901,0.242
647000000,36,215.41,13.6623,33.4772,0.242
648000000,32,197.34,22.8076,36.5538,0.2615
649000000,82,497.196,-9.17006,73.1293,0.266
650000000,24,150.768,-10.7693,26.721,0.254667
651000000,72,437.796,25.2984,75.2256,0.237
652000000,35,211.723,6.58505,32.7377,0.2595
653000000,36,221.868,33.1572,35.8181,0.264
654000000,51,314.551,24.9289,52.4659,0.255
655000000,28,165.098,23.7575,24.4216,0.2605
656000000,53,331.452,19.7648,51.8547,0.26
657000000,53,318.272,30.5841,56.5937,0.242
658000000,41,243.093,-1.01043,44.2956,0.269
659000000,68,419.608,-4.27965,62.0121,0.28
660000000,42,255.665,24.9783,38.7381,0.244
661000000,23,140.546,29.5471,23.4277,0.230833
662000000,28,160.024,-2.11882,31.6887,0.264
663000000,54,310.929,15.0978,69.1396,0.243
664000000,44,250.763,23.2137,48.3943,0.248
665000000,46,271.414,6.63043,42.6968,0.244714
666000000,53,328.835,29.3123,67.6756,0.256
667000000,45,268.468,41.2368,50.806,0.22
668000000,60,362.958,66.644,58.5019,0.235
669000000,34,205.097,43.2287,36.2161,0.2305
670000000,50,286.281,29.472,51.116,0.252
671000000,39,228.922,8.53898,41.0445,0.2385
672000000,60,374.001,3.2475,68.9295,0.2465
673000000,45,263.31,8.45261,44.706,0.257
674000000,36,223.462,12.4868,39.6827,0.253
675000000,51,315.453,9.85537,54.5959,0.23
676000000,49,285.029,30.6486,38.1588,0.2375
677000000,39,220.302,49.1823,38.9808,0.226
678000000,40,232.663,-2.67377,36.7282,0.2565
679000000,44,276.92,50.8969,35.6016,0.2175
680000000,30,172.368,-8.63123,31.2875,0.2415
681000000,36,225.079,27.0354,39.9698,0.2398
682000000,35,206.974,-14.6021,37.7487,0.25
683000000,51,311.418,21.0143,62.0498,0.251
684000000,34,200.559,40.1621,23.818,0.237
685000000,24,147.021,6.2142,36.1694,0.244
686000000,74,432.225,51.023,80.6709,0.224
687000000,68,419.771,61.4491,60.496,0.242
688000000,40,233.945,24.0802,45.0998,0.2375
689000000,37,228.544,39.4227,35.8819,0.2485
690000000,33,197.637,48.0836,48.9772,0.251
691000000,44,278.294,16.2288,49.7196,0.237
692000000,36,206.052,-19.3683,40.5366,0.2535
693000000,62,373.819,5.5549,57.3832,0.258
694000000,31,176.332,60.1087,33.7978,0.2265
695000000,46,277.589,80.7059,45.8545,0.219
696000000,29,179.056,33.2801,31.5855,0.237
697000000,39,216.886,37.9833,44.1194,0.228
698000000,38,210.376,22.1283,39.8111,0.256
699000000,39,227.599,13.1094,39.0134,0.2275
700000000,49,295.615,21.6124,43.4296,0.2525
701000000,21,131.042,-1.647,30.3886,0.254625
702000000,27,171.07,-26.351,36.7384,0.2506
703000000,41,252.24,-4.83928,27.3073,0.252
704000000,39,229.662,40.3027,43.0181,0.2535
705000000,31,188.178,20.6674,31.9447,0.259
706000000,53,319.621,1.13713,63.4349,0.2665
707000000,27,163.508,14.4195,26.6702,0.261
708000000,48,283.886,14.9374,44.0427,0.247
709000000,69,416.504,29.0663,69.6171,0.278
710000000,36,222.541,-12.5985,37.4025,0.270667
711000000,56,326.996,58.1971,56.0833,0.231
712000000,43,267.429,16.0604,38.1378,0.234
713000000,34,199.27,28.6249,34.9996,0.2485
714000000,40,242.939,9.25313,39.0628,0.247
715000000,34,204.258,26.4784,28.2057,0.235667
716000000,15,85.8552,-11.3388,13.54,0.2465
717000000,18,105.161,-3.09088,20.6495,0.2545
718000000,36,217.067,50.0698,30.2821,0.22
719000000,40,240.019,20.8526,38.3609,0.258
720000000,68,407.972,37.2817,64.9348,0.276
721000000,28,167.29,20.6422,33.1107,0.232333
722000000,44,256.921,10.6347,49.0604,0.221
723000000,26,154.576,13.15,28.1501,0.2425
724000000,58,346.68,4.5446,44.5405,0.262
725000000,36,209.171,26.8641,31.4439,0.268
726000000,59,346.456,26.0746,60.1439,0.244
727000000,41,249.72,28.7199,47.3659,0.238
728000000,26,154.074,-27.1085,14.816,0.251333
729000000,32,199.177,2.02867,35.6129,0.242625
730000000,23,136.34,43.0034,15.5567,0.233333
731000000,20,110.015,-1.61661,28.8992,0.256667
732000000,39,240.676,17.6397,34.9938,0.2295
733000000,41,232.273,9.77107,46.965,0.264
734000000,51,302.021,23.977,59.1645,0.2475
735000000,65,376.685,-13.6276,69.9332,0.2365
736000000,25,159.633,-4.23496,22.0896,0.249556
737000000,42,254.389,19.2908,33.8717,0.253
738000000,35,208.454,34.854,38.7635,0.234
739000000,60,356.996,54.9851,81.1569,0.243
740000000,24,134.317,18.247,26.3868,0.25
741000000,40,244.971,23.4217,48.8899,0.239
742000000,45,276.84,49.0708,63.0043,0.2135
743000000,66,394.103,48.1401,60.5477,0.223
744000000,55,332.652,58.1623,65.3836,0.222
745000000,27,166.714,14.9837,31.8542,0.232
746000000,50,309.761,54.9393,52.3331,0.253
747000000,42,255.282,5.59631,32.3095,0.25
748000000,56,336.009,41.5456,53.4946,0.237
749000000,55,316.412,44.9021,50.8541,0.223
750000000,35,204.563,33.9323,47.0908,0.241
751000000,32,190.361,28.2323,24.248,0.222
752000000,54,329.75,68.7341,58.2818,0.2345
753000000,58,358.026,27.427,59.229,0.243
754000000,35,210.499,11.3902,48.7341,0.251333
755000000,39,221.891,24.1935,31.0536,0.241
756000000,36,208.201,15.2866,54.6822,0.2435
757000000,51,307.414,32.1956,37.1645,0.239
758000000,33,182.856,21.4124,25.5952,0.238333
759000000,53,313.475,7.66283,58.4148,0.259
760000000,58,340.441,30.8662,51.5489,0.234
761000000,48,281.723,-6.54863,45.6908,0.264
762000000,70,407.46,-3.21141,65.6834,0.265
763000000,55,337.654,22.6069,58.8318,0.2235
764000000,53,330.9,16.8817,70.9746,0.24
765000000,34,200.16,10.0036,27.5717,0.239
766000000,37,220.994,5.02856,30.5774,0.216
767000000,35,200.241,12.2192,35.9168,0.2615
768000000,27,163.661,64.7487,28.9464,0.2442
769000000,24,134.24,30.5927,19.5481,0.2275
770000000,43,263.566,6.33387,46.0093,0.24875
771000000,39,226.859,15.8074,36.3087,0.231
772000000,66,387.967,23.6863,63.2654,0.255
773000000,68,414.66,0.968907,58.703,0.264
774000000,75,456.409,20.4286,73.1568,0.248
775000000,45,277.215,23.5886,40.1999,0.221667
776000000,43,261.013,37.5904,51.0377,0.2525
777000000,25,139.5,20.9962,26.9678,0.251667
778000000,38,226.206,24.8021,32.4274,0.233
779000000,55,325.138,30.6763,51.9969,0.229
780000000,58,349.704,26.9248,62.7224,0.254
781000000,56,335.175,26.3912,54.234,0.249
782000000,42,245.812,17.0489,32.3029,0.249
783000000,24,141.06,40.2132,24.5835,0.241
784000000,30,171.909,-22.8942,27.034,0.254
785000000,52,307.39,13.3235,54.0054,0.265
786000000,55,318.751,68.069,50.7714,0.237
787000000,36,209.453,30.1535,36.8334,0.256
788000000,46,287.032,22.8462,45.2465,0.238
789000000,28,173.296,-7.82536,38.5142,0.266
790000000,51,290.556,10.0659,63.3895,0.243
791000000,33,202.813,-3.92725,34.1658,0.257
792000000,68,415.141,36.024,62.9566,0.231
793000000,27,157.559,7.45862,23.6927,0.2455
794000000,56,337.055,36.4858,49.0049,0.244
795000000,29,181.251,-0.794923,29.1643,0.2306
796000000,42,256.879,-13.9809,39.636,0.2825
797000000,49,294.59,19.7238,44.7724,0.249
798000000,36,227.496,-3.22712,34.3266,0.233
799000000,41,244.707,33.1921,39.3862,0.262
800000000,41,230.647,36.1718,39.6849,0.253
801000000,44,255.262,47.2107,60.1832,0.256
802000000,28,159.965,27.084,29.8674,0.2505
803000000,30,183.792,2.96637,34.8641,0.238
804000000,34,209.114,10.7277,37.6537,0.253
805000000,57,355.733,55.2468,72.5534,0.249
806000000,29,172.387,4.58257,21.1203,0.2615
807000000,45,281.76,13.2796,46.0738,0.248
808000000,26,157.575,6.62805,33.5097,0.242333
809000000,25,151.89,23.7006,19.3129,0.237333
810000000,47,288.079,41.2729,51.9754,0.241
811000000,56,331.881,12.6249,55.8801,0.25
812000000,55,342.578,43.4568,70.6725,0.235
813000000,75,453.006,-7.71463,83.0747,0.269
814000000,65,379.696,30.9004,61.2927,0.241
815000000,41,250.397,25.7337,42.8432,0.24
816000000,56,313.504,16.2,49.6072,0.253333
817000000,45,260.401,12.5468,43.6007,0.2505
818000000,27,152.469,7.25978,15.3448,0.23987
819000000,37,236.536,35.0717,32.9669,0.227
820000000,31,195.168,-2.01901,27.6024,0.251
821000000,21,126.152,-9.55073,19.1614,0.2584
822000000,50,307.428,25.3762,43.8089,0.248
823000000,43,267.369,27.9478,31.8269,0.242
824000000,54,328.612,29.5691,53.3244,0.229
825000000,30,186.844,-6.61122,27.6182,0.2435
826000000,63,367.509,-3.29728,67.5054,0.259
827000000,38,228.342,5.22786,41.3554,0.231
828000000,17,111.312,-25.1622,14.6698,0.262667
829000000,47,272.706,20.1114,45.9103,0.2455
830000000,26,151.338,17.8381,27.8298,0.2468
831000000,41,252.373,-3.08971,45.7566,0.267
832000000,32,196.411,22.6566,28.7642,0.254
833000000,28,171.202,-13.9548,26.6327,0.2675
834000000,73,433.419,13.3488,74.0515,0.258
835000000,53,334.926,14.7786,52.8509,0.255
836000000,50,312.992,53.9695,61.9885,0.237
837000000,41,247.045,16.2368,43.6547,0.2565
838000000,47,298.816,49.7986,41.7157,0.238
839000000,56,327.725,46.019,51.361,0.237
840000000,43,258.853,29.6541,50.1159,0.248
841000000,48,281.587,26.8943,48.6691,0.25
842000000,37,225.066,5.48818,38.056,0.24
843000000,34,189.577,35.6347,41.6438,0.221
844000000,29,174.732,-10.8107,42.1051,0.254143
845000000,55,321.995,30.84,53.5499,0.226
846000000,63,373.459,45.9203,59.3734,0.232
847000000,58,360.399,42.2005,54.225,0.227
848000000,49,294,45.2577,53.4455,0.245
849000000,38,240.194,25.0786,55.5208,0.247
850000000,43,261.638,17.2676,24.8846,0.23
851000000,40,239.317,-14.1039,48.2972,0.252667
852000000,30,172.533,10.6748,31.9004,0.267
853000000,24,152.53,20.9389,28.6123,0.246667
854000000,51,289.028,20.7452,46.2612,0.2295
855000000,36,209.535,44.0669,34.8331,0.232
856000000,23,144.419,23.8802,20.8145,0.2365
857000000,58,341.1,27.2059,52.3134,0.277
858000000,47,282.293,40.0288,42.8748,0.233
859000000,58,345.656,13.2773,66.1408,0.256
860000000,33,187.649,4.02366,37.8861,0.246
861000000,48,282.064,28.6608,47.2146,0.2505
862000000,30,185.327,21.5302,22.536,0.231333
863000000,52,317.418,20.6351,54.9082,0.27
864000000,39,231.426,30.4916,42.2839,0.2255
865000000,24,142.986,23.0553,34.5095,0.248667
866000000,37,222.67,-32.6566,39.1517,0.288
867000000,30,180.145,16.7699,41.1461,0.2415
868000000,36,207.256,9.41103,30.8853,0.267
869000000,32,183.341,12.0103,38.4473,0.255
870000000,36,226.362,14.9034,43.0714,0.237
871000000,45,282.876,2.7736,42.2575,0.2465
872000000,38,226.09,31.6172,35.1379,0.2405
873000000,24,131.639,17.3356,25.8529,0.256
874000000,32,196.092,50.3189,35.008,0.217
875000000,39,230.945,28.0244,33.3277,0.222
876000000,49,303.259,-9.4232,61.1602,0.288
877000000,54,318.849,5.84855,50.2429,0.285
878000000,45,245.231,31.4029,39.278,0.2565
879000000,48,279.061,-11.0343,36.0422,0.249
880000000,39,232.614,29.5586,36.9368,0.233
881000000,31,193.235,43.3511,26.8704,0.243
882000000,40,233.78,0.0188016,44.4114,0.248
883000000,20,119.005,-39.3479,14.1684,0.26275
884000000,64,392.905,12.7763,63.0957,0.225
885000000,26,154.727,37.4068,22.8688,0.23525
886000000,46,273.159,-23.2554,50.2139,0.267
887000000,21,129.853,-2.7319,17.5262,0.24775
888000000,34,209.104,16.4256,27.3583,0.25
889000000,32,186.952,6.72884,35.9203,0.2475
890000000,26,151.834,17.4982,26.8591,0.2436
891000000,39,238.556,26.0957,38.3463,0.229
892000000,24,141.123,-20.0249,26.9734,0.2665
893000000,46,268.683,-5.91799,46.4699,0.2625
894000000,44,260.901,27.1898,45.7629,0.234
895000000,33,195.899,13.749,31.8019,0.244
896000000,64,378.512,20.2908,59.1894,0.238
897000000,52,305.74,3.19328,50.6523,0.2635
898000000,39,232.279,7.75212,31.5847,0.264
899000000,53,315.194,63.8797,57.2436,0.224
900000000,38,231.132,9.68094,43.7277,0.251
901000000,43,253.477,25.6063,43.3053,0.255667
902000000,24,147.158,-9.40326,25.2311,0.2565
903000000,96,587.197,44.0048,112.521,0.253
904000000,66,386.187,15.9865,65.2481,0.275
905000000,39,214.045,7.96959,37.3139,0.2585
906000000,49,306.745,0.422072,57.7717,0.2565
907000000,33,208.583,3.1236,26.7257,0.274
908000000,19,120.851,-31.8248,12.1014,0.255
909000000,26,142.558,17.575,25.5966,0.231
910000000,26,157.206,19.6951,27.1649,0.263
911000000,28,167.162,-2.82025,23.9135,0.247
912000000,37,224.751,2.9093,40.1769,0.244
913000000,35,216.721,31.9155,40.6529,0.24
914000000,22,127.419,7.02764,19.6484,0.2455
915000000,41,235.701,-22.6239,35.9887,0.2735
916000000,34,218.821,35.5387,31.1597,0.234
917000000,42,251.545,50.4507,44.39,0.2485
918000000,42,252.419,60.5405,38.4176,0.236
919000000,27,166.566,27.4229,26.5598,0.260333
920000000,16,86.1152,8.47013,17.7758,0.24
921000000,16,97.8831,12.0505,15.2517,0.242667
922000000,67,396.3,-19.7463,74.1711,0.254667
923000000,34,194.565,-14.7273,29.14,0.2775
924000000,90,547.015,19.15,98.3702,0.262
925000000,51,304.639,-1.39554,62.2088,0.245
926000000,34,198.357,39.1017,39.2092,0.246
927000000,32,194.685,-5.65081,25.5653,0.261
928000000,42,245.323,21.7686,54.1885,0.243
929000000,60,359.492,13.8589,57.8181,0.2545
930000000,45,280.248,21.4585,51.6562,0.254
931000000,35,209.996,41.9632,41.838,0.2055
932000000,31,183.613,11.0252,37.9897,0.259
933000000,50,289.647,15.2087,53.0932,0.239
934000000,23,141.721,37.1548,21.9954,0.222
935000000,68,409.614,38.6775,66.6794,0.242
936000000,25,151.385,-7.74975,31.0641,0.244333
937000000,53,314.979,24.6114,45.0529,0.2565
938000000,28,159.987,-22.2057,33.2255,0.261
939000000,56,334.934,48.2387,63.8415,0.231
940000000,36,229.504,-19.6203,33.5006,0.256
941000000,43,256.694,-6.06985,36.4865,0.247
942000000,31,194.283,-2.64168,29.872,0.2555
943000000,48,290.548,43.8172,44.1844,0.227
944000000,35,194.412,0.17417,38.658,0.254333
945000000,28,169.56,28.1556,33.0453,0.237667
946000000,46,278.904,15.926,44.6467,0.249
947000000,20,112.1,12.2886,16.9768,0.247
948000000,24,145.571,7.67831,20.8622,0.239
949000000,44,266.511,-4.58706,58.9036,0.274
950000000,46,280.288,-16.2108,41.8864,0.272
951000000,41,243.261,11.4154,35.2916,0.248
952000000,32,197.216,24.9889,27.4219,0.241
953000000,30,167.356,29.2843,45.0981,0.237
954000000,36,218.11,20.5061,36.6488,0.2215
955000000,42,260.699,35.1586,42.161,0.2185
956000000,24,151.375,41.871,21.7725,0.239
957000000,39,233.005,21.7291,47.9021,0.2535
958000000,46,276.541,-7.6621,46.3182,0.247
959000000,49,279.874,29.2643,40.7144,0.232
960000000,28,165.705,40.0876,31.1074,0.215
961000000,54,328.016,64.9623,52.5003,0.195
962000000,26,159.053,-9.52936,27.3745,0.235
963000000,22,121.696,12.7708,21.599,0.2635
964000000,49,289.586,11.9859,52.3192,0.251
965000000,53,305.282,49.2588,48.2016,0.24
966000000,45,259.202,15.4046,46.8796,0.244
967000000,44,271.348,5.42728,45.5281,0.253
968000000,45,266.536,27.7755,41.1628,0.212
969000000,56,326.949,14.3922,56.8784,0.258
970000000,35,207.791,-5.85069,30.4357,0.253
971000000,42,237.912,15.7734,41.6317,0.257
972000000,43,252.329,52.2216,49.6759,0.227
973000000,49,295.831,28.7446,56.9798,0.2405
974000000,62,370.683,17.2092,53.1641,0.244
975000000,33,202.399,26.5533,33.4245,0.234
976000000,16,93.4508,-16.4363,17.597,0.253
977000000,42,259.166,21.335,45.1687,0.2345
978000000,51,276.266,44.2604,53.5023,0.2485
979000000,40,234.033,24.8144,37.5441,0.256
980000000,44,257.157,-0.592134,48.6499,0.2265
981000000,47,295.845,39.1495,42.1403,0.242
982000000,30,181.327,11.6787,28.6668,0.2555
983000000,18,111.371,-0.454901,19.6709,0.2605
984000000,32,171.894,29.7604,31.8031,0.250333
985000000,53,320.561,37.0624,43.507,0.233
986000000,24,143.813,-2.99847,26.2993,0.246
987000000,39,230.234,51.3192,31.2537,0.2315
988000000,39,231.573,54.9474,47.7608,0.219
989000000,44,259.547,55.851,45.5689,0.241
990000000,57,351.086,55.5055,44.3719,0.256
991000000,36,216.894,35.9167,46.2862,0.261
992000000,39,230.295,50.5277,25.6391,0.238
993000000,20,118.645,16.0838,23.9761,0.270333
994000000,36,215.894,57.1162,33.653,0.229
995000000,21,122.85,-0.26006,16.7894,0.2595
996000000,67,405.861,52.1443,46.7472,0.234
997000000,30,176.86,8.56149,34.6813,0.2475
998000000,24,144.845,39.9034,22.568,0.250333
999000000,41,236.162,29.5226,44.5591,0.2485
