generation,N_shifts,logPrior,logLik,eventRate,acceptRate
0,0,-7.39429,-838.869,200,1
1000000,19,112.681,-5.61769,20.9058,0.262
2000000,49,298.016,75.5697,45.6642,0.215
3000000,30,175.761,17.1851,35.617,0.2625
4000000,24,129.309,-23.8327,30.9988,0.257333
5000000,41,244.834,-5.20621,30.3824,0.271
6000000,42,254.097,2.55105,41.4861,0.253
7000000,33,203.524,22.4717,35.9355,0.2624
8000000,49,303.827,15.7488,61.0469,0.257
9000000,57,321.752,43.8657,48.8072,0.224
10000000,45,268.597,-14.716,45.1166,0.267
11000000,79,455.851,17.7498,85.6269,0.2615
12000000,33,198.165,50.8017,47.1799,0.246
13000000,34,204.824,17.6648,39.0927,0.232
14000000,44,255.011,50.5545,39.06,0.2415
15000000,75,453.948,31.4321,81.6653,0.24
16000000,46,273.727,-6.89743,50.8921,0.249
17000000,47,276.752,41.1935,55.0958,0.251667
18000000,61,369.335,52.3302,50.0722,0.225
19000000,32,189.425,11.1291,37.2961,0.264
20000000,22,132.155,-20.8859,21.6148,0.271
21000000,44,265.193,46.6578,47.2235,0.217
22000000,52,310.568,51.0609,53.713,0.224
23000000,48,303.339,47.884,67.9304,0.231
24000000,33,187.896,57.2193,25.4008,0.2395
25000000,45,275.353,30.8506,48.013,0.223
26000000,45,255.753,25.9461,45.8342,0.237625
27000000,33,198.347,60.1764,45.1502,0.2365
28000000,60,351.655,44.8856,49.2727,0.25
29000000,34,198.249,-5.12537,33.112,0.264
30000000,41,251.489,24.2669,45.2348,0.258
31000000,29,182.475,-8.31328,33.306,0.256
32000000,58,340.337,51.6536,58.3308,0.234
33000000,9,45.5588,-5.47886,9.7048,0.244333
34000000,59,349.414,52.8849,56.7783,0.218
35000000,61,367.977,50.5062,56.7995,0.220167
36000000,50,306.239,28.1787,46.9425,0.224
37000000,22,128.561,16.9084,20.793,0.254333
38000000,52,320.642,10.8121,54.7857,0.245
39000000,46,278.359,2.19004,49.0699,0.231
40000000,17,95.0718,-23.4981,17.3906,0.2675
41000000,38,233.619,4.79439,39.794,0.211
42000000,32,199.613,6.45388,44.2416,0.2425
43000000,32,178.238,65.1365,28.6205,0.226
44000000,37,223.764,3.17464,32.4334,0.2456
45000000,28,168.168,1.94257,29.8909,0.242
46000000,37,218.833,6.28824,34.7325,0.257
47000000,35,211.378,-0.832164,52.4017,0.241
48000000,48,282.104,21.1667,50.5998,0.239
49000000,39,238.259,36.0524,41.1539,0.2285
50000000,41,242.94,4.26624,45.1431,0.253
51000000,32,186.331,34.6093,28.569,0.2395
52000000,48,273.946,10.5548,71.7514,0.244
53000000,25,159.611,-9.00812,15.3407,0.262667
54000000,70,431.152,63.1508,61.1256,0.252
55000000,45,276.685,51.4535,40.1434,0.2375
56000000,32,184.716,10.874,38.1016,0.251
57000000,52,300.416,33.9158,56.9632,0.240333
58000000,30,173.973,0.984473,27.4472,0.244
59000000,37,211.118,30.5258,42.5678,0.2345
60000000,38,225.18,31.7785,37.7937,0.2525
61000000,39,224.936,0.804642,38.7365,0.258
62000000,46,273.852,18.4424,37.0734,0.249
63000000,33,188.495,-6.86936,42.9295,0.2525
64000000,82,487.289,51.22,102.9,0.233
65000000,32,194.671,20.4985,35.817,0.2445
66000000,37,231.614,13.3061,34.0536,0.248
67000000,32,185.755,59.9267,32.8016,0.2225
68000000,72,423.213,57.2979,69.2488,0.222
69000000,47,274.433,5.87748,47.0646,0.254
70000000,46,272.605,33.5921,39.0536,0.229
71000000,40,246.483,-2.64923,39.8137,0.257
72000000,37,219.603,64.1502,37.9767,0.229
73000000,7,38.9065,-41.0333,5.20142,0.27375
74000000,44,254.253,18.2009,36.8522,0.267
75000000,33,203.038,20.2892,38.3462,0.262
76000000,37,230.724,29.4812,42.4062,0.2445
77000000,10,61.3085,-35.6234,6.97976,0.2524
78000000,43,254.788,53.2353,37.7551,0.222
79000000,45,261.8,24.6047,46.4263,0.247
80000000,58,359.258,33.6615,65.8817,0.2465
81000000,20,126.008,1.99507,18.2911,0.253
82000000,42,257.199,29.3031,46.2706,0.246
83000000,35,201.26,46.6386,28.2628,0.2465
84000000,43,253.086,28.8267,40.198,0.272
85000000,38,231.955,-5.01754,39.2345,0.232
86000000,55,329.691,47.0345,48.9161,0.232
87000000,47,273.296,38.053,47.752,0.2485
88000000,27,167.994,-11.7244,27.0343,0.251
89000000,50,294.426,55.893,53.501,0.225
90000000,34,203.815,15.0982,27.9244,0.238
91000000,60,364.097,38.0517,54.854,0.242
92000000,43,258.01,34.5162,36.1205,0.215
93000000,40,237.903,-3.28629,37.5514,0.263
94000000,82,486.805,62.6993,81.1374,0.228
95000000,52,316.409,-11.4854,47.9703,0.2635
96000000,40,232.546,35.7519,34.5,0.274
97000000,45,274.739,29.2084,61.3618,0.279
98000000,23,140.194,-6.67388,22.3107,0.2405
99000000,55,335.54,27.3791,55.0243,0.217
100000000,57,341.072,45.3122,50.0617,0.2555
101000000,45,267.216,24.4421,44.4916,0.2425
102000000,23,143.429,-4.52169,22.1294,0.255
103000000,45,267.559,-5.61125,50.4791,0.259
104000000,41,241.227,24.2173,39.2505,0.256
105000000,16,92.6377,-19.3082,18.6997,0.259
106000000,55,346.707,-10.3343,61.1489,0.274
107000000,32,197.088,32.4634,31.6278,0.258
108000000,38,226.777,64.9284,34.3926,0.2175
109000000,54,323.808,39.3096,60.3686,0.234
110000000,43,259.775,46.0834,38.5943,0.2395
111000000,56,337.021,37.1338,59.5889,0.236
112000000,38,240.076,-1.99026,31.9692,0.2475
113000000,67,401.397,41.3036,56.0472,0.2605
114000000,48,282.935,-8.40972,46.4093,0.254
115000000,46,271.514,6.22749,40.0114,0.245
116000000,37,221.103,15.7382,33.4868,0.251333
117000000,36,207.912,2.08121,56.2412,0.246
118000000,47,295.274,11.0455,37.2719,0.271
119000000,32,196.966,6.96159,36.4978,0.261
120000000,66,391.379,-14.0561,65.0846,0.2665
121000000,62,380.039,16.7698,69.3595,0.238
122000000,53,318.284,22.6836,58.3937,0.283
123000000,35,215.49,-2.21303,26.4944,0.257
124000000,61,376.773,-8.41049,56.9341,0.247
125000000,45,259.155,-28.7227,34.4755,0.2716
126000000,46,265.049,29.7895,48.289,0.251
127000000,51,314.723,-2.99672,40.218,0.256
128000000,68,401.231,39.0273,78.0709,0.216
129000000,41,240.426,33.0644,37.5649,0.25
130000000,68,408.362,19.7568,65.9958,0.25
131000000,47,284.672,43.9281,60.1367,0.243
132000000,42,245.607,41.5336,51.9259,0.246
133000000,69,418.026,52.4289,74.7162,0.2255
134000000,40,215.971,-12.1581,47.1039,0.277
135000000,25,145.421,71.0702,24.1723,0.222
136000000,28,168.473,-46.8052,32.9416,0.2805
137000000,54,317.693,23.7951,59.0335,0.2395
138000000,22,131.42,29.717,26.5629,0.246
139000000,25,145.527,29.0713,21.3553,0.23
140000000,58,347.134,21.5836,62.0835,0.243
141000000,30,179.532,39.2153,24.253,0.2354
142000000,54,307.735,30.5001,63.1406,0.228
143000000,88,503.866,41.0373,85.6809,0.224
144000000,46,286.352,51.0075,55.5825,0.2515
145000000,43,256.122,23.0059,45.2101,0.234
146000000,31,174.316,4.6986,34.0673,0.2585
147000000,23,133.199,37.8568,21.7411,0.246
148000000,43,257.686,18.8969,45.6158,0.235
149000000,38,236.611,39.5043,42.1915,0.24
150000000,33,197.256,13.8672,31.9949,0.246
151000000,61,374.495,-0.376779,57.9623,0.23
152000000,69,417.715,51.3803,89.5133,0.227
153000000,31,192.49,1.48669,42.1974,0.2435
154000000,30,176.516,61.783,29.6762,0.239
155000000,32,194.921,35.9088,38.3712,0.2355
156000000,36,210.522,30.0392,35.4415,0.244
157000000,25,146.681,47.6449,35.6801,0.217333
158000000,45,270.588,34.2114,38.0025,0.241
159000000,41,242.702,13.4707,30.1328,0.239
160000000,58,344.132,25.3017,59.9717,0.235
161000000,58,338.63,27.1808,53.9816,0.245
162000000,25,149.439,7.48016,28.5364,0.260778
163000000,42,244.367,22.3684,39.1174,0.249
164000000,31,193.038,8.94895,28.5687,0.22975
165000000,32,176.175,13.7645,43.3239,0.2465
166000000,56,341.56,39.1797,57.642,0.24
167000000,58,346.544,14.1068,61.7394,0.2415
168000000,46,275.805,24.4814,45.5051,0.236
169000000,22,130.438,-3.46496,22.297,0.27
170000000,42,242.961,12.2049,43.4155,0.2445
171000000,18,107.272,30.2513,20.5148,0.231
172000000,31,190.434,75.6396,37.6451,0.2475
173000000,70,413.42,56.9658,73.6674,0.221
174000000,64,376.205,29.2712,72.1966,0.245
175000000,32,201.553,4.01026,38.4464,0.2625
176000000,45,266.752,4.74735,44.579,0.255
177000000,42,253.114,32.082,40.4648,0.2485
178000000,57,358.36,40.3773,60.6533,0.2685
179000000,27,163.345,-31.2251,24.3746,0.2585
180000000,23,136.906,36.2637,25.5432,0.2582
181000000,39,230.708,1.17376,43.5031,0.254
182000000,55,329.149,11.6621,45.0021,0.247
183000000,37,210.988,49.9651,36.6246,0.2665
184000000,49,288.745,64.5024,44.5521,0.223
185000000,33,198.619,23.8063,44.2736,0.245
186000000,61,365.461,24.0444,53.4921,0.258
187000000,33,193.157,26.3398,47.9179,0.236
188000000,21,115.574,18.5616,25.4262,0.24
189000000,54,322.22,17.5977,67.0128,0.2485
190000000,36,208.746,-0.594052,34.4621,0.2665
191000000,49,301.905,7.41299,54.3468,0.236
192000000,40,244.362,21.8388,39.6765,0.246
193000000,42,244.77,32.6827,35.0287,0.2285
194000000,31,192.414,40.2501,34.2648,0.231
195000000,23,132.596,14.9742,18.725,0.245
196000000,52,310.433,41.4511,53.8695,0.243
197000000,28,166.983,25.753,27.5131,0.2414
198000000,33,183.108,41.1277,37.4287,0.2425
199000000,60,370.326,39.1212,65.5173,0.241333
200000000,30,176.404,21.5201,19.0232,0.2385
201000000,41,244.651,3.65998,52.5462,0.231
202000000,57,346.343,26.8128,44.9544,0.241
203000000,48,297.304,26.8521,55.5473,0.255
204000000,51,312.415,30.861,44.7029,0.2325
205000000,37,214.707,-1.89289,33.3754,0.248
206000000,32,196.491,27.9684,24.8048,0.227
207000000,34,197.86,33.9959,35.294,0.239
208000000,39,235.967,17.6924,37.3819,0.2475
209000000,51,302.726,38.2325,63.1964,0.23
210000000,32,189.929,25.2417,36.0991,0.235
211000000,37,221.922,0.311077,33.9434,0.235
212000000,41,251.769,67.0984,36.981,0.255
213000000,52,316.664,-8.82149,49.54,0.265667
214000000,27,156.657,-3.88817,21.8212,0.251
215000000,37,220.306,11.3608,41.4017,0.2535
216000000,50,306.116,13.5121,52.0199,0.252
217000000,71,422.877,40.5743,63.6256,0.247
218000000,39,216.07,62.4235,45.1895,0.230667
219000000,62,387.882,48.6532,62.5552,0.23
220000000,39,242.74,25.5007,47.814,0.234
221000000,26,157.943,-21.5608,23.8997,0.254
222000000,36,224.145,26.3323,33.3942,0.244
223000000,55,327.334,60.8709,55.8142,0.251
224000000,77,440.938,57.0544,79.991,0.256
225000000,42,234.942,17.3019,43.0178,0.243667
226000000,45,260.503,45.9974,56.5187,0.26
227000000,53,318.197,-0.334299,50.6647,0.2465
228000000,34,214.289,24.0852,42.0587,0.2185
229000000,34,207.121,-23.8972,36.9425,0.264
230000000,42,263.887,27.1616,41.0447,0.246
231000000,35,208.16,-22.1654,39.6881,0.2555
232000000,61,379.486,18.0756,63.3884,0.2465
233000000,59,364.498,20.5571,62.9739,0.228
234000000,57,344.32,34.8219,57.7377,0.248
235000000,37,212.182,26.4246,27.9373,0.254
236000000,34,198.479,20.9174,41.3277,0.2305
237000000,26,154.899,45.2894,23.6095,0.221
238000000,54,322.759,4.14312,60.0387,0.2485
239000000,50,313.517,-3.86686,46.0696,0.258
240000000,34,206.367,2.77617,28.7151,0.252333
241000000,50,290.64,-6.29196,52.0767,0.249
242000000,49,300.164,24.2195,49.5338,0.237
243000000,28,167.03,-3.22748,22.4647,0.2665
244000000,34,201.703,33.6363,34.0832,0.2285
245000000,38,216.602,4.4168,34.8477,0.251
246000000,49,291.456,14.0453,55.0137,0.2405
247000000,42,243.527,36.8412,40.9522,0.242
248000000,46,272.722,30.6006,51.575,0.239
249000000,35,209.478,27.4698,44.5406,0.277
250000000,59,357.544,33.5306,62.9796,0.2655
251000000,56,329.488,55.8491,46.7786,0.216
252000000,42,243.8,33.5004,37.3909,0.242
253000000,24,150.028,17.2844,25.3526,0.259
254000000,48,296.715,14.395,53.7665,0.257
255000000,45,263.465,19.5733,42.417,0.239
256000000,36,207.338,7.06199,40.4445,0.238
257000000,27,156.422,24.9942,22.9931,0.247
258000000,45,251.709,39.7591,41.0184,0.216
259000000,41,235.847,23.6478,38.3745,0.238
260000000,70,416.46,45.7592,51.201,0.228
261000000,45,265.854,35.5518,46.9223,0.24
262000000,35,212.175,17.3312,49.4454,0.247333
263000000,65,387.333,-13.0652,57.4078,0.2705
264000000,38,228.891,31.2651,42.5733,0.2455
265000000,19,111.748,0.935486,15.7242,0.264333
266000000,91,562.118,58.6476,99.3438,0.251
267000000,41,241.794,33.8238,40.9935,0.244
268000000,56,337.937,58.5622,62.2729,0.246
269000000,18,109.467,-4.78768,14.6005,0.266
270000000,56,334.522,-19.9723,56.823,0.257
271000000,36,206.12,31.8047,38.1751,0.204
272000000,49,288.412,16.6927,54.9015,0.2655
273000000,64,393.368,66.9191,65.3946,0.241
274000000,47,269.322,54.1717,42.8575,0.234
275000000,46,276.172,82.3725,57.6797,0.2215
276000000,31,180.639,43.4481,37.1186,0.231
277000000,39,242.025,22.5343,36.5275,0.251
278000000,30,183.067,29.47,27.276,0.23
279000000,37,222.13,-0.844818,37.7227,0.259
280000000,27,161.637,12.3821,28.0044,0.26
281000000,52,318.706,15.1554,47.8273,0.236
282000000,50,305.146,18.7008,39.5457,0.232
283000000,42,245.487,24.5823,47.2817,0.237
284000000,60,370.456,57.0089,62.9054,0.241
285000000,53,328.782,27.9264,62.817,0.246
286000000,47,301.176,1.98227,58.9203,0.2505
287000000,29,174.506,4.11749,26.5199,0.253
288000000,34,194.428,4.86465,42.156,0.246
289000000,29,177.804,18.4195,21.8341,0.237
290000000,49,297.577,-1.08214,47.6314,0.247
291000000,31,194.821,20.2419,38.0613,0.268
292000000,37,222.734,19.9148,34.6404,0.224
293000000,40,233.122,44.4489,40.3082,0.216
294000000,35,206.578,68.9355,43.1811,0.219
295000000,39,219.098,21.8376,41.6626,0.241
296000000,47,276.088,62.9968,41.3354,0.2365
297000000,41,248.625,-2.19787,49.4006,0.236
298000000,33,198.87,35.4131,40.3689,0.242
299000000,80,471.366,32.1095,73.5269,0.277
300000000,44,265.613,24.9226,41.8548,0.230333
301000000,40,245.335,37.5194,38.7276,0.242
302000000,67,423.913,-19.2895,64.7312,0.293
303000000,40,234.992,-7.02159,41.6394,0.2645
304000000,72,428.508,-3.92931,79.6441,0.278
305000000,47,278.35,15.1737,45.6824,0.242
306000000,60,338.826,12.4848,57.6995,0.243
307000000,52,320.232,-6.89069,49.4282,0.282
308000000,59,354.69,70.8313,76.6747,0.233
309000000,35,207.192,3.96508,39.0432,0.253
310000000,35,212.354,20.9082,27.9576,0.221
311000000,52,313.995,-11.6124,63.4631,0.2595
312000000,51,298.697,2.52167,45.2772,0.248
313000000,43,259.689,22.0414,53.6893,0.230429
314000000,49,301.246,19.399,40.8097,0.242667
315000000,35,211.205,-3.82798,41.2642,0.261
316000000,55,343.443,-9.03973,59.1222,0.27
317000000,83,492.458,15.8125,92.0624,0.253
318000000,40,222.928,32.2453,38.3928,0.2345
319000000,40,241.588,42.6162,25.8527,0.214
320000000,37,219.618,-11.2602,29.5709,0.2605
321000000,28,175.813,0.179107,24.9961,0.256667
322000000,38,229.345,3.87099,41.432,0.248
323000000,42,251.513,9.06771,29.3717,0.247
324000000,57,346.943,50.9175,69.6793,0.241
325000000,55,327.241,25.7115,42.0008,0.242
326000000,44,267.491,29.4816,39.6347,0.246
327000000,23,141.114,20.3795,25.3867,0.2555
328000000,32,188.753,39.5511,27.6932,0.218
329000000,39,225.504,3.17003,42.1055,0.266
330000000,59,328.578,26.0456,75.0269,0.233
331000000,50,300.331,45.1811,63.8759,0.227
332000000,21,122.486,-15.8428,15.288,0.2795
333000000,48,273.804,34.5695,37.7544,0.2225
334000000,79,482.721,31.8135,65.6485,0.234
335000000,17,105.936,-4.59826,23.8267,0.2635
336000000,26,165.404,75.5878,28.8895,0.237
337000000,29,162.797,33.2446,38.3972,0.243
338000000,40,239.911,59.0418,40.3409,0.223
339000000,55,339.053,16.3883,45.1971,0.24
340000000,64,380.632,60.1716,51.7939,0.242
341000000,34,206.997,12.567,35.3448,0.23
342000000,37,218.629,39.3932,45.1918,0.229
343000000,42,253.471,35.0916,43.4553,0.2485
344000000,50,306.246,33.4694,51.7469,0.219
345000000,26,145.938,-0.672705,24.6201,0.254786
346000000,51,314.379,32.2561,57.7519,0.265
347000000,34,200.525,5.16656,28.4612,0.26
348000000,47,273.735,18.1712,58.0097,0.249667
349000000,39,222.55,-3.56159,46.151,0.264
350000000,42,253.401,25.8139,30.0176,0.250294
351000000,41,248.339,5.18869,41.6378,0.261
352000000,35,206.021,47.8255,34.591,0.2495
353000000,41,238.178,50.8614,41.2591,0.2225
354000000,39,241.85,41.4726,54.6532,0.243
355000000,35,210.002,-6.891,39.9942,0.248
356000000,30,164.278,29.2522,29.2164,0.2345
357000000,48,285.067,15.8003,43.3755,0.2805
358000000,33,192.495,-3.74023,40.1186,0.263
359000000,55,325.451,17.3156,53.5445,0.237
360000000,41,252.361,59.3563,40.7552,0.195
361000000,44,263.177,28.5855,39.628,0.2305
362000000,50,306.331,15.4129,45.8264,0.27
363000000,31,169.383,45.9792,32.7035,0.2275
364000000,54,310.766,28.7693,56.6593,0.235
365000000,34,200.353,-8.63303,29.8558,0.265
366000000,45,255.529,24.2226,52.032,0.223
367000000,35,214.647,38.2936,39.7161,0.2455
368000000,70,414.667,63.1459,57.6553,0.248
369000000,30,173.598,21.1647,30.9757,0.252
370000000,29,165.136,2.46388,31.1529,0.24
371000000,42,261.041,32.1184,49.0906,0.248
372000000,61,362.788,34.0202,75.4334,0.24
373000000,36,221.904,9.17648,39.1583,0.255
374000000,51,308.565,44.195,43.2744,0.238
375000000,60,374.369,26.8003,53.8636,0.2555
376000000,16,96.0132,0.970316,16.7578,0.258
377000000,35,211.448,21.7542,26.3458,0.239
378000000,51,313.627,59.3773,50.6884,0.238
379000000,19,113.541,11.5227,14.1181,0.242
380000000,59,360.436,16.8263,56.7946,0.262
381000000,65,412.449,15.4552,52.9094,0.239
382000000,45,250.375,68.4949,38.0838,0.236
383000000,45,265.448,-10.6985,35.1648,0.269
384000000,63,369.461,57.5013,74.3842,0.255
385000000,46,255.036,23.2535,42.0823,0.232
386000000,39,228.143,-4.94924,37.6629,0.2495
387000000,55,339.782,26.5434,48.0904,0.25
388000000,55,330.859,12.7463,55.1497,0.26
389000000,28,173.557,45.2035,34.2952,0.233
390000000,34,202.023,20.7433,39.4555,0.24
391000000,67,401.11,47.2447,74.0574,0.237
392000000,43,259.989,18.8113,45.0376,0.236
393000000,47,273.905,12.5134,53.4272,0.248
394000000,16,100.439,-10.7266,17.9136,0.2702
395000000,38,213.944,-9.98821,42.5711,0.255
396000000,36,216.088,7.03087,31.1519,0.264
397000000,41,246.747,34.5484,36.7353,0.232
398000000,21,123.212,41.6907,19.2998,0.235
399000000,58,346.988,16.3742,46.2766,0.2765
400000000,49,308.826,34.6596,44.7209,0.241
401000000,79,466.947,27.6125,61.2552,0.233
402000000,37,221.008,-16.334,37.5118,0.267
403000000,41,244.918,37.7766,42.4893,0.245
404000000,62,377.372,5.70291,57.8399,0.2545
405000000,55,343.812,-6.00856,51.5295,0.26
406000000,68,406.339,50.3096,70.1604,0.245
407000000,50,296.452,23.0157,47.1402,0.241
408000000,36,223.475,41.9703,29.7085,0.227
409000000,62,362.687,2.42992,62.1672,0.25125
410000000,31,192.662,6.19355,23.3001,0.2465
411000000,32,187.739,-4.86428,27.0874,0.281
412000000,46,281.637,25.7783,49.0401,0.2345
413000000,28,160.324,6.62314,25.1209,0.2455
414000000,27,156.056,-1.08062,31.331,0.2475
415000000,53,314.82,20.7784,61.7488,0.2685
416000000,42,251.781,22.0864,38.8143,0.258
417000000,50,312.582,31.533,44.911,0.25
418000000,52,313.75,6.42231,56.9808,0.2565
419000000,55,320.385,30.5997,61.4195,0.225667
420000000,78,469.954,64.3648,87.3688,0.246
421000000,69,390.589,30.2253,75.4633,0.245
422000000,58,326.505,-20.091,63.5164,0.2615
423000000,31,173.526,29.3719,21.923,0.248
424000000,58,350.895,73.504,54.1324,0.209
425000000,36,217.364,12.7777,36.7451,0.2305
426000000,69,424.483,18.23,61.4953,0.243
427000000,55,327.244,38.6701,58.9912,0.262
428000000,47,284.731,67.3042,47.3531,0.2695
429000000,46,282.278,15.8578,55.6111,0.231
430000000,49,285.291,-3.98418,52.1024,0.2725
431000000,34,182.156,66.5417,32.0398,0.225
432000000,46,272.231,-0.732517,50.8559,0.256
433000000,36,208.239,35.4898,28.7806,0.2315
434000000,31,176.375,1.42175,25.7457,0.275333
435000000,43,239.833,57.1011,52.9181,0.222
436000000,47,278.817,67.3789,50.0669,0.243
437000000,49,297.648,13.3387,64.9191,0.2435
438000000,45,272.933,42.9562,32.6035,0.258
439000000,31,180.856,-4.91809,29.5015,0.255
440000000,33,187.617,54.5921,39.9487,0.255
441000000,46,285.413,49.558,54.0914,0.241
442000000,60,359.164,57.0522,53.8265,0.252
443000000,51,304.468,31.2867,54.8916,0.2525
444000000,41,234.003,13.8407,40.2995,0.252
445000000,47,275.65,29.4262,56.1548,0.2335
446000000,42,248.612,17.9149,49.5068,0.247
447000000,24,143.139,12.5833,24.0954,0.243
448000000,34,211.033,17.0629,38.1488,0.256
449000000,43,250.854,10.9397,42.1968,0.255
450000000,44,272.402,6.66975,46.7407,0.255
451000000,46,290.79,34.5852,40.7071,0.262
452000000,49,291.92,45.3233,52.6601,0.24
453000000,30,182.591,22.6907,28.5663,0.277
454000000,44,263.794,26.4549,45.1195,0.2375
455000000,52,313.42,-21.1837,54.0468,0.264
456000000,41,239.288,46.7708,42.7791,0.2305
457000000,36,211.147,38.7993,42.2488,0.245
458000000,30,171.476,21.073,36.3983,0.2585
459000000,39,242.389,26.6244,34.9863,0.2635
460000000,31,184.704,10.0899,37.6917,0.232
461000000,36,221.731,34.2,41.7494,0.2665
462000000,20,120.303,-5.68611,24.7545,0.265
463000000,67,400.34,39.3295,45.1376,0.238
464000000,47,280.436,34.4749,53.3679,0.258
465000000,45,274.684,55.6736,52.0626,0.253
466000000,72,430.824,33.7534,60.6738,0.255
467000000,31,182.416,16.9509,39.8716,0.22
468000000,47,281.921,55.965,35.3426,0.238
469000000,20,121.094,-32.1222,24.8906,0.25225
470000000,73,444.954,43.2114,71.4332,0.239
471000000,50,306.797,52.7335,67.3124,0.238
472000000,24,145.187,9.02066,20.9185,0.2355
473000000,71,432.107,38.4495,75.7726,0.249
474000000,33,188.15,-8.37224,32.743,0.2485
475000000,32,196.169,35.8068,28.241,0.2575
476000000,54,308.307,-1.27313,51.7149,0.2495
477000000,24,152.281,29.611,26.9271,0.2335
478000000,36,211.025,32.3027,26.7759,0.242
479000000,37,225.468,19.5423,32.7943,0.231
480000000,47,279.006,65.0124,33.7035,0.24
481000000,42,243.564,48.2783,36.9253,0.261
482000000,32,185.415,24.5354,30.6236,0.26
483000000,47,278.522,26.5556,37.1633,0.2445
484000000,35,207.7,38.3212,36.3711,0.254
485000000,55,320.111,45.2224,70.8859,0.2385
486000000,43,254.232,25.6133,39.9189,0.2615
487000000,21,120.355,2.68285,19.5112,0.247
488000000,28,164.025,43.1896,27.8916,0.26
489000000,34,208.365,49.7238,26.9494,0.243143
490000000,19,121.312,-8.36739,11.8963,0.2605
491000000,77,469.883,36.703,70.998,0.232
492000000,37,228.974,19.5423,32.1413,0.238
493000000,29,173.63,54.499,23.1175,0.243667
494000000,36,223.938,16.8445,40.7573,0.2502
495000000,45,274.474,39.0835,36.754,0.258
496000000,40,225.159,9.79165,45.4337,0.23
497000000,28,160.581,81.7595,38.9911,0.212
498000000,32,177.498,19.4006,28.3418,0.271
499000000,43,267.197,20.8523,49.8399,0.254
500000000,38,234.799,34.3214,38.3653,0.281
501000000,28,164.966,1.99814,24.543,0.242
502000000,51,308.648,32.886,38.7676,0.2485
503000000,46,268.199,22.3102,47.2757,0.267
504000000,45,259.001,48.3846,53.584,0.21
505000000,64,393.349,23.9981,61.6299,0.237
506000000,48,292.585,52.9142,43.5066,0.248
507000000,70,418.696,15.2086,61.1826,0.249
508000000,46,283.23,36.8099,44.6883,0.236
509000000,55,329.6,34.0122,54.6801,0.217
510000000,44,256.925,7.57972,36.6469,0.2565
511000000,41,246.738,16.7348,41.5671,0.2525
512000000,19,102.262,-2.32122,12.9826,0.247
513000000,18,110.301,28.7364,20.0594,0.24075
514000000,30,186.612,4.30819,36.8719,0.2505
515000000,21,120.57,-7.54028,23.9298,0.261
516000000,49,298.993,46.8078,55.5926,0.234
517000000,50,290.676,10.7819,74.1069,0.251
518000000,46,275.21,54.2924,57.1256,0.2335
519000000,63,379.034,19.3343,63.8883,0.251
520000000,51,315.853,7.48834,52.6682,0.261
521000000,35,217.862,13.9506,26.8644,0.27
522000000,32,190.992,3.01407,23.8249,0.2515
523000000,54,313.853,16.3088,52.549,0.252
524000000,47,279.811,16.2623,50.4315,0.221
525000000,39,225.193,35.1303,33.0189,0.24
526000000,43,269.636,42.8621,34.2895,0.251
527000000,39,233.901,-16.7095,40.5474,0.2535
528000000,64,388.163,35.4092,64.1383,0.245
529000000,39,245.889,4.80322,56.1373,0.2535
530000000,22,136.292,25.3462,20.7473,0.2305
531000000,56,344.799,40.2086,52.6089,0.252
532000000,64,399.304,42.6908,70.7835,0.234
533000000,74,441.653,42.121,79.4073,0.24
534000000,29,164.934,52.9052,23.6314,0.248
535000000,54,324.619,40.3999,58.4199,0.244
536000000,54,321.603,41.8699,48.7635,0.214
537000000,43,266.582,33.9749,51.08,0.23875
538000000,27,160.774,5.42562,26.3869,0.2505
539000000,45,280.553,59.0779,44.6098,0.224
540000000,37,212.329,34.0588,56.2972,0.239
541000000,48,286.379,21.7865,54.93,0.247
542000000,52,311.775,41.6616,55.0418,0.261
543000000,26,146.285,25.779,24.8506,0.234
544000000,44,251.454,23.0793,26.7712,0.246278
545000000,60,342.693,35.1759,53.7839,0.2465
546000000,44,272.774,6.65553,38.2604,0.2595
547000000,42,256.081,9.66003,43.0306,0.250167
548000000,19,112.614,24.0055,15.5113,0.267
549000000,50,310.807,60.8748,42.4495,0.23
550000000,45,252.201,11.6942,41.7381,0.2595
551000000,48,290.199,54.9065,54.2709,0.233
552000000,42,254.211,56.1706,42.3942,0.225
553000000,42,252.527,-17.7384,60.1873,0.262667
554000000,63,373.101,75.5047,54.8526,0.204
555000000,51,317.882,6.32847,53.1922,0.256
556000000,38,217.202,-9.61364,30.6984,0.2625
557000000,48,286.408,16.6169,44.6403,0.283
558000000,25,156.33,-7.16796,29.3297,0.2685
559000000,48,284.715,49.4614,45.3999,0.248
560000000,37,215.715,-3.53357,34.5899,0.256333
561000000,38,221.66,61.2388,33.3627,0.241
562000000,67,404.399,9.00766,68.9036,0.268
563000000,34,205.075,26.0801,44.7262,0.26
564000000,21,125.488,1.9115,22.638,0.241286
565000000,19,105.533,17.0503,20.5321,0.239
566000000,42,243.647,37.948,48.9351,0.2435
567000000,35,216.054,60.6618,35.8768,0.231333
568000000,31,180.936,60.3519,34.9801,0.229
569000000,45,256.52,36.183,59.5996,0.233
570000000,61,361.947,37.0586,72.854,0.2645
571000000,35,204.348,23.9834,22.7918,0.23
572000000,56,338.466,60.7246,56.6578,0.209
573000000,16,99.422,-9.07904,14.2171,0.256
574000000,29,171.27,43.1078,26.0959,0.258
575000000,62,367.172,30.9556,69.3675,0.242
576000000,31,194.237,19.6667,32.0323,0.24
577000000,37,222.777,20.9296,50.9949,0.226
578000000,42,254.271,28.719,47.2412,0.22
579000000,42,258.036,2.67508,43.6977,0.269357
580000000,45,276.454,33.5504,29.3392,0.255
581000000,58,349.246,40.0081,57.7542,0.245
582000000,27,157.802,5.44138,28.3925,0.255
583000000,26,156.059,11.5456,16.9718,0.2335
584000000,55,338.898,24.8148,61.7644,0.24
585000000,55,334.447,32.9306,50.338,0.24
586000000,52,318.337,32.1768,54.697,0.2575
587000000,63,386.552,30.5515,57.6458,0.246
588000000,42,254.858,-8.03603,44.7319,0.2476
589000000,23,132.974,31.7894,20.5075,0.226
590000000,82,503.757,48.3998,70.055,0.264
591000000,41,244.458,6.9708,39.9042,0.2555
592000000,44,264.182,38.4165,42.8247,0.236
593000000,51,306.742,38.8258,51.5296,0.239
594000000,33,190.381,39.8109,33.314,0.243
595000000,43,256.436,42.1067,54.6386,0.257
596000000,42,248.275,51.188,42.8168,0.235
597000000,26,147.422,22.8975,29.3298,0.251
598000000,38,227.242,33.9524,38.6486,0.241
599000000,63,383.717,16.3448,55.5165,0.249
600000000,46,274.661,6.23322,48.3179,0.2605
601000000,45,273.888,60.0326,49.4125,0.227
602000000,45,275.005,10.805,42.529,0.2625
603000000,22,125.315,-2.88188,16.977,0.2485
604000000,24,143.835,24.6272,25.9294,0.2325
605000000,59,364.641,7.44149,62.1233,0.268
606000000,36,216.161,22.4701,28.4779,0.238
607000000,35,217.137,4.99365,28.9973,0.239
608000000,47,284.086,22.7818,51.224,0.259
609000000,25,142.218,40.9956,25.9218,0.216
610000000,55,336.255,33.0373,52.0804,0.252
611000000,43,252.87,49.9359,47.7973,0.221
612000000,59,367.983,22.7584,55.0919,0.255
613000000,60,346.433,45.4503,79.8857,0.241
614000000,49,290.832,30.0544,40.9626,0.242
615000000,30,180.779,76.0081,29.8544,0.2145
616000000,47,293.411,52.0756,65.0924,0.215
617000000,56,332.418,23.4236,46.5633,0.249
618000000,72,437.459,54.5206,66.0409,0.231
619000000,53,323.252,8.42789,41.2655,0.247
620000000,36,213.023,25.3814,46.0634,0.2525
621000000,12,71.193,17.6431,14.4455,0.243
622000000,30,180.974,6.12152,32.5023,0.249
623000000,52,309.858,64.7001,46.0286,0.212
624000000,40,243.806,23.3683,29.1075,0.242
625000000,53,326.376,33.7883,56.2199,0.221
626000000,32,185.39,8.7761,36.0806,0.2385
627000000,28,167.194,-10.8333,42.1816,0.267
628000000,48,278.477,25.3247,41.8635,0.262
629000000,42,253.82,47.9596,37.3478,0.229
630000000,47,288.531,14.9634,47.9608,0.286
631000000,31,173.316,0.793644,34.8031,0.236
632000000,34,199.332,-5.90241,34.9529,0.252
633000000,54,325.857,49.649,46.3321,0.234
634000000,54,315.26,26.5868,51.0542,0.25
635000000,30,177.276,14.3156,40.1498,0.26675
636000000,29,183.429,25.8096,29.4294,0.22
637000000,31,193.813,25.0593,30.2423,0.213
638000000,33,199.064,-25.1713,26.0498,0.2575
639000000,47,289.067,19.2984,52.8486,0.2605
640000000,54,321.778,46.4203,52.7984,0.259
641000000,47,275.12,-2.88287,43.774,0.281
642000000,47,283.288,-17.568,36.2993,0.269
643000000,36,207.088,30.3633,45.0679,0.212
644000000,42,258.498,77.7295,35.278,0.22
645000000,40,252.126,22.9589,33.1746,0.256
646000000,16,95.6981,12.4029,9.70188,0.25
647000000,22,124.061,35.6026,16.8597,0.2295
648000000,26,163.916,2.42257,29.0608,0.2535
649000000,50,314.155,-0.709106,47.575,0.2335
650000000,35,211.624,-0.584083,32.961,0.209
651000000,33,197.891,20.634,37.2031,0.265
652000000,39,238.616,39.8591,31.6515,0.256
653000000,57,328.188,14.7423,60.1335,0.245
654000000,48,301.314,44.008,38.9252,0.2275
655000000,51,295.27,11.6611,50.3677,0.257
656000000,44,259.686,-11.9965,41.8114,0.253
657000000,27,152.349,40.9192,17.4627,0.236
658000000,70,413.271,27.3104,78.0318,0.2515
659000000,20,124.126,-5.95429,20.0827,0.2579
660000000,17,106.884,8.5707,18.3869,0.2444
661000000,24,146.024,17.6443,38.9118,0.25
662000000,50,302.971,22.8413,47.577,0.2575
663000000,42,257.672,46.8812,45.0886,0.241
664000000,28,168.952,-16.9656,32.0961,0.254
665000000,52,306.692,28.202,53.2003,0.249
666000000,41,245.386,25.2025,46.82,0.271
667000000,40,235.563,50.9911,44.0255,0.2325
668000000,46,274.415,52.3288,42.9637,0.2295
669000000,31,194.213,40.1654,35.6004,0.2465
670000000,30,176.151,40.8112,33.2345,0.2165
671000000,45,275.786,17.4351,46.5112,0.238
672000000,44,251.438,26.994,32.8479,0.217
673000000,47,281.15,34.0116,31.1479,0.245
674000000,45,276.862,-27.8029,48.1077,0.273
675000000,44,269.264,3.31714,45.6561,0.2525
676000000,29,175.536,31.3263,25.9757,0.245
677000000,43,262.486,32.9353,40.8006,0.266
678000000,30,178.48,31.1189,38.67,0.237
679000000,72,438.623,47.737,71.681,0.232
680000000,30,176.95,24.1142,30.744,0.2415
681000000,44,261.988,32.4199,42.7816,0.236
682000000,37,217.391,38.4601,31.7062,0.248
683000000,51,303.868,39.4989,51.9918,0.241
684000000,22,127.849,8.83662,26.3395,0.241
685000000,30,179.615,26.4044,31.1087,0.266
686000000,74,444.816,28.2875,68.835,0.2415
687000000,49,284.935,22.6969,57.2297,0.256
688000000,46,283.582,31.5817,43.1363,0.262
689000000,43,259.044,32.5657,51.5146,0.242
690000000,68,410.141,55.1744,66.4061,0.263
691000000,38,223.098,25.014,48.8943,0.2405
692000000,55,326.267,22.9678,46.9552,0.269
693000000,51,305.237,-32.4654,55.5785,0.269
694000000,39,223.801,31.8711,39.9999,0.2295
695000000,47,288.069,57.0373,39.8776,0.229
696000000,45,254.987,-1.44108,38.4066,0.266
697000000,29,182.061,9.86934,23.4356,0.246
698000000,31,188.543,35.768,20.0796,0.249
699000000,57,341.998,20.7102,61.1785,0.253
700000000,29,176.934,21.7152,31.4815,0.2385
701000000,42,249.83,13.9436,47.1307,0.23
702000000,44,270.186,38.0056,58.4432,0.251
703000000,41,255.66,52.3966,45.5519,0.244
704000000,29,170.162,40.4476,31.2279,0.244
705000000,65,407.499,23.2358,60.1071,0.223
706000000,42,242.503,31.6528,38.2048,0.2395
707000000,37,227.457,25.617,41.3932,0.266
708000000,33,191.58,31.7536,38.3781,0.2375
709000000,25,148.551,-5.86416,21.5203,0.25
710000000,28,166.814,16.3542,30.9519,0.248
711000000,28,159.967,48.3548,23.862,0.247
712000000,48,285.771,48.5053,50.388,0.2355
713000000,46,269.085,35.6092,38.6913,0.25
714000000,53,316.065,-37.5705,59.4866,0.283
715000000,64,369.023,31.5481,51.1601,0.261
716000000,32,203.451,17.4742,29.6733,0.2335
717000000,36,220.549,21.4876,39.3554,0.2345
718000000,21,125.507,1.58759,27.0402,0.251231
719000000,46,272.783,17.7909,49.0658,0.246
720000000,80,469.444,41.3274,89.7842,0.249
721000000,52,314.953,5.85261,56.0546,0.252
722000000,43,258.937,55.1656,55.4002,0.233
723000000,40,232.362,-15.1012,40.4802,0.224
724000000,64,387.94,0.0697009,60.8389,0.25
725000000,18,105.833,17.4049,17.6836,0.271
726000000,65,375.103,-7.00555,69.2405,0.252
727000000,27,157.956,6.13706,25.9526,0.259667
728000000,48,290.108,11.744,38.6833,0.255
729000000,80,474.944,17.9245,69.0702,0.256
730000000,50,297.336,56.7938,60.8962,0.232
731000000,29,173.654,47.898,35.1463,0.22075
732000000,39,224.867,-17.3695,40.646,0.265
733000000,52,311.238,51.3216,44.3782,0.2425
734000000,38,224.803,24.0627,42.5772,0.246
735000000,35,212.82,6.00932,27.3989,0.263
736000000,58,350.157,-3.92085,53.4711,0.2615
737000000,54,325.156,57.1585,54.6719,0.24
738000000,74,427.261,40.4784,60.373,0.232
739000000,31,182.841,47.6288,37.4947,0.235
740000000,33,196.139,21.1628,34.0072,0.232
741000000,33,198.184,11.2447,28.5739,0.227
742000000,57,334.376,34.6866,62.0337,0.271
743000000,37,224.71,25.4294,42.4233,0.221333
744000000,43,265.004,58.215,48.5545,0.207
745000000,28,176.89,49.7014,22.2744,0.2425
746000000,43,255.138,0.0444248,53.6469,0.258
747000000,43,244.725,9.35321,56.0574,0.2555
748000000,42,262.609,47.6638,43.1633,0.231
749000000,20,122.726,-3.78028,25.9223,0.244
750000000,23,132.066,15.1043,23.3445,0.236
751000000,42,263.682,43.5492,35.9398,0.231
752000000,34,206.547,40.7752,36.2938,0.23
753000000,43,253.604,1.10326,41.9258,0.261923
754000000,35,205.416,36.1303,37.3826,0.2515
755000000,46,280.382,8.86169,44.2495,0.239
756000000,27,159.577,14.5728,24.5694,0.2465
757000000,64,398.806,-3.15899,62.0691,0.254
758000000,49,282.192,58.9845,50.3609,0.251
759000000,71,416.748,61.8687,64.1186,0.227
760000000,32,198.464,49.5924,33.7888,0.249333
761000000,46,284.083,6.84065,47.4974,0.245
762000000,31,191.905,27.5665,36.1437,0.249
763000000,44,267.717,5.21833,37.1997,0.278333
764000000,46,271.096,29.1362,50.0417,0.24
765000000,43,245.925,-13.1813,47.5943,0.25925
766000000,32,184.492,30.9555,24.9625,0.241
767000000,52,308.035,18.9541,56.7863,0.2475
768000000,49,288.067,1.12893,46.5499,0.254
769000000,55,342.466,37.5004,49.7461,0.231
770000000,35,203.86,39.6952,23.2179,0.212
771000000,23,137.073,-17.413,22.0602,0.2535
772000000,35,202.858,7.97882,44.3164,0.253
773000000,46,276.667,38.647,45.1851,0.241
774000000,37,213.571,41.7882,38.1074,0.244
775000000,51,288.956,14.5076,47.0931,0.24
776000000,31,170.665,32.0431,26.1737,0.2515
777000000,53,333.922,49.9061,45.2259,0.2315
778000000,26,163.799,76.1064,26.8945,0.205
779000000,34,214.731,20.663,33.9478,0.2505
780000000,52,330.272,37.0846,40.9707,0.238
781000000,47,286.931,12.9641,48.7355,0.2595
782000000,74,427.933,44.5275,66.1867,0.246
783000000,47,285.353,53.0562,37.5873,0.235
784000000,29,172.757,-2.12144,22.2269,0.236
785000000,82,483.043,32.3574,77.4237,0.244
786000000,47,283.914,44.5327,51.1859,0.234
787000000,24,148.742,6.2029,30.7486,0.249
788000000,49,291.325,25.137,54.3865,0.247
789000000,40,236.542,28.0272,40.1765,0.235
790000000,44,261.094,40.4298,36.3514,0.2425
791000000,51,321.342,-37.9841,38.9611,0.288
792000000,64,391.912,21.1644,74.6654,0.279
793000000,34,200.82,33.8386,28.5195,0.2455
794000000,33,205.135,-11.1566,31.448,0.244
795000000,23,139.41,29.602,26.5738,0.247
796000000,42,257,21.645,52.5586,0.258
797000000,26,163.019,12.9363,28.4251,0.23
798000000,54,327.369,-18.718,58.3022,0.262
799000000,62,385.651,70.1556,44.5487,0.211
800000000,47,301.247,28.0001,50.8162,0.245
801000000,41,247.464,36.4744,36.5223,0.226
802000000,45,276.502,34.1219,41.5964,0.219667
803000000,56,349.847,31.1014,53.9234,0.244
804000000,27,158.783,-17.3592,18.0061,0.259
805000000,44,269.543,0.615752,42.3567,0.266333
806000000,43,258.358,25.6048,49.0165,0.244
807000000,41,248.104,-15.8357,60.5177,0.234
808000000,29,165.328,10.3971,24.4468,0.2455
809000000,37,210.395,1.70784,41.5313,0.252
810000000,34,199.352,26.8536,48.8643,0.2565
811000000,44,265.367,65.0602,37.7542,0.215
812000000,55,322.613,64.2717,46.6403,0.231
813000000,60,353.181,-0.355167,58.7022,0.262
814000000,70,408.043,39.9352,73.5199,0.243667
815000000,27,162.451,24.3971,30.1999,0.244
816000000,35,211.196,18.2462,38.9832,0.245
817000000,60,354.341,2.36844,70.8739,0.276
818000000,39,215.356,28.6962,37.334,0.21375
819000000,67,404.754,28.9767,68.8828,0.226
820000000,39,231.719,14.9877,30.3439,0.24
821000000,66,414.068,29.7664,64.9432,0.231
822000000,51,304.222,28.3524,54.1995,0.251
823000000,33,194.298,52.5981,38.2668,0.2205
824000000,45,272.107,15.6543,36.9314,0.256
825000000,57,339.22,62.3025,62.3648,0.242
826000000,44,251.858,56.0741,38.5938,0.235
827000000,49,299.707,28.6606,49.0392,0.226
828000000,45,261.403,11.0425,61.4987,0.246
829000000,46,257.935,49.2302,49.8147,0.242
830000000,44,278.804,5.11331,33.187,0.2275
831000000,53,318.418,29.678,55.3248,0.248625
832000000,37,219.891,7.39703,31.2016,0.243
833000000,35,203.013,15.1308,30.032,0.2435
834000000,51,307.259,26.8983,44.9372,0.256
835000000,54,334.775,44.0037,58.0755,0.237
836000000,48,283.483,-4.19589,49.0896,0.249067
837000000,60,357.797,42.8001,63.9229,0.241
838000000,31,175.401,-11.0655,29.1595,0.257
839000000,34,202.149,-3.72727,37.7403,0.2615
840000000,50,298.856,15.7938,39.9464,0.241
841000000,54,333.563,17.7312,48.5737,0.269
842000000,38,214.819,-5.72316,42.17,0.268
843000000,16,96.9261,-0.456019,14.1165,0.2445
844000000,39,235.745,41.6507,47.3724,0.268
845000000,36,216.344,9.30857,39.7426,0.24
846000000,37,215.061,11.02,40.8449,0.2555
847000000,37,227.014,-7.66761,40.636,0.257333
848000000,58,332.941,54.2352,59.3607,0.24
849000000,43,264.865,12.0273,40.1526,0.2545
850000000,46,274.074,13.7102,48.8241,0.26
851000000,48,280.308,40.8331,51.8893,0.248333
852000000,49,305.528,50.8333,64.1152,0.222
853000000,42,262.753,28.1594,50.2042,0.237
854000000,72,447.273,26.5064,74.0993,0.2465
855000000,30,183.36,-1.85325,40.6358,0.2685
856000000,45,273.047,17.0612,41.0286,0.254
857000000,36,215.311,25.6185,42.4711,0.252
858000000,51,297.474,28.0691,42.8128,0.236
859000000,42,247.725,30.1211,46.4745,0.2265
860000000,22,130.099,-28.7255,25.0366,0.2735
861000000,39,234.542,29.5838,38.3458,0.25
862000000,43,253.33,31.2038,46.688,0.217
863000000,46,281.943,30.0159,41.7281,0.2495
864000000,46,265.441,12.438,45.5383,0.252
865000000,57,341.35,19.5362,57.579,0.256
866000000,34,193.304,9.75904,34.1977,0.252
867000000,37,230.474,-19.2039,33.8888,0.26
868000000,25,149.596,14.9629,21.8261,0.2665
869000000,29,177.443,28.0227,27.4487,0.245
870000000,52,303.445,33.6903,44.6278,0.278
871000000,51,294.232,3.22176,66.4729,0.273
872000000,22,132.506,22.466,22.0779,0.268
873000000,40,240.519,-1.2111,33.4846,0.247
874000000,64,395.918,59.5546,64.5157,0.209
875000000,58,351.847,71.4399,59.6923,0.219
876000000,49,304.485,28.6139,40.1375,0.225
877000000,50,302.071,13.0793,51.6172,0.2595
878000000,57,347.315,60.779,57.8433,0.2325
879000000,22,133.243,-35.3428,22.2049,0.2575
880000000,34,195.739,14.962,45.8536,0.254
881000000,70,424.07,67.4894,71.172,0.25
882000000,32,195.829,35.8649,31.4979,0.258
883000000,32,183.16,70.3576,33.366,0.215
884000000,47,279.457,48.9524,44.895,0.216
885000000,37,225.581,35.361,41.0203,0.253667
886000000,26,158.207,-10.7713,25.9032,0.248
887000000,42,255.915,35.825,44.5363,0.2505
888000000,40,237.406,15.1022,47.4781,0.237333
889000000,60,347.721,57.3289,58.356,0.225
890000000,51,292.674,-26.5416,45.3937,0.267
891000000,49,305.702,23.8709,48.5914,0.2555
892000000,55,330.466,28.5466,70.8996,0.269
893000000,38,216.33,11.7193,32.6515,0.24125
894000000,52,317.73,23.765,42.159,0.235
895000000,20,126.712,7.17092,20.8932,0.2425
896000000,42,242.122,20.3796,45.1201,0.23975
897000000,69,430.226,37.946,76.0603,0.2385
898000000,11,68.4822,4.94572,16.5828,0.2395
899000000,42,258.651,41.8202,35.9078,0.2385
900000000,86,523.758,28.3903,78.3656,0.256
901000000,19,108.54,2.00214,13.9311,0.244286
902000000,36,206.921,21.3005,37.2694,0.2335
903000000,38,234.046,45.3333,36.5614,0.247
904000000,33,197.939,13.2269,29.5504,0.251
905000000,44,264.197,43.6659,36.1785,0.215
906000000,45,286.405,26.5089,54.3313,0.223
907000000,34,209.094,50.6316,32.8164,0.224
908000000,33,200.743,-20.2294,32.7424,0.2538
909000000,34,197.549,12.4251,44.593,0.25375
910000000,47,283.816,63.0211,42.4078,0.219
911000000,28,166.986,12.8555,27.6551,0.251
912000000,54,316.049,51.8982,51.8093,0.228
913000000,19,115.734,14.1141,18.5537,0.264
914000000,46,278.856,71.6785,50.4314,0.24
915000000,41,258.105,48.465,37.3187,0.23
916000000,44,253.148,45.2314,53.13,0.239
917000000,67,405.155,28.1484,73.8811,0.256
918000000,81,495.162,36.6971,103.111,0.23
919000000,31,184.611,-27.4744,36.7802,0.2495
920000000,53,317.533,31.8216,53.4926,0.2385
921000000,37,220.994,5.76641,26.486,0.2475
922000000,27,151.986,26.6348,24.9097,0.244333
923000000,16,100.182,-0.254111,11.8872,0.233
924000000,45,271.401,-26.9099,46.836,0.249
925000000,33,194.995,33.9394,39.4045,0.2385
926000000,77,471.927,12.4238,83.7805,0.279
927000000,48,294.505,-13.7367,51.1358,0.2728
928000000,38,235.745,46.3423,38.9129,0.234
929000000,45,263.339,13.4672,47.3982,0.229
930000000,56,335.302,48.0763,66.6822,0.229
931000000,54,323.529,77.5106,46.3711,0.208
932000000,46,275.492,22.4037,52.7737,0.251
933000000,32,193.876,-36.9147,47.0692,0.268667
934000000,61,360.129,20.616,56.7937,0.254
935000000,29,155.789,58.0152,21.7992,0.239
936000000,41,244.901,8.96318,34.5375,0.2535
937000000,46,268.796,13.9671,45.5663,0.265
938000000,32,182.875,31.0779,26.2624,0.249
939000000,31,180.046,37.1299,24.3539,0.225
940000000,55,328.476,46.6739,69.1332,0.229
941000000,23,132.964,41.6381,35.054,0.246
942000000,74,432.184,39.1807,72.1646,0.259
943000000,11,65.2377,-24.4234,17.6189,0.244667
944000000,61,370.647,63.1617,75.6603,0.253
945000000,37,223.337,51.4426,31.9451,0.237
946000000,26,152.94,34.986,23.2826,0.267
947000000,48,292.603,27.8466,41.1527,0.249
948000000,43,263.71,15.5585,35.0995,0.2465
949000000,52,316.329,51.1987,53.5206,0.25
950000000,45,262.717,33.8302,43.2948,0.2365
951000000,30,179.961,0.581554,24.1988,0.2575
952000000,43,260.834,19.9067,38.7158,0.2265
953000000,31,193.09,16.6286,36.4921,0.2545
954000000,54,303.952,35.6195,68.1066,0.237
955000000,41,248.693,24.0914,36.8724,0.262
956000000,47,282.397,15.8729,44.7504,0.2585
957000000,40,245.449,19.3593,40.3559,0.247
958000000,58,338.72,76.996,60.8676,0.233
959000000,45,274.838,-5.5384,46.0195,0.26
960000000,45,273.576,-1.2268,48.9547,0.254
961000000,12,70.6454,-4.02937,11.82,0.2595
962000000,35,196.296,-12.2629,35.0307,0.266
963000000,33,213.441,47.4203,33.9933,0.241333
964000000,57,344.997,60.6128,53.8288,0.232
965000000,41,249.61,32.1562,46.0406,0.25
966000000,38,216.319,45.5315,42.4798,0.2375
967000000,32,190.074,26.814,26.1125,0.2455
968000000,54,322.216,61.4729,54.2603,0.2255
969000000,71,430.042,59.3188,65.6532,0.241
970000000,15,86.8427,-30.761,14.433,0.255
971000000,46,265.123,-4.97422,48.7192,0.269
972000000,32,185.56,10.0652,31.0751,0.2515
973000000,49,289.726,26.9359,46.458,0.2325
974000000,65,394.795,26.2833,69.9566,0.24
975000000,50,296.797,77.6453,45.8363,0.256
976000000,59,369.388,53.6565,62.025,0.254
977000000,33,196.902,31.4007,31.379,0.243
978000000,40,244.783,49.9686,45.5619,0.2425
979000000,33,192.077,40.9511,33.7952,0.245
980000000,38,234.736,-15.6152,37.803,0.253
981000000,49,287.678,31.3538,53.0324,0.242333
982000000,56,334.373,34.2883,61.3823,0.22
983000000,60,356.901,4.85455,72.219,0.2415
984000000,35,194.63,34.3104,41.9999,0.2255
985000000,33,193.552,15.2747,31.6116,0.252
986000000,24,138.664,19.9666,30.4444,0.239667
987000000,43,257.334,23.2232,37.9878,0.244
988000000,51,317.361,33.0579,66.3051,0.2475
989000000,62,365.342,15.6739,63.5479,0.243
990000000,22,131.167,9.69159,26.8975,0.243333
991000000,33,189.151,33.2986,32.327,0.2355
992000000,42,241.676,5.70255,47.7699,0.252
993000000,22,125.483,17.4145,20.7996,0.2415
994000000,69,422.223,46.0743,74.7296,0.233
995000000,51,307.353,24.1714,45.8195,0.235
996000000,59,334.273,17.7957,74.442,0.262
997000000,41,251.584,16.3415,35.1955,0.254
998000000,63,370.936,43.7913,63.8098,0.249
999000000,54,310.032,42.8867,51.1801,0.22
