generation,N_shifts,logPrior,logLik,eventRate,acceptRate
0,0,-7.20895,-775.339,200,1
1000000,54,326.625,51.8234,42.9715,0.258
2000000,45,262.306,22.046,38.135,0.253
3000000,56,340.912,37.9274,53.49,0.253
4000000,52,295.858,36.9865,51.3388,0.249
5000000,63,372.348,23.7278,56.1367,0.264
6000000,47,282.562,7.37856,51.6133,0.24
7000000,22,126.792,0.805914,30.9724,0.244
8000000,34,190.176,-3.44865,36.9774,0.2265
9000000,73,430.943,77.4596,75.4545,0.244
10000000,37,210.046,27.2606,36.7684,0.2385
11000000,58,355.681,46.7559,46.2991,0.2535
12000000,17,97.2451,-12.3745,25.6202,0.255692
13000000,59,349.514,23.0719,53.5177,0.26
14000000,44,264.678,38.8105,45.0618,0.217
15000000,68,413.781,52.3986,70.532,0.23
16000000,39,226.115,7.87986,40.3288,0.25775
17000000,49,285.824,28.9143,47.7572,0.2255
18000000,63,372.6,33.4371,55.4477,0.261
19000000,55,339.427,22.6264,63.9924,0.233
20000000,41,239.893,49.8289,49.3029,0.26
21000000,54,311.449,15.6393,55.3157,0.27
22000000,48,282.205,22.2793,54.4946,0.255
23000000,42,255.499,-21.8971,40.7225,0.2735
24000000,58,354.416,31.5975,60.4127,0.242
25000000,52,310.055,12.0038,51.9501,0.2535
26000000,36,221.313,21.7582,33.6743,0.248
27000000,33,197.161,5.32356,40.5483,0.278
28000000,42,253.239,-14.8933,34.9635,0.274
29000000,42,255.324,-30.4976,47.2114,0.2655
30000000,32,192.694,-12.1851,29.1696,0.241
31000000,44,258.061,34.5679,52.2143,0.2255
32000000,33,194.433,38.0287,41.8903,0.2295
33000000,31,194.31,26.291,31.0572,0.2455
34000000,37,226.321,-1.06471,41.4976,0.274
35000000,54,315.744,45.7494,55.9962,0.255
36000000,41,245.408,21.5267,55.2139,0.262
37000000,75,442.974,15.3897,83.9062,0.226
38000000,35,195.499,9.79267,42.2822,0.25
39000000,48,299.361,13.0332,44.5339,0.2615
40000000,46,267.412,57.4782,39.8416,0.232
41000000,41,253.297,36.661,38.8913,0.2515
42000000,45,270.201,22.4071,31.1153,0.2345
43000000,39,226.131,13.3563,34.2272,0.252
44000000,57,335.835,-2.2067,54.4069,0.256
45000000,51,305.125,11.2651,41.4369,0.26
46000000,26,151.961,27.6216,25.7098,0.2195
47000000,77,463.628,44.9434,68.2162,0.254
48000000,40,248.444,51.1504,39.5996,0.23
49000000,35,212.77,24.0393,27.6263,0.252
50000000,66,386.058,21.9232,75.0812,0.245
51000000,39,231.365,44.3354,45.7327,0.211
52000000,27,161.38,36.4362,36.5233,0.2445
53000000,33,200.856,16.829,41.7542,0.239667
54000000,25,150.11,3.0153,29.6861,0.2595
55000000,47,287.64,-12.6647,53.3675,0.252
56000000,50,298.052,43.3353,45.4245,0.227
57000000,31,193.188,16.0991,31.7688,0.2595
58000000,50,303.079,68.7665,58.3324,0.226
59000000,52,312.381,5.38112,41.6121,0.2705
60000000,31,175.44,11.9491,29.4096,0.249125
61000000,73,440.167,42.5806,63.3574,0.241
62000000,49,303.414,23.1486,60.3292,0.253
63000000,38,232.315,12.0859,33.5879,0.258
64000000,31,186.638,7.40749,24.7411,0.266
65000000,45,268.736,9.34671,53.4091,0.2465
66000000,37,229.414,3.46396,35.516,0.2725
67000000,47,273.581,32.4116,54.2993,0.247
68000000,58,343.342,87.4004,60.2977,0.213
69000000,40,224.777,16.2853,46.6105,0.2305
70000000,21,121.032,14.4467,21.1424,0.244692
71000000,26,156.093,-18.2276,36.9952,0.2395
72000000,56,322.767,69.578,55.551,0.2135
73000000,50,296.986,32.9171,51.8706,0.2445
74000000,51,308.377,33.5681,49.8751,0.242
75000000,53,321.674,19.491,51.2365,0.236
76000000,35,214.868,20.9749,37.2731,0.2315
77000000,40,238.977,59.7542,37.2132,0.225
78000000,53,312.696,48.1174,55.5577,0.215
79000000,55,320.875,23.3512,53.0268,0.256
80000000,38,216.718,60.0526,34.2451,0.209
81000000,26,155.597,4.63998,24.3083,0.2545
82000000,30,179.207,3.92839,29.7738,0.2625
83000000,55,304.117,41.2772,46.6595,0.219
84000000,29,182.415,-24.7575,35.5131,0.2805
85000000,34,213.385,6.10316,25.7154,0.261
86000000,36,213.281,16.9248,40.4281,0.253
87000000,51,306.241,20.9781,50.4792,0.247
88000000,37,229.841,-0.271062,38.4343,0.257
89000000,45,266.497,-9.36393,44.4477,0.254
90000000,29,178.713,19.0488,29.0925,0.277
91000000,57,351.19,45.1227,50.8819,0.228
92000000,92,567.29,21.8523,79.2373,0.2505
93000000,32,190.537,14.5102,34.105,0.2575
94000000,32,197.229,26.5512,34.4105,0.2415
95000000,43,264.643,11.3855,40.0535,0.257667
96000000,53,303.848,45.955,56.3449,0.23
97000000,52,305.332,48.8547,54.2144,0.2395
98000000,36,209.735,31.0002,24.987,0.2355
99000000,37,220.691,46.9907,37.6413,0.239
100000000,25,152.757,16.1245,23.3306,0.233
101000000,61,354.348,21.7309,69.7954,0.278
102000000,80,473.605,16.0519,88.5995,0.2565
103000000,50,295.651,1.90535,49.5437,0.2545
104000000,60,353.828,63.5216,52.903,0.245
105000000,54,332.132,48.7383,61.1204,0.24
106000000,57,346.64,53.4859,70.0578,0.2375
107000000,39,248.583,70.0799,47.7231,0.221
108000000,40,236.58,47.6742,47.8136,0.2405
109000000,47,287.917,60.6322,49.1896,0.225
110000000,18,105.772,25.5177,19.7234,0.2335
111000000,44,270.404,21.4395,39.306,0.265
112000000,32,184.588,-2.65728,35.9961,0.2655
113000000,59,357.368,55.3158,56.3495,0.223
114000000,49,287.933,-1.55771,35.9915,0.239
115000000,40,250.709,42.2772,46.054,0.232
116000000,26,148.558,0.166665,26.0419,0.2515
117000000,40,234.524,-15.6966,49.5644,0.239
118000000,76,462.902,50.0261,77.4147,0.238
119000000,43,251.878,27.3374,40.5653,0.2335
120000000,29,171.231,24.8269,29.6811,0.2395
121000000,38,232.36,57.8712,40.1226,0.246
122000000,42,265.007,1.67568,60.2922,0.255333
123000000,47,292.043,40.6105,48.6746,0.245
124000000,31,183.809,3.67877,26.4833,0.247
125000000,51,303.89,57.7541,55.394,0.242
126000000,30,175.478,-24.8902,22.6421,0.295333
127000000,34,209.631,34.0029,42.0454,0.243
128000000,48,288.551,0.600226,67.3144,0.2665
129000000,86,495.999,90.6851,82.6727,0.224
130000000,29,187.672,5.27366,23.2641,0.2545
131000000,39,247.73,34.5911,43.4469,0.271
132000000,27,158,19.1081,26.1209,0.238
133000000,63,379.614,12.4352,59.9994,0.257
134000000,54,325.958,-3.01727,70.2796,0.2515
135000000,51,319.397,9.82935,48.5618,0.27
136000000,46,278.689,44.4741,40.9095,0.226
137000000,62,361.59,-0.251569,50.3293,0.268
138000000,48,283.981,38.5454,45.8859,0.216
139000000,44,264.588,30.0131,30.6617,0.218
140000000,36,207.351,30.8894,36.0504,0.226
141000000,49,295.369,29.5924,48.2861,0.231
142000000,58,338.621,65.8799,55.0138,0.249
143000000,59,341.591,29.2086,53.4757,0.267
144000000,44,254.447,34.2066,63.0821,0.226
145000000,54,315.837,16.1791,66.867,0.2405
146000000,38,224.097,57.0551,39.0962,0.219
147000000,43,256.084,-1.87477,41.843,0.263
148000000,45,270.832,45.1827,45.7815,0.2325
149000000,50,283.628,18.6973,42.9041,0.255
150000000,25,153.423,30.9067,30.515,0.2305
151000000,52,313.481,26.2936,66.1977,0.241
152000000,40,233.831,27.9637,35.2941,0.2335
153000000,44,257.024,1.45628,36.3237,0.252
154000000,43,256.21,46.508,40.2708,0.226
155000000,40,238.606,13.1663,35.8667,0.2475
156000000,42,258.597,-20.8086,30.2438,0.274167
157000000,39,231.071,21.318,30.9136,0.247667
158000000,38,237.999,8.37056,50.1115,0.24025
159000000,46,276.644,-2.75338,53.4774,0.2615
160000000,51,307.87,22.0256,48.7932,0.25
161000000,24,139.095,-21.3588,24.1962,0.2594
162000000,48,293.473,17.6707,48.8855,0.229
163000000,43,252.019,-1.2385,30.4141,0.271
164000000,35,206.002,15.8845,36.0884,0.258
165000000,46,279.789,-6.51469,59.023,0.285
166000000,52,308.288,30.6418,46.6577,0.2455
167000000,64,390.366,57.1084,67.3161,0.211
168000000,25,144.735,-19.3014,23.1722,0.26
169000000,61,367.255,31.6669,62.3022,0.246
170000000,40,238.347,23.494,37.1155,0.22
171000000,46,262.049,27.7457,55.3768,0.25
172000000,23,144.346,-28.9999,27.8958,0.241667
173000000,35,211.876,27.9885,33.1616,0.2415
174000000,46,275.389,32.3163,38.1796,0.2445
175000000,59,347.363,34.775,45.2045,0.232
176000000,42,240.95,17.7817,33.1802,0.237
177000000,31,191.61,49.6831,40.9009,0.2515
178000000,24,132.528,8.33912,25.7368,0.24
179000000,49,299.32,39.5991,49.4035,0.24
180000000,34,204.442,19.5177,24.0325,0.241
181000000,49,297.499,65.5796,47.7315,0.257
182000000,39,236.022,35.0081,41.0135,0.244
183000000,39,240.157,31.9597,44.2395,0.244333
184000000,52,313.229,2.83854,42.4074,0.272
185000000,42,249.961,7.91885,50.2175,0.237
186000000,35,208.173,-43.6922,26.7319,0.282
187000000,41,242.38,38.6725,52.7422,0.249
188000000,21,126.13,12.5729,29.7294,0.241125
189000000,43,253.802,46.3173,39.5209,0.228
190000000,43,254.436,13.4648,39.0757,0.245
191000000,36,221.537,13.5472,38.3966,0.256667
192000000,29,164.028,-28.2976,37.6231,0.259667
193000000,42,240.708,20.4994,43.8839,0.237333
194000000,40,233.965,34.0808,39.6403,0.247
195000000,31,187.296,1.20291,25.4531,0.237333
196000000,64,388.449,22.0337,83.6004,0.247
197000000,48,278.252,45.4727,47.5205,0.2425
198000000,50,293.465,33.134,47.4989,0.2415
199000000,50,322.302,30.0528,48.1903,0.25
200000000,45,260.191,56.7371,53.093,0.2395
201000000,58,343.689,-11.2842,46.6345,0.257
202000000,35,193.117,-2.97485,38.4877,0.245
203000000,61,364.92,2.32908,69.232,0.252
204000000,32,184.326,3.36465,41.6985,0.245
205000000,49,289.562,73.1839,46.1925,0.213
206000000,45,280.27,59.2204,57.6908,0.232
207000000,41,244.815,38.3141,43.9123,0.228
208000000,54,316.82,63.1553,50.8256,0.224
209000000,68,402.745,32.2967,72.6126,0.245
210000000,64,387.914,33.1806,62.5681,0.238
211000000,31,191.178,14.487,40.3969,0.242
212000000,58,358.271,53.1744,48.3012,0.2355
213000000,43,246.768,-29.0769,40.3177,0.2755
214000000,64,387.927,18.7574,69.1038,0.265
215000000,18,100.544,-6.48126,13.0509,0.2285
216000000,28,168.951,32.1254,30.9195,0.242
217000000,34,202.001,26.4979,37.9483,0.236
218000000,55,343.506,4.55019,67.1308,0.249
219000000,44,264.785,54.4217,52.1115,0.247
220000000,37,224.018,44.8872,42.3069,0.225
221000000,45,271.004,44.87,47.1401,0.225
222000000,46,269.086,41.2232,47.3561,0.244
223000000,48,286.484,19.0388,46.4175,0.264
224000000,33,199.467,29.864,29.3672,0.224
225000000,69,408.195,34.5605,59.3653,0.241
226000000,34,204.526,34.6696,36.9888,0.2425
227000000,73,446.242,12.7923,82.9808,0.248
228000000,60,356.009,30.79,60.2037,0.2375
229000000,19,120.109,30.3321,33.7066,0.252
230000000,40,218.013,32.4817,46.96,0.222
231000000,46,274.126,49.9452,41.1394,0.2285
232000000,40,239.402,18.467,43.0231,0.234
233000000,51,292.169,18.0787,51.9696,0.247
234000000,34,203.024,15.1067,30.1877,0.2625
235000000,50,305.575,29.8095,68.0053,0.244
236000000,29,179.74,21.5252,22.7305,0.2392
237000000,42,244.16,2.44929,48.4653,0.224
238000000,50,309.262,0.597883,58.8808,0.254
239000000,41,238.843,11.7922,45.5652,0.2625
240000000,27,148.695,9.45957,31.0444,0.25456
241000000,42,262.724,-1.05662,46.8142,0.257455
242000000,27,161.057,31.0737,19.5895,0.247
243000000,52,296.432,69.9293,53.1854,0.224
244000000,15,86.4044,-39.4459,32.2135,0.259
245000000,24,144.176,-23.265,25.4216,0.272
246000000,76,470.625,59.6584,82.4217,0.236
247000000,41,232.417,-16.8176,44.5753,0.2565
248000000,31,176.717,3.60196,29.3782,0.2435
249000000,54,322.712,2.17763,54.7179,0.257
250000000,38,218.469,-7.95324,48.2021,0.267
251000000,65,411.924,21.0753,72.6086,0.248
252000000,38,217.251,14.1452,27.7067,0.246
253000000,82,501.761,35.3616,88.5663,0.239
254000000,50,302.825,32.5865,44.6695,0.2505
255000000,59,374.402,53.1912,49.0277,0.245
256000000,30,181.196,12.9986,34.2153,0.2295
257000000,48,291.269,4.68788,59.5055,0.232
258000000,31,191.284,-9.4695,25.5645,0.247
259000000,44,270.465,-1.16077,45.133,0.2705
260000000,36,201.138,35.9596,45.1574,0.241333
261000000,44,266.586,43.3944,58.2469,0.24
262000000,47,293.215,22.0448,48.3992,0.247
263000000,38,215.425,50.9696,24.9721,0.246
264000000,46,280.149,-19.1726,51.9218,0.261
265000000,27,164.958,47.7806,25.7049,0.2385
266000000,36,201.982,4.17338,39.3518,0.2432
267000000,38,229.619,17.3928,32.8293,0.237
268000000,38,226.806,-0.838088,46.3669,0.251
269000000,76,464.642,68.6818,79.6838,0.236
270000000,64,380.527,39.7086,51.6939,0.25
271000000,42,264.869,17.1232,44.8483,0.233
272000000,56,341.805,21.6842,42.657,0.248
273000000,58,341.648,-0.202668,70.7698,0.2485
274000000,31,187.603,-6.77309,28.5108,0.256143
275000000,31,178.72,1.00244,30.5187,0.253
276000000,33,194.895,27.7823,33.5282,0.245
277000000,36,220.122,42.8291,49.8789,0.23675
278000000,44,266.005,11.141,55.0251,0.255
279000000,41,242.18,26.7962,42.3839,0.256
280000000,56,337.873,-2.03575,54.0541,0.299
281000000,41,247.112,-0.663976,31.0545,0.260667
282000000,21,126.126,29.9391,22.0524,0.250867
283000000,25,150.263,-16.6122,31.3268,0.263
284000000,53,314.011,27.8314,51.4963,0.254
285000000,56,332.832,58.9712,53.5162,0.201
286000000,67,405.186,-5.47359,73.9596,0.24
287000000,46,276.771,13.7273,54.8759,0.24
288000000,38,212.408,24.5204,28.638,0.245
289000000,44,271.455,20.5756,54.9389,0.257
290000000,42,250.868,19.8581,42.4452,0.2695
291000000,31,189.697,17.15,29.0495,0.234
292000000,26,154.795,29.5711,28.6134,0.26
293000000,41,243.65,-10.524,47.1442,0.2415
294000000,53,296.461,41.5223,52.6938,0.229
295000000,34,204.397,16.8818,26.9034,0.257
296000000,45,269.443,9.80377,42.5346,0.2595
297000000,29,168.088,-18.7821,31.2372,0.269
298000000,81,487.694,30.3642,76.3454,0.255
299000000,21,124.423,-26.208,21.0908,0.2715
300000000,30,183.795,17.322,26.007,0.2485
301000000,40,248.036,36.5633,36.0323,0.231333
302000000,51,310.213,14.7684,51.2787,0.22
303000000,41,246.416,31.7341,42.724,0.255
304000000,48,294.836,10.5511,50.5681,0.2565
305000000,32,188.559,-0.974582,38.3983,0.252333
306000000,33,198.141,-14.4278,35.8267,0.247
307000000,44,260.116,29.7855,54.475,0.243
308000000,51,300.056,42.0623,43.3377,0.2475
309000000,64,374.712,51.1918,60.9215,0.216
310000000,18,107.537,-13.1406,20.7606,0.2615
311000000,49,301.997,31.0458,57.5162,0.272
312000000,47,279.806,16.8557,53.6801,0.23
313000000,31,190.63,23.7037,22.8022,0.2495
314000000,25,149.872,32.6683,25.5669,0.235
315000000,49,298.083,-21.0993,54.5938,0.239
316000000,57,331.546,25.1592,59.7392,0.238
317000000,68,399.778,19.4832,63.1116,0.253
318000000,44,268.481,22.1287,38.4048,0.249
319000000,81,472.51,21.1169,88.2004,0.247
320000000,30,184.264,36.5441,25.8402,0.2255
321000000,46,266.985,14.2782,36.3834,0.273
322000000,33,206.945,-13.3868,31.9452,0.2516
323000000,40,226.184,0.121783,34.3244,0.2535
324000000,46,270.044,82.0942,43.5953,0.246
325000000,52,307.466,15.9664,36.3006,0.269
326000000,65,386.762,43.9225,56.3171,0.257
327000000,28,163.104,-10.6926,23.6451,0.284
328000000,47,287.687,29.6332,51.1748,0.242
329000000,50,302.348,34.2893,49.246,0.235
330000000,36,217.188,22.1386,40.3383,0.2525
331000000,51,297.387,56.1848,57.5476,0.239
332000000,51,307.344,-15.6882,49.5498,0.26175
333000000,43,263.979,42.3984,43.605,0.2515
334000000,25,148.977,-17.8705,30.0497,0.255806
335000000,54,327.74,53.1802,59.5209,0.241
336000000,39,229.748,18.3479,38.761,0.2275
337000000,57,343.752,46.3835,50.2587,0.247
338000000,41,230.904,-6.33074,50.7548,0.2715
339000000,30,173.654,-13.6064,29.7346,0.2565
340000000,35,219.537,-14.8842,39.0841,0.263
341000000,24,138.848,-4.0198,19.8357,0.261273
342000000,30,183.852,52.5796,32.4027,0.2325
343000000,39,243.562,35.5313,37.9344,0.234667
344000000,45,268.033,9.88153,51.8497,0.277
345000000,23,146.476,7.37293,28.1544,0.254333
346000000,32,192.613,-4.71247,37.7571,0.2645
347000000,15,82.9881,15.4548,15.7587,0.238
348000000,33,193.925,29.3711,37.507,0.254
349000000,60,362.153,52.3032,45.6296,0.25
350000000,41,238.177,14.3703,34.9536,0.2575
351000000,51,298.635,32.5292,49.1877,0.251
352000000,43,261.235,36.7718,39.9404,0.257
353000000,42,257.778,54.5793,58.4421,0.229
354000000,47,276.534,8.99515,47.4413,0.248
355000000,49,293.031,8.81421,49.4585,0.242
356000000,31,195.385,62.2192,33.9512,0.215
357000000,28,175.596,10.5077,26.2081,0.247
358000000,30,175.741,43.664,36.9109,0.248
359000000,28,170.412,25.5721,30.4083,0.255
360000000,37,218.331,17.397,30.6549,0.231
361000000,41,248.64,16.6619,39.7914,0.2575
362000000,64,386.446,31.6835,57.2878,0.2315
363000000,31,183.546,13.3186,29.8258,0.2445
364000000,37,212.619,4.4697,35.8287,0.2625
365000000,53,320.033,48.0886,58.4263,0.234
366000000,46,272.781,46.2997,36.2001,0.227
367000000,50,297.706,35.7392,37.4461,0.221
368000000,45,273.274,-4.27303,50.9261,0.2675
369000000,33,188.081,4.94655,26.5314,0.25
370000000,17,101.777,-32.7049,12.16,0.2552
371000000,42,248.557,-7.77704,48.5621,0.241
372000000,43,257.011,54.7575,46.2195,0.236
373000000,36,207.325,39.0397,32.7752,0.2502
374000000,46,266.449,21.1283,43.3016,0.249
375000000,54,330.815,64.5115,50.9023,0.2345
376000000,42,249.86,15.3857,50.8635,0.26
377000000,73,426.844,34.8004,76.3906,0.239
378000000,41,243.542,44.2427,58.8319,0.231
379000000,36,210.165,37.0666,31.6909,0.234
380000000,84,516.855,61.5473,82.8274,0.238
381000000,43,253.133,30.5646,45.7693,0.2675
382000000,44,268.287,13.2579,47.6233,0.258
383000000,51,307.881,50.1044,54.0743,0.253
384000000,53,311.255,61.6773,58.9707,0.222
385000000,16,96.171,-12.2965,16.5765,0.273
386000000,43,263.566,6.33245,37.9175,0.237
387000000,35,220.716,29.7001,40.7504,0.2615
388000000,54,317.562,57.2767,55.9237,0.237
389000000,53,311.542,42.8377,40.619,0.2385
390000000,37,222.584,77.2494,38.6829,0.22
391000000,31,185.272,-14.9102,31.5311,0.262
392000000,47,262.401,61.8277,49.0687,0.218
393000000,42,247.054,78.5202,49.4047,0.217
394000000,51,311.297,22.416,47.3591,0.249
395000000,59,364.717,61.4461,61.0937,0.25
396000000,38,223.456,-6.31598,41.9895,0.2615
397000000,56,342.256,8.84535,54.6661,0.2685
398000000,15,92.1206,-4.50498,27.1374,0.2636
399000000,32,197.956,6.61143,41.225,0.259
400000000,42,245.902,-17.64,42.987,0.2674
401000000,42,249.365,44.8418,52.7394,0.242
402000000,42,245.591,55.66,49.6129,0.235
403000000,20,119.96,-7.8819,27.0917,0.254812
404000000,26,163.515,12.3009,31.3678,0.272
405000000,19,111.708,4.07218,20.5297,0.250667
406000000,51,306.166,33.0176,46.1725,0.2415
407000000,16,82.4239,-7.92504,11.0523,0.255
408000000,44,262.713,-4.31775,43.744,0.234
409000000,56,347.548,-1.52686,56.9853,0.2475
410000000,49,285.248,8.37178,45.5348,0.244
411000000,71,434.239,46.912,77.028,0.245
412000000,41,243.374,26.8647,55.2405,0.264
413000000,47,287.467,36.0645,45.6908,0.226
414000000,65,394.782,37.3844,58.5014,0.259
415000000,45,264.315,-20.5121,45.493,0.282667
416000000,33,194.575,23.947,32.9194,0.2375
417000000,43,251.609,42.1048,51.5475,0.22625
418000000,78,470.615,39.3149,71.1446,0.245
419000000,52,313.378,14.8613,48.2903,0.238
420000000,50,302.956,50.2988,54.7856,0.231
421000000,45,257.492,48.5666,39.8266,0.216
422000000,42,266.188,32.0294,41.8434,0.2265
423000000,38,229.668,61.1603,28.9698,0.236
424000000,61,354.119,31.1305,65.5134,0.25
425000000,37,211.487,39.8861,48.3182,0.26
426000000,34,187.131,11.9924,37.212,0.2505
427000000,49,288.256,4.23854,54.8102,0.243
428000000,27,157.543,24.5163,25.3782,0.2515
429000000,39,231.614,41.1615,44.4283,0.246
430000000,80,478.15,29.7759,87.9361,0.26
431000000,71,422.992,42.467,80.4913,0.212
432000000,39,240.194,10.3805,54.6301,0.26325
433000000,105,628.647,36.5606,105.683,0.268
434000000,35,202.36,22.5295,28.9553,0.2605
435000000,58,347.836,43.8775,54.5225,0.253
436000000,60,346.098,-0.360602,52.2829,0.2405
437000000,58,345.854,61.859,51.7565,0.228
438000000,44,269.359,4.36409,68.8258,0.248
439000000,21,124.128,-5.20593,14.8947,0.255382
440000000,40,243.46,48.2624,35.6758,0.245
441000000,49,297.278,35.8072,47.3567,0.25
442000000,39,242.333,23.3442,32.597,0.236
443000000,81,487.55,16.3642,77.2567,0.242
444000000,38,208.565,21.4553,40.2741,0.25
445000000,40,244.146,25.7162,38.0623,0.245
446000000,50,308.017,40.2969,51.2328,0.224
447000000,75,441.794,33.5872,85.5478,0.273
448000000,26,164.332,9.61191,15.2218,0.254
449000000,53,313.594,60.0791,52.6219,0.256
450000000,50,290.839,18.7913,63.7009,0.239
451000000,38,230.695,15.9573,39.5788,0.258
452000000,39,234.175,7.26613,43.2486,0.2485
453000000,48,288.346,11.8229,54.2043,0.267
454000000,39,243.856,47.1106,38.2694,0.241
455000000,36,212.883,26.5066,46.9762,0.2365
456000000,50,289.443,53.9583,57.1402,0.233
457000000,50,297.223,16.6581,44.8073,0.234
458000000,59,347.86,56.9032,55.1762,0.2395
459000000,34,211.39,35.6809,36.9268,0.238571
460000000,43,245.44,-0.688054,51.2515,0.241
461000000,29,179.153,20.89,27.9715,0.2415
462000000,59,356.938,26.6622,53.6264,0.2325
463000000,33,193.17,4.25836,38.9284,0.268
464000000,47,286.474,81.5437,34.928,0.209
465000000,47,268.797,21.4,56.0262,0.271
466000000,35,202.34,-10.3555,24.8391,0.270667
467000000,55,320.536,14.7994,71.3441,0.249
468000000,28,171.325,7.34574,40.0202,0.240333
469000000,33,202.489,30.7266,25.2336,0.2425
470000000,52,301.748,62.2626,61.4951,0.228
471000000,31,188.39,-26.6357,39.3425,0.2465
472000000,35,214.472,-34.8985,26.1577,0.2725
473000000,43,244.136,44.9398,49.9762,0.232
474000000,44,268.912,16.5373,45.1431,0.267
475000000,56,345.708,43.422,69.4169,0.236
476000000,49,272.208,27.5443,62.9367,0.2535
477000000,48,285.554,30.0101,51.1494,0.257
478000000,35,204.68,37.6814,26.2911,0.2435
479000000,51,303.137,67.2884,72.066,0.254
480000000,50,287.826,31.0006,59.2812,0.208
481000000,55,330.551,13.6309,60.8646,0.2615
482000000,44,264.644,42.4824,47.2155,0.238
483000000,35,214.86,22.9762,26.5276,0.23225
484000000,40,220.327,65.0926,40.416,0.2105
485000000,49,282.428,31.2602,53.2898,0.247
486000000,54,327.643,45.3575,46.8517,0.241
487000000,45,278.37,39.1871,52.5172,0.26
488000000,46,281.226,-18.2632,43.8628,0.24
489000000,54,319.73,71.1044,49.7296,0.2375
490000000,58,355.534,39.1647,55.612,0.2375
491000000,40,234.931,77.4157,37.6967,0.232
492000000,58,348.654,8.47432,62.4547,0.2425
493000000,43,242.726,-2.97236,43.0995,0.271
494000000,29,163.204,19.3225,32.5563,0.2295
495000000,42,257.322,29.9097,38.1396,0.24
496000000,47,275.591,19.9834,44.2568,0.2535
497000000,56,338.958,-22.9486,48.1405,0.2575
498000000,24,137.204,19.303,25.0949,0.229
499000000,45,272.231,31.1364,56.9711,0.238
500000000,42,260.635,25.7399,37.7276,0.264
501000000,58,361.163,41.8907,57.58,0.222
502000000,36,210.51,21.306,43.155,0.258
503000000,40,241.468,4.50597,49.1409,0.2455
504000000,62,374.024,32.0842,58.475,0.247
505000000,49,309.29,40.3471,40.8034,0.2485
506000000,36,210.391,18.845,39.6175,0.2545
507000000,52,298.465,55.2627,53.592,0.213
508000000,36,216.3,30.6321,22.6251,0.2545
509000000,62,355.572,67.7428,62.3475,0.2345
510000000,58,356.947,31.7389,57.4988,0.2495
511000000,47,285.103,54.2897,37.2991,0.252
512000000,41,246.111,4.83795,57.4114,0.2585
513000000,57,357.199,50.4105,59.238,0.246
514000000,70,416.384,26.069,73.1631,0.238
515000000,41,245.067,60.8636,59.0245,0.2495
516000000,37,219.909,25.2205,36.6099,0.248
517000000,35,207.517,24.265,42.8505,0.241
518000000,32,188.071,4.69348,30.5564,0.24625
519000000,48,272.386,-16.6627,46.661,0.268333
520000000,40,229.765,33.5808,30.1286,0.232
521000000,27,154.736,56.8876,29.48,0.23
522000000,23,142.359,26.0091,18.049,0.2355
523000000,50,297.073,0.680015,66.1087,0.243
524000000,58,351.843,56.5222,49.9504,0.228
525000000,42,267.007,3.77058,32.3497,0.2285
526000000,70,399.039,42.9974,76.9825,0.238
527000000,96,567.897,38.1921,107.585,0.241
528000000,70,404.03,-17.5545,67.6681,0.246
529000000,57,344.472,62.9616,62.3033,0.222
530000000,35,209.522,6.45533,34.2321,0.2335
531000000,57,346.839,52.1488,67.0979,0.227
532000000,43,261.448,22.9507,32.9406,0.215
533000000,39,227.569,34.038,53.3407,0.2285
534000000,37,217.029,40.4593,23.9194,0.232
535000000,38,217.748,24.4823,36.1375,0.229
536000000,77,457.39,56.2951,72.8803,0.263
537000000,33,188.122,34.4694,31.5205,0.227
538000000,60,354.016,6.4918,60.9857,0.252
539000000,48,288.343,31.4336,55.8634,0.249
540000000,59,341.427,25.8709,51.5745,0.2475
541000000,35,214.294,12.0625,25.0938,0.2535
542000000,39,229.072,22.7695,40.6624,0.251
543000000,45,257.711,13.1444,40.408,0.237
544000000,33,183.662,52.3198,32.4448,0.256
545000000,39,231.785,9.57807,41.6987,0.2445
546000000,35,211.517,28.9881,40.8712,0.238
547000000,46,257.698,46.4517,46.001,0.2205
548000000,63,378.028,10.8203,61.986,0.259
549000000,54,326.186,-4.28325,66.6202,0.238
550000000,35,204.874,33.3534,38.2366,0.2755
551000000,60,354.013,13.5228,62.2485,0.249
552000000,61,371.565,65.8359,65.7736,0.237
553000000,42,255.919,16.9315,54.9582,0.23
554000000,39,228.826,33.3592,42.7225,0.212
555000000,35,213.224,20.9118,27.9186,0.238
556000000,36,217.093,25.6699,36.4122,0.2245
557000000,42,267.741,12.7745,47.8115,0.239
558000000,38,216.793,13.8166,41.5537,0.242
559000000,39,232.514,-9.12889,46.2051,0.2645
560000000,24,137.793,-15.9445,30.6116,0.2595
561000000,48,279.142,-37.2494,43.4487,0.2725
562000000,44,269.129,-0.658237,52.3559,0.251333
563000000,49,279.552,7.13348,52.688,0.2515
564000000,52,314.753,-3.07871,57.843,0.247
565000000,43,265.652,17.1208,34.7507,0.238
566000000,62,378.769,35.4816,72.6911,0.234
567000000,51,314.203,11.3136,49.9058,0.263
568000000,44,262.919,34.4649,51.1353,0.238
569000000,41,253.097,32.6498,57.5135,0.249
570000000,57,329.106,6.8454,52.6979,0.258
571000000,54,329.3,46.2105,57.2517,0.231
572000000,50,302.001,45.8457,51.165,0.239
573000000,43,253.245,30.479,41.4942,0.2585
574000000,14,77.8791,-15.9661,21.3708,0.2615
575000000,80,480.618,20.0467,71.949,0.256
576000000,54,322.709,25.8628,62.1314,0.221
577000000,44,260.946,33.8951,38.3122,0.26
578000000,58,355.082,34.2384,62,0.253
579000000,47,280.84,25.5503,43.1783,0.272
580000000,52,310.392,6.84455,51.0883,0.2675
581000000,34,207.312,27.6655,45.6005,0.261
582000000,48,287.161,4.80976,44.4874,0.278
583000000,72,431.163,34.8607,64.7527,0.232
584000000,64,382.144,45.322,57.5041,0.219
585000000,59,347.031,16.2834,70.0206,0.2685
586000000,51,296.286,23.9178,43.3163,0.246
587000000,93,550.267,62.5232,104.972,0.229
588000000,44,267.26,23.522,49.6702,0.241
589000000,61,355.47,-0.746468,52.1567,0.299
590000000,37,224.568,9.76927,51.4041,0.233
591000000,32,183.886,24.4529,37.0044,0.234
592000000,30,179.822,-5.22416,27.598,0.279
593000000,39,236.745,9.6772,46.9948,0.263
594000000,79,472.679,-0.491234,87.3895,0.2535
595000000,60,365.555,41.3442,71.2214,0.225
596000000,20,120.871,37.3579,17.9916,0.234
597000000,43,251.63,32.1661,40.4125,0.245
598000000,44,258.737,-6.72373,50.3994,0.249
599000000,46,263.269,44.1896,41.921,0.2325
600000000,34,200.158,1.84399,33.1097,0.247333
601000000,56,338.695,43.5342,52.1045,0.253
602000000,37,212.893,18.5216,35.5786,0.2465
603000000,51,296.698,1.09531,57.1836,0.247
604000000,63,381.861,-13.0574,56.371,0.272
605000000,32,188.341,-4.49188,25.9332,0.2525
606000000,37,219.296,9.50569,36.0155,0.2495
607000000,49,300.003,10.491,61.7665,0.236
608000000,54,326.904,52.2075,62.5791,0.228
609000000,40,236.328,-0.846455,42.3213,0.2435
610000000,29,171.092,41.8479,33.1281,0.247
611000000,22,134.157,15.5282,21.3443,0.25
612000000,65,390.55,20.7439,60.2894,0.2505
613000000,66,395.544,12.591,63.6747,0.246
614000000,49,297.828,2.78811,44.3148,0.248
615000000,62,363.076,23.1368,59.2529,0.249667
616000000,41,237.6,48.493,55.9881,0.234
617000000,52,297.171,8.7673,57.1088,0.275
618000000,19,106.528,35.9484,18.2858,0.226
619000000,40,247.182,15.7491,51.9233,0.23
620000000,30,191.718,3.4678,43.9036,0.257
621000000,53,326.646,40.3336,58.8233,0.227
622000000,39,227.968,28.6404,40.6817,0.240667
623000000,54,327.986,30.2107,56.5439,0.252
624000000,32,189.583,23.6843,30.4074,0.233875
625000000,56,337.893,49.07,47.9702,0.243
626000000,62,383.216,29.438,61.8997,0.254
627000000,70,423.99,45.6002,71.8803,0.237
628000000,83,482.545,64.0791,87.7735,0.227
629000000,61,355.187,24.2025,54.9527,0.228
630000000,53,312.913,50.4448,48.0478,0.257
631000000,43,249.206,54.5651,44.1399,0.2325
632000000,38,226.996,34.0068,43.0695,0.2315
633000000,55,324.627,46.9141,57.9858,0.231
634000000,44,259.98,39.1211,53.4116,0.235
635000000,62,366.072,40.1362,70.5103,0.269
636000000,31,181.325,-8.92486,36.6615,0.266833
637000000,47,268.913,35.0775,43.7439,0.237667
638000000,62,379.695,56.2727,66.8979,0.224
639000000,57,351.268,48.6453,65.9642,0.248
640000000,30,177.88,7.6304,28.7166,0.2435
641000000,41,239.041,53.7347,40.5145,0.232
642000000,43,262.052,2.17723,44.8654,0.278
643000000,45,255.177,16.0626,52.7895,0.235
644000000,28,167.188,-3.34884,28.6302,0.267
645000000,48,286.665,31.1224,41.3667,0.248
646000000,58,347.138,-40.234,47.8255,0.265
647000000,58,356.552,32.6578,69.7266,0.252
648000000,40,237.988,61.9346,50.2629,0.202
649000000,45,280.456,39.9717,41.5733,0.21
650000000,38,213.8,5.19997,36.4185,0.249
651000000,51,306.24,29.5611,44.7753,0.243
652000000,67,399.177,-3.84416,68.0447,0.243
653000000,46,267.159,-0.902231,49.9536,0.239
654000000,39,238.256,15.9124,41.7162,0.247
655000000,56,338.896,43.8022,47.2067,0.245
656000000,43,263.48,27.9327,47.8216,0.275
657000000,33,190.195,5.69971,28.0802,0.24825
658000000,51,305.784,19.6872,50.7933,0.2515
659000000,37,229.688,-0.522717,37.6859,0.248
660000000,57,339.069,13.59,62.0589,0.244
661000000,41,241.287,-11.2416,41.3274,0.251
662000000,49,284.85,26.2876,61.0788,0.255
663000000,46,263.866,-18.8004,42.644,0.2615
664000000,38,215.16,18.3876,43.6325,0.2295
665000000,50,302.066,11.6828,44.5182,0.2625
666000000,34,211.194,15.5034,38.7195,0.2285
667000000,42,250.75,15.1028,42.5976,0.23925
668000000,54,327.193,45.436,46.141,0.243
669000000,48,283.503,51.068,43.4281,0.2525
670000000,37,213.277,31.4154,27.9927,0.232
671000000,48,288.125,13.9046,44.8236,0.249
672000000,57,343.131,11.5916,54.3343,0.247
673000000,50,307.005,-2.46783,45.1069,0.259
674000000,29,169.145,27.4596,32.6299,0.245
675000000,59,343.918,24.6578,58.4335,0.238
676000000,45,272.816,43.5922,46.7071,0.23
677000000,56,335.253,25.4907,60.9821,0.261
678000000,50,297.169,47.5982,48.4136,0.229
679000000,48,295.349,14.6709,55.3939,0.2635
680000000,62,356.781,9.42751,53.5146,0.2495
681000000,61,360.205,48.717,58.9856,0.2565
682000000,39,233.127,23.4903,40.7966,0.232
683000000,65,393.013,25.8197,75.4293,0.287
684000000,24,144.991,21.8702,30.0687,0.23
685000000,21,124.081,20.1525,25.7482,0.241
686000000,52,297.562,52.993,45.8469,0.224
687000000,59,348.989,42.7975,64.3873,0.2285
688000000,35,205.852,5.87646,42.9502,0.2625
689000000,46,266.02,10.367,43.1239,0.237
690000000,23,139.461,34.9173,20.0119,0.2385
691000000,74,444.843,42.6505,72.1158,0.234
692000000,44,266.701,41.1306,49.5928,0.247
693000000,44,258.894,6.73071,49.3867,0.2515
694000000,40,229.991,9.95422,34.2802,0.261
695000000,25,149.169,22.137,16.5985,0.241833
696000000,51,303.955,-6.97136,57.3258,0.246667
697000000,49,291.04,55.8416,39.7543,0.2455
698000000,48,286.554,21.9479,42.1829,0.242
699000000,35,223.177,-8.97105,32.7412,0.249333
700000000,76,454.544,36.9132,86.5053,0.2475
701000000,69,407.418,53.209,70.9202,0.238
702000000,45,256.671,46.2713,46.4028,0.207
703000000,54,337.495,32.8257,52.0918,0.232
704000000,57,325.473,23.1638,49.8238,0.26
705000000,54,312.696,31.3068,39.0743,0.243
706000000,46,277.8,24.1389,39.2084,0.2515
707000000,23,139.035,25.7684,30.8797,0.236
708000000,31,188.136,20.8101,32.3264,0.2436
709000000,46,272.409,18.2093,48.7498,0.2445
710000000,34,201.515,16.3205,28.2638,0.2555
711000000,11,67.6584,13.6554,11.9282,0.24525
712000000,57,325.058,73.6436,56.6663,0.245
713000000,37,221.093,27.1118,40.3641,0.2525
714000000,42,248.559,29.3534,47.3396,0.236
715000000,41,234.091,16.357,38.0525,0.2565
716000000,66,392.05,40.3441,53.5805,0.269
717000000,46,277.22,13.0403,47.7973,0.243
718000000,61,362.294,-15.1047,54.898,0.271
719000000,38,231.967,-17.5293,38.281,0.259
720000000,35,199.889,28.5104,35.9001,0.237
721000000,40,245.164,-13.5907,40.2016,0.2465
722000000,60,353.931,29.0824,64.8746,0.257667
723000000,45,270.474,41.1618,41.937,0.223
724000000,47,276.138,45.688,43.8524,0.231
725000000,57,333.043,44.5699,57.3012,0.226
726000000,49,276.14,63.1258,49.2483,0.236
727000000,23,145.342,-4.73473,14.8426,0.262
728000000,60,358.127,12.9048,62.948,0.252333
729000000,51,316.944,-10.4107,45.5807,0.279
730000000,46,286.125,17.3003,33.5733,0.278
731000000,20,111.526,36.2033,21.1421,0.231
732000000,54,318.42,24.8857,54.4998,0.258
733000000,49,289.973,30.4546,47.1934,0.231
734000000,76,464.626,35.5693,69.9724,0.242
735000000,37,223.19,30.9106,30.9907,0.225
736000000,36,213.537,27.8012,33.5684,0.2465
737000000,27,164.273,-7.05582,20.7646,0.2594
738000000,53,328.043,8.1917,55.018,0.2645
739000000,49,301.079,3.8955,51.4609,0.271
740000000,54,307.862,67.2919,53.659,0.244
741000000,45,272.155,33.613,39.8762,0.2375
742000000,51,299.387,-1.83559,49.1383,0.254
743000000,40,243.475,36.4752,34.5508,0.245
744000000,30,167.439,45.3436,28.5075,0.248
745000000,58,353.463,9.80767,73.2003,0.274
746000000,54,328.658,48.3943,63.9438,0.26
747000000,19,121.622,-41.0817,22.0614,0.263333
748000000,43,265.321,67.2073,41.2586,0.226
749000000,44,257.19,5.75245,43.8759,0.241
750000000,37,217.252,31.0326,33.2883,0.2325
751000000,50,287.12,10.0134,52.0338,0.256
752000000,41,248.63,18.234,36.8194,0.259
753000000,25,144.191,43.9964,22.0316,0.2335
754000000,50,299.657,16.3223,55.8438,0.244429
755000000,58,349.332,8.01356,64.6879,0.262
756000000,49,300.451,-21.5239,63.3251,0.268
757000000,42,251.007,51.4831,37.7195,0.229
758000000,55,327.54,58.3552,65.7953,0.217
759000000,37,212.1,20.9805,35.8159,0.255
760000000,44,260.735,62.4143,39.2909,0.219
761000000,20,111.948,18.2345,22.5218,0.2375
762000000,24,140.871,23.6018,20.3454,0.2475
763000000,51,300.679,8.74283,45.5324,0.245667
764000000,19,123.076,-7.49188,20.1805,0.2555
765000000,49,303.613,20.813,48.2669,0.252
766000000,37,233.431,37.8309,42.3244,0.23425
767000000,34,208.246,-11.4052,44.1897,0.245
768000000,16,100.845,-13.3431,22.3129,0.254
769000000,45,272.078,44.5519,48.3168,0.2435
770000000,48,283.122,42.8927,48.2446,0.219
771000000,17,103.045,0.947582,18.4364,0.2685
772000000,16,89.0223,-6.73517,13.8877,0.26
773000000,31,186.593,49.9399,28.034,0.2385
774000000,44,274.232,53.7799,45.4431,0.22
775000000,36,214.551,49.2114,29.9992,0.2435
776000000,41,241.764,46.8739,37.3722,0.2385
777000000,50,297.733,48.5607,59.1235,0.229
778000000,22,133.081,-0.0572216,33.4708,0.243
779000000,51,315.249,35.1295,54.2858,0.2405
780000000,44,259.831,65.6447,44.416,0.223
781000000,50,302.151,54.3877,49.0553,0.2485
782000000,41,246.904,45.3277,42.5011,0.249
783000000,49,294.778,-16.1172,59.8732,0.256
784000000,29,162.88,70.1609,37.7732,0.2295
785000000,83,487.915,59.5737,85.9233,0.238
786000000,63,388.264,55.2596,72.8023,0.237
787000000,30,171.207,8.25747,35.2737,0.2385
788000000,59,329.765,41.0565,53.0123,0.231
789000000,37,215.074,15.7515,32.4918,0.2795
790000000,36,215.802,-34.4624,37.4603,0.267
791000000,46,279.108,25.5452,51.0511,0.252
792000000,38,222.577,14.0324,31.8697,0.247333
793000000,48,293.223,47.0451,42.1609,0.2485
794000000,46,262.056,59.0022,36.694,0.2275
795000000,71,416.773,29.1528,67.3198,0.246
796000000,21,129.006,10.4846,16.5573,0.2546
797000000,42,250.779,26.2761,41.1204,0.253
798000000,38,223.939,47.0357,29.5597,0.229
799000000,35,207.063,29.4178,28.4892,0.228
800000000,45,277.091,2.38206,47.4029,0.2635
801000000,47,277.315,7.93846,51.0933,0.264
802000000,39,239.676,24.0024,35.326,0.269
803000000,37,217.823,18.7573,46.8565,0.259
804000000,40,234.622,62.2044,35.8501,0.244
805000000,49,278.273,7.84718,55.9889,0.257
806000000,47,279.562,48.1724,39.2547,0.22
807000000,32,192.365,-2.73531,47.64,0.2398
808000000,54,320.411,36.0629,42.2785,0.237
809000000,45,265.76,25.0008,43.6314,0.245
810000000,43,255.581,10.1983,38.3852,0.2525
811000000,60,366.342,64.6727,57.8963,0.246
812000000,45,281.533,59.4589,44.9277,0.2385
813000000,47,283.44,9.09745,56.7888,0.236
814000000,41,240.23,24.1479,28.9261,0.236
815000000,60,366.941,-19.1096,60.3957,0.241
816000000,44,259.439,2.37477,59.7488,0.242
817000000,40,243.516,31.4917,29.1094,0.233
818000000,37,221.54,30.3299,38.5119,0.2355
819000000,46,287.849,37.1847,44.7046,0.252
820000000,48,287.009,-5.60081,44.5341,0.266667
821000000,46,274.385,60.1563,63.613,0.219
822000000,50,290.66,37.4471,42.9912,0.246
823000000,36,215.6,-12.4391,30.1708,0.2625
824000000,49,304.632,29.2248,49.8579,0.267
825000000,54,314.178,54.291,56.6988,0.2135
826000000,83,501.402,36.9585,78.4205,0.264
827000000,82,483.626,43.8046,76.4691,0.229
828000000,60,358.632,42.527,54.9126,0.232
829000000,26,142.667,23.0142,30.8923,0.242
830000000,34,200.903,14.7975,39.117,0.2705
831000000,35,205.206,53.773,29.4561,0.2245
832000000,51,289.887,-12.99,53.9905,0.265
833000000,53,308.65,-8.06388,53.5684,0.247333
834000000,41,228.469,48.567,40.3961,0.237
835000000,42,243.209,18.1941,37.0762,0.246
836000000,56,326.749,75.2025,52.7902,0.232
837000000,53,307.112,17.4103,61.746,0.2495
838000000,80,482.427,20.7201,81.3584,0.231
839000000,37,223.597,21.0285,36.1756,0.2555
840000000,39,229.918,30.761,30.9952,0.248
841000000,49,296.673,30.8462,58.1352,0.26
842000000,54,317.104,21.5577,44.2459,0.242
843000000,57,343.934,60.2815,55.3338,0.224
844000000,38,226.162,44.4119,44.7806,0.2225
845000000,34,205.774,27.5232,45.5574,0.245
846000000,29,175.516,19.6203,34.2459,0.264
847000000,61,357.613,41.0255,43.6799,0.234
848000000,43,254.151,44.4302,43.3789,0.2295
849000000,51,293.094,46.2779,52.0958,0.237
850000000,45,255.737,10.5219,39.4744,0.247
851000000,60,364.094,59.5407,64.4206,0.215
852000000,50,300.879,25.537,50.593,0.2685
853000000,87,497.889,31.8422,94.6347,0.253
854000000,49,289.649,13.9268,45.8328,0.279
855000000,47,269.172,23.256,50.2612,0.23
856000000,39,236.585,49.0452,39.7726,0.2395
857000000,39,234.084,61.7123,37.7798,0.224
858000000,80,483.362,6.82485,79.9063,0.29
859000000,37,229.274,9.50685,40.2515,0.2495
860000000,94,520.216,45.5882,79.5464,0.243
861000000,58,348.048,40.2813,60.8293,0.224
862000000,38,224.177,25.8145,50.4509,0.225
863000000,41,240.535,13.3722,38.9451,0.2185
864000000,43,264.739,19.5118,32.4151,0.228
865000000,40,242.512,33.4786,60.084,0.2585
866000000,67,397.11,2.77669,49.6894,0.239
867000000,42,248.527,32.6182,43.6218,0.2295
868000000,53,316.365,-20.0509,46.5727,0.2765
869000000,49,297.693,-19.4349,79.4235,0.292
870000000,64,376.91,11.1348,65.7417,0.25925
871000000,47,278.342,61.857,45.0091,0.241
872000000,36,215.974,15.4329,35.7527,0.235
873000000,69,401.033,63.9979,69.1389,0.239
874000000,38,229.782,26.9431,46.1918,0.242
875000000,63,376.381,60.4003,63.7319,0.235
876000000,37,228.451,31.9093,38.5873,0.22925
877000000,41,232.736,87.0386,40.578,0.2345
878000000,24,134.303,0.329367,12.7217,0.248
879000000,58,348.497,62.19,76.2114,0.239
880000000,48,285.934,44.8836,61.1746,0.229
881000000,38,232.08,48.7745,39.9452,0.247
882000000,51,307.396,30.1791,44.5995,0.243
883000000,40,239.254,33.4471,40.8219,0.229
884000000,54,322.531,35.7998,52.2042,0.25
885000000,72,423.778,12.1559,92.8295,0.2495
886000000,55,316.967,0.756722,44.694,0.266
887000000,22,129.834,8.2035,26.8023,0.25625
888000000,30,174.809,1.66179,28.5054,0.2415
889000000,69,407.838,40.0837,58.5181,0.243
890000000,43,238.811,50.4774,33.2952,0.231
891000000,33,188.49,10.4936,31.9957,0.245667
892000000,71,436.585,43.1818,74.1374,0.247
893000000,48,287.764,30.2162,48.2125,0.2405
894000000,38,219.436,25.5647,33.8913,0.2305
895000000,37,215.518,18.3647,31.3291,0.241667
896000000,49,295.508,33.5612,44.2311,0.204
897000000,41,242.435,26.2599,44.0186,0.258
898000000,30,176.437,17.3492,30.4457,0.249
899000000,39,239.395,4.66209,35.231,0.227
900000000,50,291.703,39.419,49.1153,0.226
901000000,38,231.951,32.7717,40.2914,0.2455
902000000,46,264.056,20.2958,47.465,0.2475
903000000,49,293.983,63.9791,53.465,0.2315
904000000,41,250.152,32.0843,33.964,0.228
905000000,30,178.33,18.3454,31.7546,0.2515
906000000,34,206.049,38.1311,36.3481,0.268
907000000,30,180.325,25.3008,26.2929,0.239
908000000,57,349.927,18.9168,48.9726,0.235
909000000,87,536.904,0.207584,103.361,0.2595
910000000,36,205.719,17.5245,38.9113,0.24
911000000,50,293.961,50.3146,44.7408,0.223
912000000,40,245.353,67.7273,49.3442,0.22
913000000,51,306.675,16.3594,55.8233,0.257667
914000000,28,172.985,15.7564,32.3186,0.269
915000000,27,158.923,22.033,24.1633,0.247
916000000,44,266.585,-6.11516,40.8886,0.245333
917000000,45,263.488,42.3398,50.9874,0.23
918000000,35,206.817,27.9448,33.9024,0.2495
919000000,41,251.984,30.1731,35.5095,0.247
920000000,48,297.603,14.1804,46.0512,0.2395
921000000,39,231.835,-0.714721,44.3368,0.2595
922000000,46,273.151,21.2753,41.4931,0.2415
923000000,39,224.355,46.0063,37.4216,0.233
924000000,34,210.537,2.10903,35.1706,0.2575
925000000,33,193.232,15.5811,33.0424,0.2462
926000000,15,89.2675,-2.64408,16.3128,0.273
927000000,36,217.036,21.2977,21.9464,0.244
928000000,62,373.519,15.7569,47.7527,0.2565
929000000,50,282.236,31.502,45.9192,0.226
930000000,63,371.843,15.1537,60.9986,0.2325
931000000,40,228.547,18.6856,48.5644,0.252
932000000,49,299.414,2.63735,54.976,0.244
933000000,41,251.471,25.8545,45.6009,0.263
934000000,59,353.254,-26.3469,70.7432,0.31
935000000,49,297.002,25.5969,51.8358,0.265
936000000,57,339.843,-9.73126,59.3352,0.277
937000000,36,220.073,4.06991,36.9256,0.2605
938000000,35,208,23.5962,23.1418,0.254
939000000,44,264.988,35.2222,35.6425,0.2385
940000000,56,329.43,40.8933,52.3284,0.237
941000000,41,260.025,56.1278,40.2141,0.254
942000000,51,304.954,14.0855,42.4376,0.2635
943000000,46,277.959,18.4656,44.3133,0.2385
944000000,37,223.53,31.7403,34.7047,0.258
945000000,62,358.717,42.1146,77.8874,0.241
946000000,52,303.122,37.7123,45.4925,0.236
947000000,42,260.903,22.3524,44.2414,0.271
948000000,60,358.09,1.9248,58.4609,0.246
949000000,18,97.7659,13.912,25.584,0.253
950000000,67,391.35,16.322,69.5109,0.221
951000000,42,253.804,19.2155,41.6543,0.2455
952000000,43,250.363,78.1893,49.81,0.2275
953000000,64,379.172,36.2238,55.009,0.248
954000000,25,140.585,-15.3712,23.1782,0.255
955000000,60,371.003,1.71117,47.2391,0.245
956000000,57,337.699,16.9302,64.0269,0.2465
957000000,51,307.897,37.7658,62.5878,0.259
958000000,38,225.771,56.6085,45.5152,0.228
959000000,46,282.353,34.5276,40.3011,0.2325
960000000,41,244.203,-22.8515,36.0273,0.257
961000000,47,289.026,34.8492,49.6242,0.253
962000000,33,188.328,26.1782,36.2989,0.2305
963000000,66,405.671,52.2531,71.3439,0.236
964000000,48,295.796,48.2633,43.8905,0.2355
965000000,46,267.892,22.5706,45.6636,0.2465
966000000,42,239.603,26.7406,45.2011,0.239
967000000,35,213.727,23.487,29.9843,0.2425
968000000,42,236.664,35.038,48.6928,0.249
969000000,60,355.586,10.1273,51.906,0.239
970000000,45,276.502,17.8885,53.2974,0.2365
971000000,26,156.036,9.81554,33.5705,0.2605
972000000,44,278.555,5.63614,47.2607,0.262
973000000,40,240.699,33.1499,47.5074,0.229333
974000000,34,205.495,40.2802,36.2082,0.238
975000000,60,371.085,26.9856,61.2223,0.249
976000000,27,165.188,44.0317,25.9579,0.253
977000000,57,347.657,14.5789,60.4396,0.229
978000000,27,164.291,8.07797,24.6263,0.245
979000000,33,191.207,33.3292,29.5517,0.235
980000000,47,278.449,71.6207,48.9181,0.229
981000000,35,204.348,51.5266,27.1588,0.225
982000000,48,291.458,39.8722,39.9375,0.254
983000000,50,295.382,68.606,54.4817,0.241
984000000,58,348.672,38.2888,72.5594,0.217
985000000,38,232.261,65.6668,34.1938,0.245
986000000,36,222.596,30.112,32.0848,0.245
987000000,38,227.654,15.5462,32.0442,0.255
988000000,53,313.861,2.63258,60.5661,0.225
989000000,59,348.04,22.9718,66.5992,0.236
990000000,45,269.921,41.661,41.4611,0.2265
991000000,26,153.186,-19.912,40.3677,0.266875
992000000,40,244.433,36.6066,38.1674,0.2325
993000000,43,250.436,44.1624,49.6291,0.24325
994000000,37,224.405,-10.8953,41.5407,0.269333
995000000,29,170.283,32.2957,32.486,0.277
996000000,68,410.306,31.2472,71.8792,0.2615
997000000,77,461.57,51.571,91.2677,0.242
998000000,37,208.957,-20.09,34.1549,0.253
999000000,56,334.555,63.8716,64.822,0.232
