generation,N_shifts,logPrior,logLik,eventRate,acceptRate
0,0,-7.30552,-790.001,200,0
1000000,22,128.663,-32.2322,18.7007,0.297
2000000,63,384.135,41.6718,66.2109,0.258
3000000,28,157.718,12.9165,33.6007,0.2455
4000000,57,342.116,57.8962,52.3015,0.224
5000000,49,307.057,19.0309,49.582,0.263
6000000,77,471.035,29.8251,71.3409,0.247
7000000,42,248.617,2.63224,53.2237,0.2605
8000000,22,127.088,14.7471,23.8317,0.225
9000000,33,195.12,34.8279,31.1565,0.265
10000000,48,293.236,8.6456,64.2469,0.255
11000000,43,267.544,25.8177,55.8094,0.250833
12000000,49,296.502,44.0564,51.0229,0.232
13000000,64,373.373,12.4408,56.7359,0.2695
14000000,13,74.3484,7.32972,11.3843,0.243
15000000,39,235.075,15.4456,50.1255,0.2335
16000000,66,393.653,58.2273,59.7442,0.236
17000000,38,221.095,22.1277,28.8067,0.2555
18000000,57,332.904,11.2672,53.8745,0.2535
19000000,37,223.36,53.298,43.4501,0.237
20000000,53,317.189,17.2126,52.2044,0.228
21000000,40,242.812,35.0612,48.9265,0.259
22000000,42,249.955,-11.8015,39.9994,0.258333
23000000,32,194.114,3.89064,35.2625,0.251
24000000,67,411.333,49.0655,65.4509,0.233
25000000,60,355.305,46.0779,56.8397,0.252
26000000,46,270.226,23.4123,60.2895,0.243667
27000000,25,143.622,27.1392,21.6554,0.2408
28000000,47,278.263,61.0106,55.6444,0.228
29000000,50,289.375,26.0329,54.5843,0.2425
30000000,67,417.52,21.0811,68.9626,0.2715
31000000,49,304.794,47.9021,57.2634,0.232
32000000,34,206.773,30.146,37.403,0.252
33000000,33,205.373,40.4026,29.0968,0.242
34000000,75,448.694,73.5027,79.3195,0.223
35000000,37,215.866,-23.6528,32.6,0.269
36000000,55,309.381,24.2801,61.4927,0.2445
37000000,15,84.3848,31.5452,17.4727,0.235
38000000,53,323.034,14.6297,60.6088,0.2435
39000000,39,238.708,32.4128,37.9516,0.245
40000000,39,233.731,20.987,41.4614,0.251
41000000,55,330.493,58.6773,60.8588,0.238
42000000,73,436.374,39.4921,67.6331,0.233
43000000,44,266.491,51.1563,36.8757,0.2495
44000000,42,253.755,42.078,48.4667,0.251
45000000,19,110.362,7.28189,21.5604,0.246
46000000,35,209.61,23.0608,34.0062,0.248333
47000000,65,401.174,37.2618,69.1054,0.259
48000000,24,144.443,5.07317,30.6059,0.263714
49000000,33,198.994,42.1013,31.8326,0.2495
50000000,38,238.121,31.3242,35.8376,0.24
51000000,28,164.577,9.91678,27.3017,0.264
52000000,34,211.149,23.8694,40.1618,0.262667
53000000,42,256.058,46.7691,44.4858,0.244
54000000,62,353.553,67.5807,57.8546,0.227
55000000,26,160.287,9.99118,25.29,0.253333
56000000,72,435.997,40.5363,63.1723,0.255
57000000,59,359.696,46.9117,57.0217,0.231
58000000,54,320.664,26.9273,54.3756,0.265
59000000,36,204.462,-22.368,44.4772,0.268857
60000000,43,258.416,56.7722,40.0663,0.239
61000000,36,218.323,13.1694,29.5819,0.2385
62000000,27,158.153,15.9135,24.1271,0.25675
63000000,37,219.901,26.2972,39.0961,0.2385
64000000,51,314.855,44.3846,61.3642,0.2505
65000000,48,280.409,52.9246,40.7867,0.2495
66000000,28,166.357,11.5105,26.2717,0.259
67000000,37,209.502,29.6245,41.6316,0.243
68000000,47,288.442,30.6129,50.2017,0.243
69000000,29,174.509,23.6741,41.6995,0.2375
70000000,33,194.905,39.4735,39.0049,0.261
71000000,54,311.522,55.4442,55.6778,0.2275
72000000,33,198.396,12.8071,31.2917,0.254
73000000,44,240.715,42.0981,40.8988,0.27
74000000,40,251.628,32.0797,35.3927,0.246
75000000,48,290.494,31.7543,43.205,0.25
76000000,56,320.112,64.6153,49.781,0.22
77000000,46,270.539,-0.0142752,50.8065,0.263
78000000,47,283.564,47.3526,46.7806,0.2445
79000000,68,405.858,38.5948,58.1329,0.261
80000000,44,264.993,45.9882,43.1577,0.2325
81000000,69,392.567,53.9508,62.8655,0.243
82000000,55,328.644,37.1295,65.4972,0.221
83000000,49,293.281,14.1882,54.9139,0.256
84000000,29,179.903,34.4978,33.8808,0.249
85000000,47,284.096,-2.94945,49.6921,0.2555
86000000,54,321.144,43.5586,65.36,0.252714
87000000,33,201.546,27.6053,25.907,0.2415
88000000,28,162.287,12.0951,32.7303,0.24
89000000,48,284.408,22.6841,54.9005,0.252
90000000,33,184.222,48.4519,34.9249,0.227
91000000,43,261.815,7.73398,39.5186,0.258
92000000,25,151.973,28.9881,33.842,0.2415
93000000,31,187.555,17.0702,37.1649,0.255
94000000,59,352.408,47.2032,52.4214,0.2305
95000000,34,207.053,-12.5274,40.7804,0.2605
96000000,26,159.1,19.1506,20.9723,0.225
97000000,61,347.708,57.356,58.7934,0.259
98000000,50,292.636,30.3605,50.306,0.2525
99000000,23,139.751,31.2381,23.7325,0.2485
100000000,30,174.327,2.09164,46.9226,0.253
101000000,54,329.457,22.6296,59.6823,0.265
102000000,28,164.067,20.9994,32.4095,0.255
103000000,48,279.085,25.1197,46.5172,0.2325
104000000,60,364.533,19.7269,67.0236,0.257
105000000,24,151.877,25.2443,24.9309,0.2465
106000000,43,262.65,3.71153,42.7246,0.2514
107000000,28,165.464,21.1207,28.3258,0.261
108000000,41,235.155,38.0061,28.1712,0.2405
109000000,94,552.815,74.5693,115.605,0.234
110000000,41,239.592,28.2699,35.7944,0.254
111000000,42,257.68,26.0293,43.582,0.253
112000000,28,172.187,0.503918,23.6594,0.25575
113000000,63,377.043,41.1683,45.5712,0.233
114000000,40,244.138,23.5762,42.1576,0.266
115000000,42,240.739,9.15824,53.5216,0.245
116000000,79,483.664,25.6709,72.1819,0.272
117000000,29,169.38,44.0396,41.3636,0.2435
118000000,46,281.054,38.4784,53.8737,0.2445
119000000,45,275.658,23.4726,41.0217,0.24
120000000,37,225.244,67.7332,36.0567,0.216
121000000,54,322.623,22.2602,36.337,0.2505
122000000,32,185.208,37.8889,32.7705,0.244
123000000,28,167.167,23.7051,29.9719,0.2495
124000000,28,166.508,3.78089,20.8391,0.236333
125000000,39,229.548,58.1536,36.3238,0.227
126000000,27,168.171,23.3979,27.8534,0.2675
127000000,30,178.631,47.6146,30.8835,0.2335
128000000,30,182.405,-2.56738,31.0066,0.26
129000000,44,261.967,45.4629,61.4332,0.232333
130000000,66,390.743,46.024,75.6069,0.246
131000000,52,299.263,25.3751,59.0722,0.2625
132000000,34,212.239,2.68453,40.9809,0.251
133000000,23,135.407,50.0105,23.2478,0.2475
134000000,84,517.212,35.2583,86.1161,0.241
135000000,29,151.298,26.9504,32.1916,0.239
136000000,29,172.68,42.8564,26.8181,0.239
137000000,28,168.285,2.01023,26.6649,0.2606
138000000,50,294.037,44.2636,48.393,0.2405
139000000,82,501.335,29.0397,86.3798,0.26375
140000000,55,307.995,18.8585,45.6893,0.221
141000000,44,253.035,-12.136,52.569,0.262
142000000,56,333.83,41.3253,53.9722,0.22
143000000,40,244.419,0.175735,40.3668,0.2462
144000000,47,281.375,8.75725,45.854,0.256
145000000,50,308.398,63.8444,65.3425,0.219
146000000,83,503.358,76.3573,85.8996,0.233
147000000,31,195.769,58.3154,32.5579,0.233
148000000,42,226.274,24.3636,41.032,0.2455
149000000,60,342.735,25.7513,54.768,0.2585
150000000,42,250.918,63.8087,53.6694,0.248
151000000,53,318.363,42.7638,56.0592,0.2565
152000000,36,208.899,11.5527,25.2979,0.252667
153000000,43,257.675,14.4337,49.8575,0.2385
154000000,74,448.33,29.0274,78.0652,0.237
155000000,48,279.962,80.8154,44.5881,0.256
156000000,48,290.326,43.2273,48.1165,0.2475
157000000,64,391.225,16.3294,61.2224,0.262
158000000,27,148.087,-2.38072,29.5024,0.239
159000000,52,307.406,31.6305,48.3651,0.254
160000000,75,451.862,31.5531,84.4202,0.251
161000000,43,257.017,46.3274,45.7629,0.2295
162000000,51,301.442,39.9185,48.7235,0.239
163000000,43,264.419,29.827,46.2912,0.27
164000000,37,223.348,3.47951,47.5945,0.2655
165000000,45,283.299,26.7062,43.402,0.245
166000000,36,219.604,-8.45862,36.964,0.265333
167000000,65,381.948,33.627,59.4024,0.261
168000000,22,130.61,43.8535,24.1018,0.2415
169000000,59,358.019,32.7107,60.8301,0.252
170000000,64,391.152,8.82879,85.3177,0.267
171000000,72,429.797,6.65941,66.7871,0.258
172000000,23,136.512,20.2577,22.3365,0.239
173000000,33,197.636,44.3512,31.5333,0.2235
174000000,26,160.671,55.1723,31.2874,0.2255
175000000,25,153.222,12.4606,26.4691,0.227
176000000,51,304.673,54.8273,50.4871,0.251
177000000,60,369.916,37.0438,51.1717,0.223
178000000,24,132.881,-11.621,24.7909,0.223
179000000,47,282.01,10.0192,61.4091,0.2778
180000000,29,173.41,26.5052,21.1266,0.2455
181000000,21,113.999,8.2973,17.4141,0.267
182000000,58,344.7,74.3619,46.3663,0.227
183000000,57,343.657,53.9413,55.1861,0.235
184000000,36,200.314,30.8214,33.5399,0.2545
185000000,58,332.745,61.0623,51.9025,0.225
186000000,57,336.244,-4.6285,49.7307,0.253
187000000,82,505.96,51.7383,66.0265,0.241
188000000,39,242.798,20.0239,43.1095,0.236
189000000,41,247.872,70.146,44.8449,0.2485
190000000,58,355.299,17.478,54.5271,0.239
191000000,52,310.438,39.8114,67.7133,0.218
192000000,43,253.315,22.1966,42.6815,0.2535
193000000,31,190.708,21.1562,35.2069,0.268
194000000,48,276.477,65.0133,38.5537,0.243
195000000,41,222.161,39.194,37.6104,0.236
196000000,33,181.905,15.9828,34.5776,0.2355
197000000,44,270.534,-12.2056,42.2922,0.257
198000000,50,302.292,42.4668,51.5938,0.2775
199000000,42,249.076,-18.7217,46.7498,0.242333
200000000,58,347.86,50.8411,64.4303,0.246
201000000,51,313.47,-3.78778,49.2931,0.261
202000000,70,426.567,70.2664,62.8779,0.224
203000000,51,305.333,27.6683,51.2037,0.251
204000000,29,168.479,5.80755,36.4896,0.24475
205000000,33,201.194,27.2498,32.9639,0.233
206000000,30,180.41,-2.66757,22.8298,0.266
207000000,36,215.686,21.1205,41.4162,0.259714
208000000,65,393.343,41.9894,71.1983,0.248
209000000,26,157.066,26.2984,39.0661,0.2305
210000000,52,316.078,32.3888,54.5493,0.258
211000000,31,167.331,42.3457,23.1083,0.238
212000000,26,165.727,0.193394,23.7876,0.259
213000000,52,306.319,30.9523,39.9021,0.276
214000000,49,307.668,36.9457,51.6146,0.231
215000000,26,157.208,27.9504,22.8946,0.2505
216000000,24,143.909,21.2754,21.5005,0.2295
217000000,65,392.537,26.6507,57.2508,0.268
218000000,24,144.058,21.9072,32.5469,0.247
219000000,79,474.221,29.8391,91.0994,0.25
220000000,18,114.138,3.15996,19.0329,0.2528
221000000,49,294.272,-17.526,44.3204,0.245
222000000,36,211.111,57.2191,32.0204,0.2355
223000000,25,142.094,8.12305,35.3688,0.254
224000000,39,239.951,28.9275,38.3331,0.2505
225000000,30,174.821,-3.42191,30.0655,0.249
226000000,30,181.009,-29.5777,33.6657,0.262333
227000000,43,251.033,14.2144,40.499,0.2355
228000000,59,357.085,-2.89703,49.7779,0.283
229000000,36,204.216,23.9646,34.0327,0.248
230000000,36,209.081,15.4759,27.4407,0.241381
231000000,43,260.188,-25.3967,54.1247,0.2815
232000000,85,506.049,40.4703,92.2072,0.238
233000000,53,326.485,23.572,52.0091,0.269
234000000,39,228.2,-11.3623,43.2262,0.263
235000000,45,278.513,51.6992,43.8082,0.246
236000000,65,381.235,33.3785,70.054,0.257
237000000,46,262.534,35.5153,50.507,0.227
238000000,44,267.236,32.0962,37.5957,0.2425
239000000,36,211.119,45.4481,42.0235,0.227
240000000,23,141.309,20.4799,17.4815,0.229
241000000,35,214.208,44.9668,31.9819,0.222
242000000,31,181.171,-24.3328,30.6846,0.258667
243000000,45,259.973,4.45801,43.4769,0.2435
244000000,66,418.183,66.0166,54.0242,0.238
245000000,64,388.924,17.0353,58.0973,0.243
246000000,34,191.948,15,35.9629,0.244
247000000,44,271.341,-21.8426,41.9752,0.266
248000000,38,224.61,35.3117,39.9621,0.234
249000000,56,335.391,13.5463,69.4039,0.243
250000000,45,268.75,38.5706,44.6085,0.231333
251000000,45,274.587,10.7414,56.6334,0.255
252000000,34,214.395,19.2175,28.1543,0.243
253000000,37,222.957,-17.7062,38.4555,0.2755
254000000,34,201.479,66.7099,30.7313,0.218
255000000,45,285.428,36.8386,50.3082,0.248
256000000,46,268.979,56.5297,49.5019,0.273
257000000,105,634.526,8.7594,116.27,0.261
258000000,45,270.962,37.1375,49.5263,0.241
259000000,53,314.494,3.88593,48.0577,0.255
260000000,45,261.679,33.5407,31.0944,0.258
261000000,50,294.403,28.484,50.9838,0.224
262000000,61,358.815,70.7676,53.9912,0.223
263000000,48,280.175,37.7108,44.2633,0.231
264000000,27,167.179,-3.49262,28.7756,0.2595
265000000,32,182.187,50.6222,31.2614,0.239
266000000,68,394.684,20.6847,63.1435,0.235
267000000,39,221.564,44.4169,29.4629,0.234
268000000,37,216.742,29.1273,33.588,0.23
269000000,22,126.023,4.11158,27.8928,0.2615
270000000,29,170.295,43.1427,31.6512,0.22
271000000,16,90.2647,0.988315,15.6707,0.2285
272000000,40,235.725,26.1488,38.8523,0.245
273000000,37,224.044,54.4406,39.4943,0.2285
274000000,35,206.167,32.6512,41.638,0.228
275000000,46,278.367,21.0844,55.7128,0.22
276000000,72,410.993,7.60682,71.8141,0.2555
277000000,34,204.918,46.4929,26.2725,0.2445
278000000,24,140.598,-11.1413,18.5392,0.255
279000000,52,316.559,57.7654,50.5855,0.2525
280000000,48,281.214,31.3163,47.2821,0.231
281000000,43,243.367,31.6134,28.1265,0.249
282000000,43,261.864,33.6206,37.1523,0.257
283000000,37,222.451,39.1077,29.4203,0.239
284000000,58,346.626,-15.2181,54.3403,0.277
285000000,43,256.78,11.8761,42.0142,0.255
286000000,43,262.786,21.9418,41.8678,0.238
287000000,37,230.619,27.4523,42.3728,0.2355
288000000,48,289.734,54.1634,44.8587,0.22
289000000,30,167.698,15.9364,31.8133,0.268
290000000,43,260.99,19.2455,49.7577,0.256
291000000,24,136.452,12.2616,25.088,0.253
292000000,61,334.795,35.8532,55.02,0.223
293000000,44,267.653,57.8478,42.4916,0.2305
294000000,59,350.833,54.2014,61.8534,0.237
295000000,51,294.247,-9.81465,41.8703,0.258
296000000,38,223.241,-16.1266,43.0639,0.2725
297000000,39,237.548,14.2404,55.4262,0.26
298000000,36,211.007,36.0048,36.758,0.266
299000000,67,397.874,28.9725,58.756,0.253
300000000,41,236.042,39.7204,34.421,0.2385
301000000,33,190.614,-0.953657,33.0839,0.2625
302000000,32,188.689,23.0665,36.2218,0.2445
303000000,75,449.415,28.8877,70.3172,0.261
304000000,32,196.393,31.1788,30.6829,0.232
305000000,28,172.78,46.4589,29.3263,0.2345
306000000,63,369.737,25.6237,64.4451,0.241
307000000,58,334.807,16.9102,61.022,0.257
308000000,19,119.995,-22.781,26.8571,0.257
309000000,49,302.55,31.6786,40.7586,0.263
310000000,51,310.891,42.3698,44.6976,0.221
311000000,29,176.84,11.9152,36.509,0.257
312000000,47,293.351,21.2453,40.482,0.225333
313000000,61,362.398,-9.08302,52.5926,0.301
314000000,54,312.968,27.6034,54.8844,0.2435
315000000,46,265.52,6.16732,47.0448,0.244
316000000,56,326.09,46.5503,53.0507,0.22
317000000,32,199.105,49.577,33.0555,0.24
318000000,54,329.552,57.7527,42.3293,0.2445
319000000,70,408.396,50.3458,58.1095,0.24
320000000,64,393.006,70.62,65.0491,0.232
321000000,13,79.896,-7.67536,13.003,0.2485
322000000,44,273.422,8.46477,55.0447,0.249
323000000,38,238.794,45.5833,36.5238,0.223
324000000,44,263.155,35.0143,47.2147,0.236
325000000,59,360.025,29.8497,49.9521,0.234
326000000,38,211.491,32.8158,32.2782,0.218
327000000,38,219.136,-4.05662,37.9008,0.248375
328000000,69,410.652,31.5444,75.7013,0.246
329000000,47,273.763,27.7805,52.6061,0.248
330000000,45,266.739,30.3423,44.6465,0.2425
331000000,42,239.702,8.39998,35.8974,0.241
332000000,37,228.96,28.0949,30.7567,0.275
333000000,45,276.426,33.562,51.4569,0.251
334000000,73,444.185,47.7047,69.2099,0.2405
335000000,26,159.188,18.4045,23.6337,0.24475
336000000,35,213.134,23.8141,30.8993,0.242333
337000000,47,266.425,20.4093,47.8402,0.2235
338000000,75,454.008,11.3303,75.3409,0.238
339000000,44,264.595,23.141,51.8563,0.2585
340000000,54,327.006,23.1643,62.1873,0.252
341000000,57,345.544,11.2731,55.5298,0.243
342000000,33,191.044,71.9086,33.0559,0.2372
343000000,53,335.188,46.4064,56.2287,0.234
344000000,69,422.656,20.6764,77.3943,0.251
345000000,57,337.682,33.4933,45.6901,0.2385
346000000,44,263.296,22.2273,46.5623,0.242
347000000,35,209.021,-9.60774,37.5836,0.2596
348000000,30,183.753,25.4351,35.0302,0.243333
349000000,34,207.654,52.6793,27.4561,0.254
350000000,36,219.597,-10.126,40.5775,0.231
351000000,54,327.321,-12.0164,42.2859,0.242
352000000,14,76.7834,17.9699,20.6624,0.227
353000000,23,135.4,4.27948,21.702,0.256571
354000000,61,352.371,44.6761,67.7764,0.248
355000000,46,259.748,34.4398,37.2914,0.232667
356000000,48,286.034,15.7459,48.3818,0.243
357000000,64,389.503,36.7891,47.3461,0.238
358000000,48,270.103,28.4268,50.5966,0.231
359000000,42,246.898,7.31689,50.2244,0.2695
360000000,48,279.089,31.4952,53.2866,0.2335
361000000,52,314.96,37.3552,58.6055,0.225333
362000000,35,202.064,3.63962,37.6637,0.261167
363000000,28,162.364,-20.9867,24.815,0.268143
364000000,52,315.808,19.9695,54.4985,0.223
365000000,38,210.697,27.6777,34.5872,0.2614
366000000,50,307.182,30.2543,57.0456,0.238
367000000,78,465.561,25.3763,81.5531,0.257
368000000,74,437.924,5.81532,69.1574,0.258
369000000,39,226.171,37.2665,48.6262,0.245
370000000,32,181.189,0.921438,28.3556,0.251333
371000000,58,340.71,27.1611,52.3992,0.2645
372000000,46,272.692,47.3745,57.1997,0.242
373000000,64,374.373,-20.5944,60.991,0.291
374000000,31,196.274,-27.1002,24.5734,0.2625
375000000,43,250.907,18.9539,44.8803,0.249
376000000,73,421.73,31.2893,60.5676,0.2285
377000000,29,165.851,-5.58171,20.1031,0.272
378000000,46,272.778,-28.3398,38.6367,0.27
379000000,28,174.774,11.9818,23.6125,0.2415
380000000,51,320.207,3.8959,39.125,0.268
381000000,44,255.437,28.0151,42.1026,0.247
382000000,47,265.589,55.4175,49.0055,0.2355
383000000,28,155.688,8.05285,23.6068,0.2495
384000000,44,270.781,38.1571,51.538,0.239667
385000000,50,300.266,17.2772,64.805,0.2345
386000000,51,315.562,-3.03158,48.7648,0.255
387000000,47,283.449,12.3495,46.0657,0.259
388000000,57,349.832,35.4271,57.9386,0.237
389000000,60,364.545,25.6371,46.7578,0.248
390000000,64,374.189,47.3013,55.2084,0.257
391000000,69,409.11,39.0104,65.9351,0.239
392000000,62,375.362,14.2574,65.3728,0.238
393000000,95,563.156,12.7938,86.2871,0.244
394000000,43,236.789,23.8076,42.5075,0.2495
395000000,39,231.126,-16.6233,40.7282,0.2608
396000000,26,147.953,15.9219,32.037,0.2545
397000000,46,280.109,-29.0387,44.2276,0.278
398000000,39,233.716,55.4861,37.7214,0.239
399000000,43,237.624,22.4699,49.6972,0.2545
400000000,40,243.357,52.8313,53.3556,0.2345
401000000,47,268.788,-1.27913,45.577,0.2595
402000000,71,427.222,13.8616,74.5485,0.2505
403000000,32,169.881,19.7543,26.0704,0.239
404000000,31,195.02,6.03667,33.8809,0.256
405000000,29,163.293,54.8921,21.8904,0.238
406000000,36,207.372,39.144,42.0114,0.241
407000000,50,310.736,64.8541,44.1951,0.228
408000000,57,338.914,28.3779,60.9095,0.21
409000000,22,129.395,-17.8369,26.1964,0.2705
410000000,41,247.946,6.90993,41.9583,0.2655
411000000,38,223.825,36.9019,34.395,0.203
412000000,37,227.147,45.2847,39.5606,0.2385
413000000,19,111.768,-9.78795,24.0479,0.263
414000000,35,208.46,30.6244,38.082,0.231
415000000,68,418.68,61.8269,73.4129,0.2275
416000000,43,272.084,26.2158,43.2284,0.247182
417000000,66,392.29,33.676,72.4232,0.244
418000000,56,341.958,39.1167,47.8389,0.2295
419000000,44,255.137,47.1224,39.4035,0.225
420000000,38,222.748,26.3685,42.1558,0.26
421000000,89,527.359,22.8778,71.6272,0.242
422000000,39,218.494,1.42504,46.6477,0.271
423000000,33,192.391,14.7849,33.5871,0.253
424000000,67,387.633,50.7005,67.2043,0.204
425000000,50,303.305,38.6808,59.9791,0.252667
426000000,47,284.419,39.9511,37.4006,0.2515
427000000,41,245.075,42.7922,39.4891,0.2425
428000000,35,213.609,-12.4239,32.3159,0.266
429000000,34,201.153,12.0814,30.7737,0.2525
430000000,47,297.702,26.7295,51.1523,0.2345
431000000,83,476.436,64.0509,89.5437,0.223
432000000,49,300.339,17.3327,39.5923,0.242
433000000,26,156.307,-0.576226,40.0591,0.257
434000000,39,229.779,57.9834,44.4768,0.2355
435000000,43,256.107,30.8114,44.6821,0.2528
436000000,38,224.687,28.105,51.792,0.244714
437000000,54,334.833,10.3952,52.2116,0.267
438000000,25,148.8,-14.0512,26.3882,0.268
439000000,36,207.674,24.8642,37.0377,0.2585
440000000,38,238.894,13.5426,58.2838,0.244
441000000,51,300.066,61.3265,53.9102,0.2405
442000000,42,245.307,27.3655,35.7111,0.246
443000000,36,218.451,41.9733,29.4373,0.26
444000000,17,97.0612,43.351,18.0162,0.23
445000000,31,174.077,24.6815,27.5628,0.25
446000000,54,332.793,32.7334,51.0628,0.227
447000000,29,173.245,-1.60747,26.3372,0.2565
448000000,26,149.639,12.539,20.373,0.249
449000000,33,193.099,-6.79528,37.4637,0.2705
450000000,40,234.354,6.65292,47.2107,0.264
451000000,53,317.401,50.0627,44.5119,0.231
452000000,60,359.54,-8.1941,48.9903,0.272
453000000,40,239.042,6.07109,46.4441,0.2515
454000000,40,235.222,23.8963,53.3276,0.2335
455000000,27,159.712,-21.7719,24.0355,0.2585
456000000,52,313.609,58.6033,47.7095,0.2335
457000000,47,282.777,22.8245,46.0064,0.235
458000000,50,294.056,46.967,52.049,0.254
459000000,52,322.023,24.4119,49.0552,0.242
460000000,39,231.371,14.1609,40.1665,0.259
461000000,40,233.02,35.6465,34.7542,0.2445
462000000,60,333.481,6.63715,37.8847,0.264
463000000,53,312.642,13.2703,54.3603,0.263
464000000,33,198.456,46.8259,28.5202,0.24
465000000,75,452.239,17.8087,78.6873,0.241
466000000,37,236.263,13.2361,34.1151,0.259
467000000,49,280.765,17.5228,71.4366,0.263
468000000,32,187.597,33.1459,31.4895,0.247
469000000,26,150.946,-13.4727,24.3885,0.261815
470000000,41,239.897,13.5543,46.7742,0.242
471000000,44,271.913,54.1272,37.9441,0.235
472000000,40,238.832,40.6821,31.4879,0.2505
473000000,27,168.293,17.857,23.4851,0.253667
474000000,42,249.411,14.6368,29.8908,0.2395
475000000,38,229.291,15.5604,44.8485,0.2465
476000000,27,151.469,46.7957,33.8174,0.2355
477000000,41,244.339,17.1066,40.9563,0.239
478000000,47,266.92,16.7963,43.1963,0.268
479000000,43,262.501,32.4802,44.0746,0.263
480000000,28,172.849,26.625,23.0497,0.249
481000000,43,263.52,29.0548,42.695,0.2445
482000000,68,411.989,32.3108,68.1891,0.257
483000000,55,324.906,-2.0662,65.9409,0.268
484000000,55,333.688,33.1048,59.7753,0.204
485000000,58,350.558,47.3558,54.8534,0.232
486000000,39,235.074,-6.25631,30.5234,0.256
487000000,42,251.56,37.1652,38.9435,0.24
488000000,53,318.88,63.1946,47.8249,0.218
489000000,66,385.695,18.8656,68.8047,0.264
490000000,43,257.304,-1.16046,37.3012,0.241
491000000,38,219.55,0.89316,33.7883,0.267
492000000,63,390.819,43.0629,57.5449,0.23
493000000,57,352.055,52.605,59.3832,0.219
494000000,27,156.598,46.3728,22.2339,0.2335
495000000,31,190.255,30.6303,35.3867,0.232
496000000,46,282.941,35.0174,56.5901,0.234
497000000,37,213.756,38.8657,28.8427,0.245
498000000,43,263.448,23.7405,41.1872,0.265
499000000,36,206.666,40.9433,34.2671,0.235
500000000,47,276.886,21.9658,48.0392,0.2725
501000000,54,327.669,25.7176,58.7171,0.2525
502000000,24,137.688,-23.9037,26.1255,0.2675
503000000,38,222.052,36.3231,43.5711,0.2385
504000000,66,407.773,0.0936073,76.0408,0.247
505000000,43,240.162,28.819,49.2486,0.263
506000000,46,261.556,26.2298,38.121,0.237333
507000000,51,306.888,74.5459,41.8622,0.209
508000000,44,261.959,7.53467,37.941,0.25
509000000,58,347.588,75.1454,51.2322,0.244
510000000,46,285.467,47.036,47.4952,0.245
511000000,50,292.463,40.0598,59.9156,0.245
512000000,46,282.071,10.9798,41.2184,0.242
513000000,67,406.608,67.4741,61.205,0.219
514000000,51,316.102,2.54648,48.1543,0.265
515000000,47,280.518,30.0325,48.7414,0.272
516000000,32,185.949,-0.722165,41.4435,0.262
517000000,40,251.409,26.7977,40.0016,0.2485
518000000,37,225.732,20.2198,38.1732,0.257
519000000,69,426.186,-7.75259,75.6452,0.269
520000000,41,247.324,20.2889,36.1884,0.243
521000000,35,204.176,15.6332,40.0321,0.2475
522000000,50,303.281,24.0551,50.0844,0.232
523000000,45,268.141,-7.62868,40.3914,0.275333
524000000,54,320.519,26.6359,50.4493,0.25
525000000,43,261.946,79.375,43.4322,0.2465
526000000,36,220.911,24.7763,44.4069,0.26
527000000,27,152.654,29.4381,36.2509,0.2165
528000000,32,190.15,36.2416,30.2961,0.24
529000000,39,239.298,4.94167,42.6068,0.259
530000000,31,193.952,11.9751,43.1672,0.2665
531000000,53,314.772,10.6624,46.379,0.261
532000000,20,111.675,-13.9861,20.3782,0.254667
533000000,38,210.913,31.3706,45.5492,0.241667
534000000,43,256.048,-20.2687,42.4396,0.281
535000000,42,256.614,12.5706,38.7382,0.2665
536000000,50,296.614,42.1971,56.8148,0.243
537000000,66,394.726,17.3998,77.6187,0.249
538000000,62,367.597,30.2124,53.6871,0.276
539000000,51,304.809,-11.92,67.9292,0.263
540000000,40,245.037,9.74924,44.7204,0.2515
541000000,28,165.194,45.4465,24.3605,0.2455
542000000,54,329.431,44.1144,51.2752,0.26
543000000,30,179.823,27.744,21.6809,0.2555
544000000,62,371.753,-10.5512,51.9131,0.266
545000000,36,208.819,35.8843,37.6138,0.222
546000000,33,191.099,-25.5484,33.9804,0.270286
547000000,41,258.764,-7.09744,35.3312,0.2676
548000000,67,403.393,38.1193,58.8408,0.2375
549000000,50,304.413,-1.14815,49.7232,0.260333
550000000,53,314.442,23.6429,53.3157,0.2335
551000000,30,179.483,23.5318,28.368,0.2375
552000000,53,320.752,64.792,48.662,0.212
553000000,53,320.557,-2.55011,60.611,0.264
554000000,72,433.898,11.6963,65.9659,0.242
555000000,55,321.934,42.782,58.7043,0.246167
556000000,56,324.927,5.30429,53.5659,0.257
557000000,48,287.982,31.962,44.4505,0.228
558000000,44,248.398,3.27246,42.4026,0.2585
559000000,75,445.796,35.4567,78.4615,0.228333
560000000,57,336.778,28.0755,56.104,0.222
561000000,37,215.067,-3.15101,36.8206,0.262
562000000,36,218.787,4.08993,38.4296,0.2625
563000000,35,216.198,15.5166,24.9439,0.238
564000000,43,253.876,0.24692,33.4046,0.247
565000000,59,363.543,66.0641,48.517,0.242
566000000,36,218.453,8.04547,35.4268,0.2605
567000000,52,315.042,34.608,49.9975,0.256
568000000,46,276.47,22.109,48.6773,0.2395
569000000,49,276.358,3.94572,38.4427,0.2485
570000000,46,278.298,36.7677,47.4809,0.233
571000000,46,276.46,39.7156,50.8532,0.2405
572000000,44,244.047,18.7805,40.916,0.281
573000000,51,301.327,26.6531,58.1286,0.2475
574000000,82,507.038,39.7849,84.0108,0.229
575000000,77,441.693,77.7558,68.0976,0.234
576000000,44,249.518,31.8583,46.129,0.2445
577000000,26,158.117,-24.7578,35.8434,0.268
578000000,40,230.389,29.2115,31.146,0.249
579000000,42,257.744,23.747,38.4616,0.249
580000000,50,303.007,38.3971,58.2207,0.2265
581000000,49,289.268,34.4946,45.564,0.218
582000000,44,258.4,17.4266,48.7526,0.232
583000000,42,252.822,15.8329,38.7253,0.2435
584000000,57,339.285,17.9406,59.9749,0.254
585000000,62,368.08,-1.8459,64.5569,0.269
586000000,32,187.139,5.05539,31.3438,0.2485
587000000,63,363.801,72.7456,71.0944,0.225
588000000,41,237.7,52.0567,39.0581,0.245
589000000,28,156.15,-36.3574,28.8299,0.2595
590000000,34,195.039,56.6278,36.4599,0.247
591000000,66,391.246,34.7004,66.7535,0.2595
592000000,77,442.397,62.3846,76.8058,0.261
593000000,22,131.192,26.1242,14.3627,0.2445
594000000,28,175.197,6.18455,33.5297,0.2525
595000000,52,320.632,67.4982,43.551,0.207
596000000,45,254.895,32.8428,41.7863,0.248333
597000000,35,213.938,1.56133,29.1396,0.255
598000000,71,427.296,13.0301,69.825,0.248
599000000,42,249.119,30.9317,31.3687,0.222
600000000,81,465.791,41.6331,80.4792,0.26
601000000,27,160.502,34.0842,32.6594,0.228
602000000,32,192.478,20.4839,33.1809,0.261
603000000,43,251.301,39.2966,42.9365,0.238
604000000,44,260.136,8.82292,32.7891,0.247
605000000,37,230.537,-5.64403,37.1199,0.2685
606000000,22,124.34,26.4028,21.4564,0.2255
607000000,26,149.086,5.85085,17.5156,0.237333
608000000,30,174.291,17.468,20.9099,0.2525
609000000,50,304.989,57.0219,48.5153,0.249
610000000,64,400.397,57.2669,57.0321,0.258
611000000,46,265.309,18.441,46.4487,0.238
612000000,34,193.293,12.0287,42.3648,0.264
613000000,63,375.558,20.3927,57.6795,0.23
614000000,29,186.716,3.47637,28.5274,0.251
615000000,25,147.193,2.24751,29.1605,0.2605
616000000,36,222.667,24.9233,32.3875,0.2255
617000000,35,210.006,-13.7456,35.3902,0.2535
618000000,38,223.385,67.3339,42.3786,0.2105
619000000,45,277.093,30.8779,43.9999,0.266
620000000,50,294.769,21.89,56.1811,0.247
621000000,50,298.193,34.7947,64.7043,0.2275
622000000,26,161.612,6.1613,28.1017,0.2535
623000000,77,471.473,25.4776,82.3905,0.237
624000000,22,123.007,18.7269,32.1882,0.259
625000000,21,131.301,27.7225,13.5831,0.231
626000000,66,416.159,70.1159,64.4391,0.239
627000000,26,150.838,40.0624,30.6055,0.2315
628000000,39,232.287,42.8214,36.0151,0.257
629000000,44,266.578,29.4148,46.415,0.239
630000000,36,217.206,26.0621,29.6371,0.2445
631000000,51,312.897,22.0899,35.4397,0.262
632000000,44,270.089,31.0367,51.8336,0.22275
633000000,77,455.427,42.0846,80.9545,0.224
634000000,31,180.188,11.1233,31.3844,0.247
635000000,34,207.555,33.4212,31.7172,0.2365
636000000,38,228.463,17.909,39.0896,0.2535
637000000,42,248.401,15.373,44.4152,0.2435
638000000,36,223.089,20.6614,32.9296,0.281
639000000,29,174.816,21.0191,31.8045,0.2574
640000000,48,286.776,49.7383,50.0006,0.224
641000000,31,193.406,4.87044,28.5458,0.258556
642000000,41,246.267,59.8125,41.7722,0.237
643000000,44,279.647,20.0647,39.3626,0.254
644000000,56,345.097,52.1618,47.2209,0.255
645000000,30,183.491,2.82737,26.8052,0.269
646000000,57,348.558,-23.0037,62.4543,0.269
647000000,12,63.0985,6.47333,15.2195,0.254667
648000000,45,264.656,-34.5894,54.0039,0.272
649000000,28,173.537,28.9487,32.229,0.226
650000000,30,188.394,-9.66204,26.9353,0.251
651000000,49,297.611,20.9187,59.4172,0.25325
652000000,22,137.036,23.8598,18.4059,0.2503
653000000,32,199.291,49.3914,32.1378,0.226
654000000,52,315.96,29.2683,50.845,0.25
655000000,55,346.747,52.197,56.3515,0.253
656000000,50,295.034,38.0285,47.1191,0.2392
657000000,33,190.618,-41.5022,31.0971,0.2945
658000000,56,325.124,40.0402,52.2525,0.263
659000000,57,352,36.0521,48.2523,0.243
660000000,31,183.36,14.2882,34.238,0.242
661000000,48,288.937,6.10469,43.0234,0.257
662000000,44,248.477,57.6185,45.0243,0.237
663000000,46,270.038,62.3431,36.7187,0.25
664000000,46,269.974,0.601638,42.3953,0.2605
665000000,50,308.388,38.7276,58.0502,0.264
666000000,42,250.43,43.9145,47.8319,0.234
667000000,92,560.521,32.3599,84.8779,0.24
668000000,37,216.565,30.1307,32.7783,0.253
669000000,51,300.088,10.9562,50.2142,0.253
670000000,57,347.547,16.3138,53.4389,0.251
671000000,43,262.999,-6.96887,35.2949,0.2545
672000000,33,201.446,51.5208,26.7584,0.247
673000000,36,208.966,15.6557,37.3369,0.242
674000000,57,327.217,50.1085,52.9921,0.2395
675000000,53,303.649,14.7035,75.7069,0.256
676000000,30,185.506,35.8946,37.2309,0.2415
677000000,66,398.867,33.2965,55.7999,0.264
678000000,33,201.12,-34.1017,33.4109,0.268333
679000000,63,383.256,43.5377,57.2,0.257
680000000,39,231.613,-18.0742,40.2687,0.247
681000000,46,281.027,4.76126,40.9703,0.275
682000000,31,198.519,1.12329,32.3309,0.261
683000000,29,172.259,43.2843,30.6814,0.238
684000000,38,222.636,-14.465,39.1943,0.265
685000000,45,271.836,6.32193,44.1152,0.2595
686000000,44,259.139,26.9232,53.481,0.2335
687000000,16,95.0385,3.35741,20.0781,0.241
688000000,72,407.171,17.4405,58.2607,0.24
689000000,26,158.606,31.0671,37.4486,0.266
690000000,58,337.113,-5.81463,52.6029,0.259
691000000,34,212.132,12.5548,45.8064,0.243
692000000,30,175.448,63.9483,27.4855,0.229
693000000,35,203.909,-11.0417,44.084,0.2615
694000000,49,287.732,77.7559,53.1576,0.22775
695000000,42,240.761,36.0794,44.59,0.2705
696000000,43,260.766,17.6073,43.9178,0.2595
697000000,49,297.356,91.9406,48.8105,0.209
698000000,48,290.27,35.8135,53.2566,0.2535
699000000,44,257.926,36.6696,42.8316,0.229
700000000,54,332.073,15.0081,54.0167,0.258
701000000,54,321.094,40.1756,69.4598,0.2355
702000000,45,259.006,16.1713,52.5554,0.239
703000000,39,224.45,61.6095,30.2234,0.2445
704000000,40,223.808,51.6799,53.4478,0.2185
705000000,47,286.962,2.63308,64.8496,0.256
706000000,16,92.5164,16.2536,25.038,0.2665
707000000,51,306.105,17.0821,54.693,0.236
708000000,39,227.044,18.0321,58.535,0.26625
709000000,54,315.514,17.3572,63.7943,0.257
710000000,34,203.705,20.1342,29.9018,0.2415
711000000,49,281.092,25.5246,64.8724,0.237
712000000,42,244.039,8.20165,41.0247,0.2595
713000000,47,292.345,13.9629,52.559,0.218
714000000,57,349.853,42.772,63.9988,0.266
715000000,56,348.361,42.5987,53.3168,0.2415
716000000,31,174.004,13.8178,19.4063,0.25425
717000000,44,259.017,48.5725,50.549,0.2485
718000000,40,233.727,23.5624,38.7081,0.2505
719000000,58,350.543,26.4322,70.8849,0.259
720000000,23,131.867,-15.8753,15.3413,0.2695
721000000,26,164.289,-18.0043,30.7387,0.2395
722000000,54,322.605,79.7896,52.5177,0.242
723000000,55,346.519,44.5804,57.44,0.25
724000000,25,141.505,-14.5085,23.6164,0.254
725000000,24,142.602,-33.6734,22.3557,0.273
726000000,51,297.263,34.9559,39.9689,0.231
727000000,79,460.109,66.2407,75.4256,0.227
728000000,45,269.641,24.8025,49.732,0.2485
729000000,48,297.438,25.9863,46.495,0.2585
730000000,40,233.45,14.5541,47.2977,0.245
731000000,55,309.599,30.2847,64.8957,0.267
732000000,26,160.748,47.5961,25.6401,0.2285
733000000,32,190.508,-20.3715,38.1103,0.253571
734000000,50,292.543,0.789664,54.3883,0.267667
735000000,47,271.721,69.8226,45.0559,0.233
736000000,25,155.5,33.78,28.2605,0.2375
737000000,65,401.288,7.55998,57.0763,0.26
738000000,63,389.901,-26.5977,61.6581,0.292
739000000,49,294.963,24.987,49.2577,0.25
740000000,46,273.252,8.18701,50.6624,0.247
741000000,39,226.358,2.58427,34.6721,0.255
742000000,45,274.662,53.0845,54.6601,0.2315
743000000,46,279.226,43.8743,56.8319,0.23
744000000,21,123.595,18.4302,14.1804,0.2475
745000000,36,234.49,35.8252,39.6665,0.2355
746000000,52,315.426,-19.5883,55.8936,0.2625
747000000,28,163.45,43.1139,36.3497,0.2315
748000000,13,82,12.3487,15.4348,0.2444
749000000,44,260.065,28.9639,43.6724,0.2405
750000000,34,205.053,-5.84882,33.0612,0.272667
751000000,36,222.21,33.0601,32.4003,0.252333
752000000,28,170.07,66.6258,26.8964,0.2225
753000000,45,269.288,9.23175,53.1852,0.2545
754000000,41,250.03,23.0458,39.9064,0.245
755000000,26,147.491,44.8619,25.6702,0.2215
756000000,46,259.469,23.5335,39.6711,0.2635
757000000,45,275.187,23.6018,42.0793,0.2495
758000000,54,325.069,23.7215,58.6384,0.2425
759000000,79,474.684,50.2161,79.601,0.221
760000000,13,64.6954,-11.5891,12.0686,0.256667
761000000,76,468.736,54.0217,90.9349,0.248
762000000,35,210.666,6.42628,24.2288,0.245
763000000,44,267.745,-27.1487,41.1415,0.265
764000000,30,182.572,15.4567,31.2753,0.264
765000000,42,253.138,1.24679,51.2696,0.2745
766000000,42,243.392,47.6447,42.7015,0.223
767000000,35,212.09,16.8042,34.22,0.223667
768000000,32,191.172,50.9402,37.8038,0.2425
769000000,43,261.77,0.176652,36.0644,0.257
770000000,36,204.115,-4.65271,32.3869,0.248
771000000,77,443.999,18.8266,84.3215,0.256
772000000,37,224.208,45.0756,47.9702,0.2255
773000000,51,315.417,3.68552,53.1911,0.26
774000000,77,458.291,19.8907,85.0703,0.256
775000000,44,257.533,41.8388,42.5329,0.235
776000000,44,259.81,3.61535,39.5887,0.265
777000000,46,258.433,30.692,53.0436,0.2335
778000000,40,222.941,-13.7845,35.0622,0.267
779000000,64,393.276,38.9098,67.1533,0.254
780000000,58,335.908,43.258,62.0044,0.2495
781000000,52,315.884,37.2098,55.7831,0.2555
782000000,29,172.981,12.2206,34.3299,0.2585
783000000,15,95.5886,7.58534,19.3756,0.229333
784000000,57,352.283,26.4494,54.389,0.236
785000000,30,183.018,4.69443,30.7337,0.2445
786000000,30,168.572,31.2299,19.1275,0.257333
787000000,35,217.107,-4.96918,40.2194,0.2605
788000000,39,244.981,-51.3752,38.3891,0.292
789000000,49,284.984,47.3824,59.9783,0.248
790000000,27,159.914,2.74796,30.5245,0.246667
791000000,27,169.026,23.7596,21.8909,0.238
792000000,24,145.411,-14.8098,29.2349,0.251667
793000000,58,359.609,56.4404,64.4339,0.222
794000000,40,240.717,79.932,32.6944,0.2185
795000000,79,489.525,45.6421,79.6706,0.237
796000000,39,229.699,48.8163,35.4911,0.218
797000000,66,392.427,-11.4105,72.819,0.247
798000000,72,431.096,17.0192,76.0914,0.252
799000000,45,261.845,10.1146,38.5962,0.27
800000000,48,288.519,21.7549,48.6195,0.238
801000000,60,375.011,18.3265,63.3091,0.237
802000000,40,228.516,0.466091,45.7245,0.248
803000000,38,230.11,38.4967,34.2692,0.2485
804000000,44,272.375,-3.42511,39.1977,0.289
805000000,44,260.361,15.0064,42.5504,0.237
806000000,65,379.016,27.3754,64.8824,0.258
807000000,38,220.958,13.9938,43.7248,0.2365
808000000,41,244.744,51.0907,34.5513,0.2495
809000000,73,437.815,4.03201,89.5026,0.2455
810000000,46,281.024,28.96,48.1279,0.27
811000000,65,384.409,14.1601,81.4018,0.249
812000000,57,338.149,15.724,54.3211,0.269
813000000,44,249.476,34.3302,49.7781,0.238
814000000,75,457.101,7.1391,81.3005,0.251
815000000,40,243.363,25.187,51.6458,0.258
816000000,47,300.082,20.5547,50.4228,0.245
817000000,33,198.672,-11.4872,42.914,0.255667
818000000,21,116.983,27.6047,23.2718,0.25
819000000,37,216.058,49.2976,34.5822,0.201
820000000,42,259.898,27.9763,47.7532,0.263
821000000,43,242.097,53.7979,28.8124,0.229
822000000,53,319.485,60.0866,50.667,0.211
823000000,56,334.632,-2.08922,52.4517,0.25075
824000000,60,359.497,51.4221,59.5629,0.218
825000000,48,271.703,13.8799,51.8231,0.227
826000000,59,365.273,40.087,64.5663,0.223
827000000,67,381.554,63.014,80.2528,0.23
828000000,21,113.916,6.6251,17.9208,0.2445
829000000,36,207.821,-9.03822,37.9968,0.2555
830000000,23,146.703,0.152088,20.4759,0.2465
831000000,45,277.28,-11.1289,47.4324,0.26875
832000000,65,389.824,4.88043,67.4738,0.2685
833000000,80,455.579,53.0405,79.447,0.2355
834000000,42,256.281,-12.0257,40.5163,0.277
835000000,34,199.87,15.7046,37.1089,0.244
836000000,35,212.325,18.0201,34.671,0.2445
837000000,63,380.361,83.3959,70.0897,0.227
838000000,24,145.469,13.3375,19.531,0.257
839000000,54,320.698,56.5883,47.1428,0.231
840000000,54,328.097,9.03512,54.1028,0.271
841000000,41,242.804,-1.13788,36.3699,0.232
842000000,57,352.307,14.145,52.0158,0.232
843000000,71,426.447,5.17642,61.5301,0.26
844000000,43,258.968,53.638,43.4889,0.2445
845000000,37,220.624,0.625055,43.3774,0.242
846000000,46,283.086,36.7575,40.7419,0.246
847000000,48,282.838,37.7479,59.144,0.241
848000000,16,100.052,8.19779,19.835,0.2535
849000000,36,203.449,37.8571,39.6799,0.238
850000000,37,209.183,20.1251,45.0945,0.243
851000000,44,268.184,66.8934,47.2576,0.248
852000000,34,207.883,-5.47225,32.4117,0.251
853000000,46,268.651,25.2935,46.0623,0.274
854000000,29,175.564,38.2218,38.2494,0.237
855000000,54,312.961,19.8712,52.8151,0.257
856000000,66,392.277,44.2007,88.0222,0.259
857000000,25,144.761,0.727935,24.1227,0.265333
858000000,30,178.719,17.9307,38.0925,0.2425
859000000,46,268.071,53.3478,41.405,0.245
860000000,59,352.895,21.6033,62.3274,0.25
861000000,70,430.746,67.1213,55.6368,0.235
862000000,37,218.212,37.6915,31.7117,0.26
863000000,30,182.829,9.09377,30.1578,0.254
864000000,52,315.921,36.6614,54.872,0.221
865000000,68,400.531,-1.36948,69.5392,0.253
866000000,39,226.984,47.7459,35.4271,0.24
867000000,51,305.122,32.586,52.1186,0.25
868000000,57,347.475,16.4931,69.9794,0.227
869000000,51,299.132,2.66005,45.7685,0.2595
870000000,42,254.506,-1.62779,39.8284,0.266
871000000,25,154.229,34.7703,25.7076,0.246333
872000000,48,296.914,16.3055,50.2576,0.232
873000000,68,414.209,5.86166,61.4196,0.2555
874000000,30,180.775,56.2857,24.4886,0.246
875000000,47,281.403,16.8124,56.7906,0.219
876000000,42,251.079,17.9614,47.8373,0.255
877000000,57,333.011,53.0834,52.8531,0.265
878000000,34,199.669,-13.9947,48.0002,0.260714
879000000,55,336.544,37.8695,53.7413,0.225
880000000,41,249.447,35.0882,46.8944,0.247
881000000,42,240.418,21.0101,47.8746,0.264
882000000,57,333.994,45.5011,70.7418,0.227
883000000,51,302.014,4.31867,44.9811,0.2605
884000000,50,285.256,47.4861,57.2865,0.265
885000000,25,142,6.24759,23.0371,0.2535
886000000,28,167.821,25.034,24.4006,0.261
887000000,52,300.203,-3.34096,58.0603,0.2525
888000000,27,152.004,9.38327,33.4552,0.254667
889000000,81,492.326,42.5954,82.8986,0.251
890000000,35,218.034,31.5918,33.1809,0.257
891000000,44,272.243,11.0091,43.9578,0.25
892000000,38,216.11,52.8747,27.2349,0.21
893000000,37,221.963,63.1875,48.6037,0.2475
894000000,60,359.942,19.2091,57.6216,0.252
895000000,50,298.989,29.5332,53.7538,0.229
896000000,49,279.221,23.9905,41.7303,0.247
897000000,69,402.966,-16.5681,78.2444,0.254
898000000,26,159.867,24.5339,34.6794,0.238
899000000,32,199.582,39.0934,37.5266,0.2425
900000000,66,396.303,74.5963,65.5664,0.23
901000000,47,285.021,31.2941,37.6581,0.256
902000000,70,412.265,38.9061,63.2495,0.223
903000000,43,246.546,11.4733,47.4374,0.2584
904000000,12,75.1209,-5.52008,12.465,0.2515
905000000,69,397.331,26.8923,80.5062,0.229
906000000,54,329.572,12.4009,53.5039,0.263
907000000,33,204.267,8.221,31.2021,0.244
908000000,47,279.572,25.3766,48.0281,0.258667
909000000,64,393.603,68.8357,71.7597,0.22
910000000,66,399.479,20.6414,59.3337,0.234
911000000,28,171.068,24.2633,24.0372,0.268
912000000,31,181.152,-18.3897,26.0404,0.2805
913000000,50,289.001,43.2203,48.7082,0.262
914000000,30,170.375,-17.2785,32.2405,0.263
915000000,30,183.322,1.45557,36.6891,0.25175
916000000,45,273.605,-26.591,34.0211,0.269
917000000,28,172.466,10.0216,38.7051,0.2435
918000000,41,239.076,46.2663,38.9992,0.241
919000000,30,185.339,50.1403,33.2508,0.241
920000000,38,223.713,36.2575,36.7251,0.263
921000000,57,332.32,59.7326,47.7055,0.218
922000000,59,356.744,13.9486,68.9986,0.252
923000000,26,161.746,23.3522,28.1042,0.249
924000000,52,312.086,11.6596,52.7073,0.24825
925000000,47,280.573,44.1166,41.3571,0.232
926000000,49,289.403,15.2474,59.363,0.2365
927000000,42,259.16,10.7863,37.9826,0.257
928000000,45,272.857,-14.0147,52.1603,0.278
929000000,22,120.118,-12.2821,29.1841,0.222667
930000000,92,543.791,24.3989,87.4869,0.259
931000000,39,235.477,8.32845,37.1664,0.265
932000000,31,184.808,1.67937,29.9085,0.258324
933000000,44,257.082,12.7748,34.6225,0.2435
934000000,76,453.342,28.0267,84.8375,0.242
935000000,51,308.156,20.9514,42.4944,0.256
936000000,74,439.866,66.0914,81.5982,0.221
937000000,67,392.881,73.3767,69.2371,0.2425
938000000,19,119.063,20.2808,26.3509,0.254
939000000,39,220.775,48.0317,44.8879,0.252
940000000,59,349.547,30.7679,51.9724,0.221
941000000,53,314.949,35.3863,53.1265,0.248
942000000,35,209.783,10.5583,35.7838,0.26
943000000,60,362.727,3.90306,58.1092,0.255
944000000,21,123.403,-7.69806,14.2808,0.264667
945000000,40,224.847,21.5069,45.1829,0.236
946000000,56,322.017,9.1592,55.3605,0.2665
947000000,50,312.29,64.6796,64.2119,0.256
948000000,44,268.49,30.2184,41.7731,0.267
949000000,34,193.508,16.1268,28.5245,0.2554
950000000,79,465.207,27.5039,68.7621,0.24
951000000,38,225.144,-11.1388,29.8794,0.26375
952000000,26,158.376,0.517797,23.3154,0.2685
953000000,35,217.419,32.3149,32.4879,0.2635
954000000,42,248.511,32.008,42.5803,0.265
955000000,42,255.72,-24.3727,44.2522,0.2625
956000000,28,167.676,13.7015,23.2519,0.273
957000000,33,198.952,14.1916,43.9099,0.2497
958000000,35,198.593,-28.9058,28.6897,0.2765
959000000,39,221.174,9.6323,40.1424,0.2535
960000000,63,377.375,44.6291,68.3347,0.255
961000000,49,303.236,29.2547,53.0462,0.2405
962000000,39,234.914,16.8449,38.2752,0.224
963000000,54,312.416,16.9308,51.2905,0.265
964000000,44,262.845,10.6302,49.0935,0.243667
965000000,60,366.005,44.5632,57.4997,0.266
966000000,53,320.409,38.8136,52.2492,0.286
967000000,33,200.858,3.43045,30.3774,0.254818
968000000,37,220.57,45.5226,50.5076,0.23
969000000,44,259.278,35.5633,43.2816,0.2405
970000000,29,177.827,47.1079,32.2044,0.2325
971000000,36,211.454,6.33841,36.5641,0.266
972000000,37,219.877,30.3439,41.688,0.251
973000000,26,150.866,-8.23476,25.1042,0.2525
974000000,44,261.576,11.1825,44.9759,0.288
975000000,47,275.34,21.7151,50.2085,0.284
976000000,40,234.69,1.51616,41.1054,0.259
977000000,45,270.417,40.516,51.0946,0.27
978000000,40,225.509,44.6655,40.3935,0.227
979000000,38,233.966,17.5496,35.3888,0.2635
980000000,43,263.07,35.0906,45.3249,0.2365
981000000,31,187.943,42.3421,30.8733,0.257
982000000,31,191.737,11.3776,33.7285,0.247667
983000000,57,325.94,13.9308,50.8291,0.241
984000000,61,363.363,16.3095,55.1947,0.259
985000000,40,245.629,28.5088,41.5344,0.256
986000000,43,264.329,50.6835,41.798,0.261
987000000,51,302.443,36.7549,40.6077,0.2575
988000000,20,126.246,-8.26685,26.4444,0.2685
989000000,25,151.293,-18.2891,23.4114,0.2485
990000000,48,307.43,28.4426,47.4938,0.237
991000000,26,148.434,16.7211,27.0027,0.233
992000000,34,198.175,43.4923,30.2582,0.2535
993000000,43,263.463,11.8361,43.0992,0.259
994000000,33,200.034,65.1541,29.8343,0.226
995000000,25,150.302,21.9914,28.2166,0.2472
996000000,42,256.074,12.9753,48.5053,0.24975
997000000,61,352.973,37.544,57.4213,0.2625
998000000,37,227.979,15.6555,34.5313,0.2515
999000000,62,376.364,64.8051,66.6453,0.234
