generation,N_shifts,logPrior,logLik,eventRate,acceptRate
0,0,-7.45043,-777.641,200,0
1000000,46,263.33,91.4314,48.0299,0.2275
2000000,66,405.605,40.6293,65.3299,0.26
3000000,35,207.363,26.0804,36.4216,0.2415
4000000,28,167.547,-14.2995,25.9766,0.2515
5000000,56,326.241,17.901,61.5077,0.234
6000000,28,170.04,14.0343,28.6486,0.247778
7000000,39,229.072,-6.38542,37.6794,0.2675
8000000,74,439.761,63.6676,72.0849,0.233
9000000,39,235.23,52.0768,44.1573,0.243
10000000,31,192.038,31.9582,30.1278,0.253
11000000,34,198.856,16.0573,34.645,0.2385
12000000,46,275.919,17.2597,46.2354,0.261
13000000,43,256.116,29.7231,50.1357,0.2345
14000000,36,215.298,10.9833,40.9682,0.229
15000000,26,153.895,30.488,37.7045,0.238
16000000,24,142.809,29.3431,24.2173,0.2506
17000000,32,185.077,57.1388,41.4212,0.203
18000000,22,131.833,-16.7063,27.4063,0.249667
19000000,41,254.298,46.2397,41.7929,0.242
20000000,23,142.499,6.58903,15.8633,0.249
21000000,53,318.866,-33.7259,44.0742,0.282
22000000,41,255.998,5.04984,43.6516,0.253667
23000000,33,201.418,-11.1588,32.9009,0.248
24000000,22,130.905,-22.2885,29.3846,0.257833
25000000,67,402.155,45.3417,63.9819,0.2375
26000000,46,286.157,55.9163,49.7957,0.2435
27000000,36,214.317,26.0898,31.061,0.244
28000000,38,222.015,-27.7509,42.1412,0.2685
29000000,38,234.198,2.50615,27.5758,0.2715
30000000,64,379.537,34.5426,70.5371,0.23
31000000,44,268.091,22.0805,40.2712,0.2505
32000000,43,258.677,45.1112,40.8856,0.225
33000000,33,203.407,18.7655,30.9617,0.2435
34000000,38,224.604,42.1871,37.2987,0.2465
35000000,46,288.085,31.6832,45.9632,0.2535
36000000,90,521.512,13.7335,93.3531,0.239
37000000,42,254.968,19.1556,47.0962,0.228
38000000,40,242.409,45.2749,35.673,0.2145
39000000,35,211.772,27.8004,37.8227,0.228
40000000,28,166.444,50.1716,30.9371,0.2295
41000000,24,141.651,4.01355,28.0582,0.257
42000000,44,262.498,40.7414,40.7211,0.225
43000000,76,466.726,18.0562,72.4808,0.236
44000000,43,266.762,54.7989,50.7192,0.236
45000000,50,302.534,67.0589,40.8745,0.217
46000000,17,89.0164,23.3664,16.4449,0.238667
47000000,28,172.523,45.6315,38.6761,0.211
48000000,47,272.614,17.6632,38.9239,0.25
49000000,35,199.019,2.37103,28.0107,0.257
50000000,58,351.612,65.7431,55.4864,0.236
51000000,39,227.854,12.186,39.4457,0.256
52000000,49,298.193,35.306,47.4857,0.257
53000000,49,284.223,48.3068,61.0238,0.27
54000000,28,169.955,23.1009,25.3669,0.2435
55000000,28,163.792,11.8294,27.656,0.26
56000000,26,151.308,-2.20737,34.8724,0.2595
57000000,76,460.321,38.1303,80.0008,0.261
58000000,29,174.849,-7.61377,23.952,0.257
59000000,37,221.994,6.14281,34.8955,0.262
60000000,28,171.992,-5.94748,26.144,0.2545
61000000,47,285.431,18.7715,43.2955,0.243
62000000,32,196.763,22.878,26.1226,0.2475
63000000,51,301.454,48.3585,61.2002,0.236
64000000,47,274.162,1.04387,51.8726,0.2495
65000000,30,173.001,29.1872,27.5268,0.26
66000000,58,355.055,57.7414,54.0404,0.204
67000000,55,334.14,4.50685,40.5364,0.2495
68000000,45,274.099,28.9323,43.8262,0.245
69000000,39,252.102,56.4025,32.8764,0.256
70000000,34,198.924,31.5235,42.3913,0.2295
71000000,56,324.773,11.9413,51.9686,0.257
72000000,57,351.739,22.4493,58.8979,0.246
73000000,69,409.794,27.3532,72.9037,0.246
74000000,44,270.039,65.8647,51.0409,0.231
75000000,38,214.971,47.0034,43.3432,0.261
76000000,55,304.824,25.9876,59.7141,0.226
77000000,57,333.36,49.7749,56.0313,0.235
78000000,58,351.209,52.4614,65.5225,0.2475
79000000,36,215.78,61.1898,43.0779,0.2115
80000000,37,224.265,0.93214,37.7658,0.2515
81000000,37,225.403,48.7301,32.1204,0.241
82000000,54,324.622,85.561,67.4464,0.234
83000000,70,405.014,27.9371,75.899,0.255
84000000,50,300.626,47.6502,46.8972,0.257
85000000,38,218.657,46.3118,51.8117,0.2385
86000000,42,250.679,27.2081,37.0924,0.238
87000000,37,222.236,34.3562,38.1568,0.256
88000000,35,206.797,22.9247,41.6106,0.24
89000000,68,389.09,16.4368,73.7726,0.258
90000000,60,358.881,14.4616,65.1025,0.2585
91000000,32,199.597,25.7667,29.3646,0.268
92000000,42,253.556,36.8165,47.4967,0.234
93000000,35,207.202,33.7389,39.5784,0.2545
94000000,46,277.419,9.47257,34.1661,0.259
95000000,26,149.089,-6.57315,23.7585,0.2445
96000000,54,333.095,41.5966,55.6614,0.2475
97000000,49,288.671,13.0173,60.5571,0.256
98000000,49,289.07,39.4067,56.0751,0.23
99000000,40,241.035,29.676,32.0795,0.2415
100000000,26,139.227,32.3512,27.6404,0.223
101000000,66,393.712,47.4932,58.8039,0.245
102000000,32,183.012,43.4091,32.1007,0.2205
103000000,49,292.641,43.7152,64.539,0.238333
104000000,37,224.178,21.4761,32.3241,0.2525
105000000,40,232.284,30.2925,33.5314,0.2415
106000000,35,210.211,46.6212,43.5719,0.217
107000000,25,149.089,22.1436,22.3771,0.242333
108000000,33,203.55,40.3118,34.8144,0.231
109000000,65,393.369,64.9778,63.1713,0.242
110000000,36,223.863,14.0695,43.4769,0.242
111000000,29,176.216,-0.648639,27.2183,0.263455
112000000,49,285.081,46.546,57.0915,0.262
113000000,38,232.123,26.8148,40.4411,0.2535
114000000,62,383.494,36.4986,72.5791,0.264
115000000,28,166.282,53.6613,24.6311,0.232
116000000,57,338.679,35.6684,58.5543,0.254
117000000,58,343.672,35.0919,53.8912,0.2545
118000000,42,249.292,31.3732,47.122,0.2525
119000000,58,329.59,34.8332,65.3794,0.2305
120000000,26,165.318,33.0322,23.9259,0.2445
121000000,28,168.353,-0.748617,37.9411,0.2215
122000000,37,211.036,52.905,44.359,0.235
123000000,29,170.202,39.5059,31.6516,0.237
124000000,35,204.267,57.9956,31.931,0.229
125000000,64,405.027,75.7413,66.1969,0.209
126000000,34,210.232,23.237,28.1819,0.244
127000000,46,284.426,73.967,48.2896,0.224
128000000,34,200.703,18.6981,26.4645,0.246
129000000,54,320.827,74.5158,64.7378,0.232
130000000,35,203.207,34.0742,35.7708,0.247
131000000,28,177.859,4.41627,23.1462,0.2465
132000000,15,94.4006,-11.392,17.5828,0.2466
133000000,42,252.201,31.1438,38.4958,0.2545
134000000,31,184.841,34.0545,28.3421,0.2285
135000000,52,308.926,5.05717,56.465,0.236
136000000,51,298.178,10.2441,53.3685,0.25
137000000,29,173.303,-3.60689,28.5779,0.25
138000000,45,264.61,30.0276,46.8633,0.240667
139000000,50,306.772,28.3129,42.4163,0.219
140000000,42,237.833,36.3819,42.8882,0.2435
141000000,49,302.251,73.6181,40.7277,0.193
142000000,27,151.796,59.3008,29.7537,0.2265
143000000,37,224.399,39.792,35.1278,0.236
144000000,46,281.078,40.8158,47.9961,0.22575
145000000,33,183.279,30.0337,22.2375,0.2635
146000000,59,336.387,-12.778,63.1293,0.248
147000000,27,156.052,2.579,21.7569,0.2375
148000000,79,489.04,37.4681,70.8889,0.2535
149000000,34,208.168,53.3979,41.3527,0.244
150000000,32,189.954,29.781,27.2233,0.254
151000000,48,287.515,43.0159,39.697,0.226
152000000,76,463.009,20.0313,69.0573,0.281
153000000,81,474.856,47.5838,79.7573,0.275
154000000,41,231.265,54.1359,34.5928,0.232
155000000,25,156.203,33.8468,34.0047,0.245
156000000,45,263.528,21.3145,41.1603,0.245
157000000,32,200.392,69.8651,39.6619,0.232
158000000,61,374.154,31.2701,63.4826,0.257
159000000,49,285.342,36.1742,35.2093,0.242667
160000000,61,351.004,81.3434,58.9254,0.2395
161000000,34,194.777,43.3138,40.0336,0.264
162000000,32,199.864,-11.5058,28.6982,0.2725
163000000,76,448.313,42.8983,67.3371,0.255
164000000,61,349.323,30.6174,70.4005,0.242
165000000,28,169.787,12.735,24.665,0.251667
166000000,51,299.492,43.9624,50.2123,0.225
167000000,32,188.602,2.4836,35.0516,0.253
168000000,45,258.019,21.8183,43.6635,0.239
169000000,34,195.503,-3.74863,39.4262,0.2555
170000000,30,178.938,24.8194,23.3379,0.222
171000000,45,269.611,18.0793,56.343,0.232
172000000,52,319.583,4.82799,50.7261,0.2675
173000000,38,234.113,50.1941,39.676,0.2485
174000000,31,185.107,3.26316,41.3239,0.262
175000000,66,399.132,73.8735,66.801,0.238
176000000,52,304.805,50.1607,47.0874,0.2325
177000000,24,148.751,4.35664,26.1995,0.2539
178000000,66,387.004,24.2199,66.5776,0.256
179000000,54,323.106,37.1393,48.078,0.228
180000000,55,332.67,12.4489,57.2154,0.276
181000000,38,223.905,46.7951,47.0913,0.2335
182000000,28,168.266,-4.9449,25.8304,0.245
183000000,46,273.752,61.7582,60.4239,0.206
184000000,93,563.261,6.36998,100.345,0.24
185000000,20,125.114,-27.0728,20.6265,0.2585
186000000,46,271.775,48.4453,40.2174,0.244
187000000,35,198.649,49.5272,50.4122,0.235667
188000000,51,298.589,31.3423,49.7811,0.243
189000000,26,151.849,22.5808,18.0743,0.237
190000000,36,218.357,3.94029,30.5908,0.265
191000000,24,149.187,23.5129,31.3491,0.24225
192000000,28,169.35,34.1865,40.7846,0.2305
193000000,53,322.548,-5.90752,45.633,0.2535
194000000,45,263.491,50.4504,41.3936,0.2365
195000000,19,114.726,33.3344,21.3322,0.219
196000000,22,143.667,-4.85511,28.4065,0.253667
197000000,45,267.615,41.7379,38.3903,0.256
198000000,31,180.388,13.1429,36.7195,0.2355
199000000,26,158.37,14.6376,25.0618,0.2385
200000000,21,127.032,22.7761,18.5481,0.236
201000000,59,349.33,63.6172,51.8953,0.245
202000000,47,287.155,42.2256,44.0598,0.224
203000000,60,360.026,51.799,74.1085,0.218
204000000,58,345.468,9.21464,65.2424,0.271
205000000,29,166.022,12.721,26.1172,0.25525
206000000,42,253.122,51.398,39.4929,0.2385
207000000,40,244.188,29.2238,43.6808,0.24
208000000,50,301.693,39.3503,61.4821,0.227
209000000,41,239.104,34.5863,44.4858,0.2675
210000000,35,203.575,-1.89381,25.034,0.2625
211000000,48,289.841,19.7021,48.8203,0.254
212000000,64,376.197,28.9731,60.7352,0.24
213000000,27,156.52,44.4301,29.158,0.234
214000000,43,252.502,49.6981,41.8988,0.226
215000000,32,199.406,21.9657,33.9616,0.233
216000000,39,224.263,15.1653,43.7776,0.253
217000000,70,425.1,26.8881,86.9587,0.245
218000000,37,209.454,20.432,47.2077,0.225
219000000,59,348.545,14.882,62.3251,0.263
220000000,39,238.38,25.6982,33.756,0.2615
221000000,38,233.546,46.4826,48.6182,0.237
222000000,40,242.699,44.1734,30.2613,0.232
223000000,30,183.995,-3.32509,35.3313,0.261667
224000000,48,287.558,32.1268,59.708,0.235
225000000,21,123.566,16.5256,21.3995,0.251
226000000,51,290.621,27.0785,39.6905,0.242
227000000,53,323.96,56.9348,54.3929,0.2255
228000000,57,353.721,45.3626,57.5536,0.22
229000000,41,250.459,10.041,40.9712,0.2475
230000000,31,181.786,22.0457,29.2315,0.229
231000000,46,271.345,10.8435,43.318,0.243
232000000,60,389.794,12.8585,62.6465,0.255
233000000,30,163.078,30.8954,35.4993,0.236333
234000000,86,502.911,27.3644,96.4789,0.242
235000000,28,162.075,-3.98392,29.2555,0.257
236000000,48,307.657,36.0358,58.3053,0.225
237000000,33,209.815,32.9605,32.5014,0.255882
238000000,33,197.523,13.385,44.1374,0.242941
239000000,69,423.337,68.2778,68.2003,0.233
240000000,38,236.273,26.4721,43.2765,0.273
241000000,63,358.518,48.7674,65.3768,0.239
242000000,51,299.315,30.1937,51.0009,0.2575
243000000,43,259.914,32.6293,48.2718,0.237
244000000,45,262.84,31.6815,48.3261,0.2425
245000000,50,295.705,42.0295,42.3748,0.243
246000000,50,305.069,22.5376,50.3495,0.2585
247000000,56,330.326,49.7965,51.1252,0.257
248000000,38,226.547,39.1664,29.1616,0.225
249000000,69,419.22,22.3213,76.1617,0.262
250000000,27,157.38,48.3309,22.9097,0.234
251000000,54,322.672,39.3718,54.6067,0.251
252000000,34,202.958,19.9908,40.5109,0.253
253000000,30,178.626,46.9361,31.4965,0.226333
254000000,50,304.147,24.5384,49.9684,0.243667
255000000,69,405.233,25.6624,50.2842,0.246
256000000,22,127.796,6.27515,20.3008,0.256
257000000,44,250.344,50.5172,42.0728,0.214
258000000,33,193.573,16.3882,26.1742,0.228
259000000,28,173.316,-5.271,25.6192,0.246
260000000,55,322.394,34.5828,47.6774,0.231
261000000,82,489.303,41.4872,86.8503,0.273
262000000,50,300.533,39.8562,48.5109,0.256
263000000,47,287.753,4.40232,53.4874,0.257
264000000,33,185.573,0.307381,31.9874,0.254
265000000,68,412.461,49.7311,69.5803,0.246
266000000,57,324.359,65.3832,45.3718,0.21
267000000,64,357.863,-9.10199,49.4085,0.2435
268000000,42,257.407,14.2678,40.9524,0.235
269000000,32,197.634,25.2672,24.9441,0.2365
270000000,68,412.202,26.5651,74.0063,0.249
271000000,40,251.103,9.7167,48.0757,0.269
272000000,55,328.436,37.0183,49.9753,0.218
273000000,36,214.595,28.9433,37.6482,0.25
274000000,37,223.228,39.422,25.9077,0.239
275000000,35,205.326,38.379,36.3032,0.226
276000000,65,386.619,54.3787,57.4625,0.225
277000000,46,272.193,4.15055,47.1405,0.2395
278000000,43,252.933,-10.3497,29.9684,0.2385
279000000,19,117.572,-5.77421,24.4932,0.246286
280000000,49,284.543,70.4084,50.9182,0.225
281000000,51,303.958,38.6282,46.4297,0.218
282000000,60,348.255,39.4337,65.63,0.247
283000000,21,125.67,23.3023,33.0241,0.246
284000000,49,294.842,56.0775,53.9752,0.25
285000000,41,249.368,54.1016,40.4933,0.239
286000000,45,271.903,41.7523,52.6415,0.254
287000000,49,294.449,28.0863,47.2971,0.2295
288000000,54,332.187,30.4965,57.0627,0.242
289000000,28,165.413,40.0759,33.832,0.239
290000000,51,305.181,21.0755,48.1037,0.268
291000000,33,206.334,-5.97371,42.0767,0.2695
292000000,39,226.123,44.1017,36.2543,0.255
293000000,38,222.997,0.220001,28.0769,0.232
294000000,37,226.187,34.7044,36.6816,0.243
295000000,39,233.66,28.0419,43.4228,0.2315
296000000,70,430.659,50.3244,67.0522,0.2415
297000000,34,193.379,8.99199,35.8606,0.256
298000000,56,331.574,18.3212,55.511,0.2445
299000000,54,326.262,37.9745,45.4784,0.254
300000000,63,369.771,20.0448,54.1849,0.26
301000000,36,212.94,9.34175,22.7606,0.243667
302000000,62,362.793,58.6227,58.9723,0.229
303000000,38,226.327,38.5346,41.0289,0.222
304000000,43,265.625,-15.8146,46.9738,0.283333
305000000,45,259.361,52.897,43.2094,0.221
306000000,37,225.287,31.8776,41.1844,0.256
307000000,61,361.066,11.371,59.054,0.258
308000000,43,257.647,-14.5246,49.4403,0.252
309000000,35,197.767,18.1973,30.5633,0.233
310000000,45,266.104,45.172,39.547,0.239
311000000,43,262.258,70.2701,32.1907,0.241
312000000,74,446.501,18.1536,61.8507,0.237
313000000,55,324.934,14.0693,56.697,0.236
314000000,50,305.244,4.58664,45.3489,0.242
315000000,31,183.53,9.42779,28.7727,0.250143
316000000,57,349.168,22.1845,48.9995,0.248
317000000,63,374.537,-27.077,57.3697,0.2815
318000000,45,266.923,5.36549,49.9457,0.262333
319000000,84,495.256,33.5453,85.2012,0.24
320000000,49,295.196,45.5391,47.5014,0.241
321000000,32,193.035,12.8691,33.7357,0.253
322000000,46,268.077,8.89282,47.4705,0.244
323000000,44,253.704,34.5802,43.7916,0.234
324000000,32,185.213,20.2357,32.5902,0.258
325000000,38,228.677,-0.521275,26.6589,0.244333
326000000,30,176.015,-0.980306,32.6233,0.251
327000000,61,357.64,17.8816,64.5843,0.251
328000000,41,237.836,41.86,48.9194,0.23
329000000,50,311.015,41.0592,52.9213,0.22
330000000,26,143.79,45.5895,25.1842,0.233
331000000,54,325.952,36.3133,49.7766,0.226
332000000,31,191.549,18.4068,31.7449,0.24
333000000,32,183.202,18.4028,34.2095,0.255
334000000,39,243.989,30.2337,38.3561,0.251
335000000,57,329.309,19.5311,54.6097,0.2495
336000000,50,294.356,15.4919,48.6467,0.245
337000000,47,262.916,9.19032,42.845,0.275
338000000,31,182.338,22.8246,27.3685,0.2305
339000000,34,198.931,19.9115,30.2678,0.250333
340000000,37,226.374,37.1571,34.8135,0.22
341000000,58,351.851,11.2203,61.5035,0.246
342000000,54,316.219,29.9285,59.8377,0.2335
343000000,47,291.31,23.4973,50.1265,0.2358
344000000,60,364.203,28.2692,72.122,0.2535
345000000,30,182.927,46.0849,24.4245,0.2265
346000000,67,397.694,4.87755,67.0086,0.257
347000000,38,215.987,37.2542,27.442,0.237
348000000,65,399.323,44.6814,82.1621,0.234
349000000,32,189.105,-18.9241,43.6029,0.269667
350000000,20,118.474,-14.2782,22.2926,0.251
351000000,69,421.599,47.4189,78.5589,0.223
352000000,65,371.789,24.7274,64.1458,0.2415
353000000,82,496.945,15.6487,77.4205,0.245
354000000,41,247.781,4.89184,37.6512,0.237
355000000,63,381.796,27.3185,61.4888,0.233
356000000,38,226.152,13.8603,38.1883,0.2505
357000000,33,192.535,17.4912,29.6912,0.235
358000000,58,320.263,-12.526,58.6258,0.254
359000000,50,293.377,44.3064,50.8719,0.238
360000000,26,162.143,0.348737,22.4685,0.2835
361000000,45,264.946,54.281,56.1464,0.246
362000000,59,357.824,55.4398,61.8331,0.246
363000000,44,265.224,50.5011,52.298,0.234
364000000,22,137.9,21.1999,17.7817,0.248833
365000000,31,179.568,23.9283,25.696,0.273
366000000,26,153.962,1.9184,20.4297,0.243
367000000,49,297.489,33.3949,50.0952,0.245
368000000,47,279.413,-18.005,48.146,0.2575
369000000,45,267.761,49.4293,54.2236,0.231
370000000,23,127.79,37.6568,20.4006,0.2485
371000000,37,213.934,-11.7267,27.8627,0.248
372000000,66,376.573,39.9095,57.1299,0.234
373000000,77,469.627,32.8749,89.2315,0.284
374000000,50,300.676,70.4666,50.9026,0.2275
375000000,17,107.103,10.806,17.9181,0.2315
376000000,48,273.62,7.51629,48.523,0.2565
377000000,71,422.24,20.3918,82.7169,0.231
378000000,45,269.651,39.1053,44.7454,0.2335
379000000,70,414.442,0.140738,59.8734,0.265
380000000,32,190.332,6.59081,28.2876,0.2525
381000000,46,278.318,9.34933,41.1309,0.217
382000000,24,138.333,21.0395,24.3178,0.261
383000000,64,381.818,17.6988,66.884,0.2375
384000000,46,269.822,30.6733,45.5498,0.2185
385000000,42,255.343,33.6727,45.0307,0.226
386000000,52,323.754,39.2494,52.8977,0.238
387000000,44,261.97,43.4005,43.4084,0.231
388000000,28,166.875,-17.3852,30.0383,0.2545
389000000,42,236.111,-5.74957,44.2905,0.261
390000000,41,247.738,3.32419,41.1397,0.265
391000000,28,173.527,13.0241,20.9495,0.249
392000000,57,356.642,8.28037,55.9523,0.2365
393000000,35,200.218,38.7763,29.3966,0.2375
394000000,36,205.038,13.2749,29.5231,0.234
395000000,43,246.787,31.1885,45.8068,0.227
396000000,38,240.185,8.04386,35.7734,0.2575
397000000,38,229.993,22.4859,44.8977,0.246
398000000,38,216.479,6.19064,31.7683,0.267
399000000,34,201.809,9.33988,23.1585,0.268333
400000000,28,168.206,15.6565,25.8656,0.246
401000000,53,308.578,49.0039,55.1619,0.251
402000000,34,202.456,39.7014,32.7832,0.247
403000000,24,139.183,28.2824,27.4188,0.221
404000000,47,287.134,15.4815,48.2347,0.248
405000000,37,221.387,36.2365,34.2003,0.252
406000000,60,362.556,10.9766,62.0513,0.26
407000000,17,106.755,13.6378,15.2708,0.246
408000000,41,245.835,12.0472,35.9543,0.261
409000000,44,262.517,41.387,40.7161,0.235
410000000,35,209.745,-24.4268,35.0371,0.2655
411000000,49,283.854,-4.53484,54.1437,0.25
412000000,67,389.041,48.6056,76.7132,0.262
413000000,57,345.3,48.6726,51.8508,0.247
414000000,27,168.901,23.0295,38.4152,0.25
415000000,37,219.739,60.2159,27.4744,0.2335
416000000,74,438.732,74.1896,75.5576,0.203
417000000,32,192.823,11.6252,38.7311,0.245
418000000,35,209.851,39.1841,31.5648,0.241
419000000,49,285.871,-6.39196,54.6663,0.272
420000000,56,343.65,29.6432,59.0185,0.208
421000000,32,188.087,24.2881,29.6353,0.219
422000000,45,254.071,1.87687,43.4982,0.257
423000000,47,280.296,14.4061,54.273,0.2285
424000000,34,192.429,25.8194,25.0469,0.2468
425000000,64,373.488,38.1451,68.9926,0.26
426000000,59,353.16,51.4038,53.9686,0.214
427000000,38,227.602,6.5797,38.6895,0.25475
428000000,35,207.281,22.6548,32.3144,0.246
429000000,48,290.809,-0.735026,52.1971,0.254
430000000,24,139.607,24.6627,21.8314,0.242
431000000,56,340.788,10.2492,54.5323,0.255
432000000,32,186.276,-2.12497,30.9329,0.262571
433000000,30,186.575,-34.5852,35.4066,0.2508
434000000,43,261.046,74.3623,45.4032,0.2475
435000000,37,214.665,17.1872,39.7821,0.231
436000000,37,214.352,34.2803,41.3405,0.247
437000000,37,229.342,35.927,34.2957,0.242
438000000,43,256.782,30.2117,44.3447,0.23
439000000,37,227.733,36.9393,51.212,0.2405
440000000,41,237.705,24.0726,61.3182,0.236
441000000,78,464.336,44.0806,79.3184,0.239
442000000,42,248.141,26.1352,52.434,0.223
443000000,19,106.752,-9.33268,23.6187,0.258667
444000000,51,298.485,23.2912,49.8811,0.237
445000000,18,112.652,4.65531,16.4843,0.2455
446000000,58,331.672,50.2173,48.8267,0.232
447000000,25,151.614,37.9596,25.6175,0.216
448000000,43,256.747,10.2821,39.6491,0.262
449000000,46,272.894,44.435,38.1276,0.235
450000000,45,265.477,49.0515,32.1027,0.228
451000000,68,417.475,71.003,71.6795,0.234667
452000000,24,144.727,-4.20953,22.551,0.25875
453000000,49,283.762,57.1391,41.1967,0.241
454000000,14,88.2592,14.2109,8.60318,0.2225
455000000,49,293.08,49.5586,35.1121,0.242
456000000,38,218.764,27.8706,39.1655,0.249
457000000,43,260.667,32.3726,52.9996,0.249
458000000,36,233.757,30.2661,36.8817,0.243
459000000,32,179.294,46.4659,37.1471,0.222
460000000,44,256.194,-15.764,36.0714,0.246
461000000,38,235.851,25.4294,42.6136,0.237
462000000,44,267.461,18.967,45.0282,0.2545
463000000,48,290.187,42.6805,50.4642,0.257
464000000,42,255.914,24.9063,39.9057,0.2515
465000000,44,255.357,76.9907,45.429,0.239
466000000,53,316.485,-6.30637,58.5672,0.253
467000000,32,192.283,34.1264,28.0272,0.237
468000000,31,190.827,44.1384,28.5758,0.239
469000000,69,405.172,53.5269,87.3581,0.254
470000000,48,296.231,49.3775,43.6427,0.2445
471000000,35,201.647,13.856,34.0488,0.238
472000000,45,261.533,3.24018,52.3852,0.2505
473000000,53,308.427,29.5709,58.2953,0.242
474000000,35,210.859,36.5287,32.1927,0.2315
475000000,50,302.554,27.5194,51.348,0.248
476000000,41,252.462,-10.8748,51.5602,0.259
477000000,64,372.327,4.58757,72.111,0.248
478000000,48,285.846,38.9564,36.1591,0.248
479000000,36,227.712,8.7354,50.0636,0.226
480000000,20,117.324,29.4313,17.6985,0.23
481000000,70,421.682,-30.6427,70.5579,0.2595
482000000,64,366.963,11.8505,57.1166,0.2535
483000000,35,208.069,26.7655,40.0356,0.2525
484000000,67,409.526,57.0017,65.996,0.23
485000000,56,338.429,38.3393,48.1359,0.256
486000000,68,401.279,14.5096,65.3036,0.239
487000000,73,418.322,25.8733,73.6798,0.242
488000000,27,162.151,19.1732,28.0296,0.258667
489000000,28,157.533,7.88734,22.8833,0.223
490000000,44,260.025,27.2215,39.7147,0.256
491000000,34,196.606,27.9868,33.6299,0.236
492000000,51,316.694,51.3095,47.575,0.249
493000000,31,185.428,40.2002,26.5162,0.239
494000000,16,89.7579,36.7526,18.0422,0.227
495000000,29,167.708,-10.9296,25.39,0.249
496000000,46,262.533,20.5533,37.5166,0.244
497000000,55,330.921,57.1326,50.5859,0.215
498000000,46,277.435,44.3302,46.0937,0.233
499000000,58,336.039,37.554,61.3176,0.226
500000000,45,269.903,59.8457,46.7839,0.2195
501000000,35,207.109,1.12562,47.432,0.258
502000000,50,289.19,63.0134,46.8754,0.232
503000000,37,212.807,18.8421,33.6651,0.2565
504000000,66,420.508,22.6153,67.6699,0.249
505000000,45,271.471,14.9946,51.6445,0.268
506000000,60,372.585,36.9159,60.4879,0.235
507000000,42,255.787,44.5406,43.9529,0.219
508000000,49,293.693,55.3075,47.0523,0.213
509000000,44,263.395,34.8196,47.4417,0.241667
510000000,63,380.81,32.7698,64.6855,0.228
511000000,52,304.518,-5.91112,60.9374,0.262
512000000,51,301.544,47.2338,38.0162,0.2315
513000000,36,214.997,3.0213,23.4352,0.2475
514000000,48,276.472,55.543,36.4911,0.2305
515000000,38,222.515,32.518,39.0687,0.25
516000000,35,202.241,32.3412,27.5329,0.225
517000000,54,311.241,32.0874,55.868,0.229
518000000,86,519.367,7.82287,77.8589,0.258
519000000,61,355.124,53.9975,55.2799,0.2425
520000000,40,249.453,34.4798,37.1213,0.249
521000000,29,164.528,17.9559,26.359,0.25
522000000,55,326.468,16.2678,52.9766,0.264
523000000,59,325.422,20.155,52.6973,0.254
524000000,32,189.007,33.4293,34.3061,0.2415
525000000,77,469.654,-1.01567,73.1033,0.25
526000000,36,211.615,30.2769,42.2445,0.256
527000000,52,305.932,52.8972,48.7977,0.2495
528000000,29,172.124,-12.8151,21.3355,0.239
529000000,54,320.303,28.5461,57.549,0.248
530000000,68,402.333,44.951,61.9949,0.229
531000000,52,323.467,27.4482,43.5274,0.2395
532000000,58,353.324,25.884,61.1049,0.259
533000000,43,256.616,52.6656,49.6372,0.226
534000000,30,182.233,0.834149,23.9788,0.244
535000000,63,368.511,38.0563,68.7969,0.241
536000000,46,272.005,24.8316,47.9333,0.248
537000000,33,195.177,-6.08514,31.9508,0.252
538000000,25,146.812,-7.25083,27.9421,0.27
539000000,28,172.43,61.4119,28.9479,0.229
540000000,48,282.779,48.6025,47.7482,0.25
541000000,40,240.857,22.2706,38.6598,0.2445
542000000,42,244.943,7.58703,42.8051,0.2495
543000000,8,48.3406,-5.35928,7.71205,0.251875
544000000,29,172.001,9.23963,29.6577,0.253
545000000,30,185.647,40.9255,33.6226,0.257
546000000,64,381.451,55.767,66.187,0.261
547000000,53,327.709,32.4349,56.2126,0.24
548000000,90,545.533,55.317,101.725,0.255
549000000,28,168.223,57.5338,33.7439,0.2305
550000000,70,415.554,14.0194,74.9921,0.246
551000000,25,148.097,-0.481984,26.9312,0.255
552000000,28,168.512,28.1004,28.4645,0.2455
553000000,24,147.568,34.3197,13.1298,0.2355
554000000,42,250.62,-18.7058,40.9523,0.274
555000000,55,336.583,68.9701,48.6854,0.226
556000000,53,308.065,37.3952,39.5335,0.246
557000000,23,142.364,14.141,31.3898,0.248
558000000,67,401.823,37.6457,82.0029,0.244
559000000,46,270.952,13.8474,43.147,0.241
560000000,64,370.218,34.4876,73.1151,0.219
561000000,26,151.054,28.6292,33.075,0.2425
562000000,41,254.215,46.2158,44.8275,0.206
563000000,47,289.067,75.1027,55.7485,0.2315
564000000,57,336.505,39.4862,65.9779,0.252
565000000,23,147.577,14.3083,29.5012,0.259
566000000,35,210.063,35.1833,25.0605,0.2235
567000000,44,249.111,36.1568,44.2345,0.23575
568000000,53,305.807,30.0217,50.6309,0.229
569000000,29,164.139,21.4691,27.4575,0.235636
570000000,36,223.637,30.849,35.781,0.229
571000000,50,301.33,58.837,39.6362,0.206
572000000,27,162.389,26.1131,26.2477,0.2445
573000000,67,403.17,20.0003,82.7014,0.236
574000000,24,143.393,-1.36493,26.1532,0.240667
575000000,36,216.185,7.69829,30.3685,0.2495
576000000,45,274.396,41.0212,51.6262,0.228
577000000,23,138.832,16.5576,23.2233,0.2415
578000000,43,270.861,31.0673,57.4684,0.236
579000000,21,126.221,40.4472,26.6333,0.231667
580000000,22,125.253,25.6253,20.711,0.236
581000000,65,387.705,31.2917,69.0502,0.26
582000000,36,226.389,-11.9284,38.9234,0.257
583000000,49,307.256,44.9748,37.0405,0.2335
584000000,46,275.612,26.1445,40.5299,0.251
585000000,42,251.769,35.5124,58.7121,0.251
586000000,37,221.041,47.9569,55.0427,0.2195
587000000,25,149.307,25.8402,29.003,0.22
588000000,40,226.06,19.9247,38.6164,0.241
589000000,40,239.295,43.8599,32.6358,0.226
590000000,41,251.244,2.79353,37.0041,0.264
591000000,41,245.081,17.0808,45.9923,0.248
592000000,43,262.562,35.7143,44.0135,0.261
593000000,64,407.349,41.9103,54.6588,0.229
594000000,79,472.217,49.5563,79.0064,0.233
595000000,33,198.053,60.1489,24.4459,0.206
596000000,39,239.752,-20.3631,41.2333,0.2675
597000000,60,365.352,-24.1621,68.0153,0.258
598000000,31,187.501,26.2253,37.6228,0.211
599000000,37,222.69,38.314,45.3119,0.25
600000000,25,143.966,11.3012,19.9422,0.252
601000000,52,319.873,8.27197,74.8426,0.229
602000000,25,144.912,-2.12664,32.8675,0.2635
603000000,42,256.672,22.7859,47.9952,0.2425
604000000,72,419.101,43.1019,74.6156,0.243625
605000000,69,428.715,7.43781,69.5717,0.264
606000000,46,268.074,42.9939,48.827,0.244
607000000,32,187.645,-10.0158,33.9991,0.2605
608000000,56,325.249,23.7738,45.5756,0.255
609000000,50,310.977,14.4401,52.2318,0.257
610000000,53,321.26,43.2383,50.1572,0.223
611000000,34,200.366,-25.9102,38.964,0.259
612000000,55,321.227,43.4025,56.9492,0.2445
613000000,24,143.291,3.3182,18.4758,0.24
614000000,27,160.219,-39.194,29.9813,0.262
615000000,53,285.953,38.2069,49.1006,0.238
616000000,41,245.716,36.8912,41.6048,0.225
617000000,63,378.806,46.3673,73.7368,0.225
618000000,33,212.924,10.1849,39.592,0.2355
619000000,23,140.971,15.395,25.4969,0.2415
620000000,28,165.818,20.8169,29.7802,0.249
621000000,40,228.704,50.1072,59.4107,0.2315
622000000,52,309.892,66.4891,57.3597,0.239
623000000,51,318.371,19.2275,53.5713,0.262
624000000,32,188.865,16.5846,30.3507,0.276
625000000,59,353.825,30.4704,59.4258,0.242
626000000,61,376.186,68.0557,79.8553,0.237
627000000,59,363.709,48.4762,57.3026,0.245
628000000,43,259.696,61.686,36.9243,0.22
629000000,47,280.024,45.7141,53.9783,0.24
630000000,35,202.48,-3.08421,30.684,0.2575
631000000,46,262.191,8.37171,49.3208,0.238
632000000,47,281.512,43.5372,40.8626,0.219333
633000000,33,202.753,44.8071,30.6667,0.249
634000000,47,287.53,42.4101,51.6054,0.23
635000000,11,65.8216,-37.4551,9.87987,0.258
636000000,68,396.08,-7.18166,62.6172,0.27
637000000,26,150.145,-1.46958,22.3366,0.237
638000000,40,246.9,24.3989,37.8101,0.245
639000000,65,375.553,7.74765,65.1586,0.258
640000000,59,367.842,53.6596,50.6635,0.242
641000000,33,195.512,62.718,52.2326,0.229
642000000,33,204.46,28.7739,28.1511,0.2585
643000000,44,253.03,33.1393,52.0228,0.24
644000000,40,243.164,54.6401,47.8203,0.242
645000000,33,193.702,29.0207,23.6586,0.225
646000000,58,357.955,63.0728,56.1659,0.237
647000000,59,362.963,54.6193,57.8631,0.23
648000000,24,158.884,20.3724,16.712,0.258
649000000,35,212.682,47.9496,28.5182,0.245
650000000,33,194.377,48.0399,31.2444,0.2365
651000000,23,140.157,26.5306,20.4419,0.2345
652000000,38,221.243,21.7007,32.9642,0.227
653000000,62,364.645,2.07686,57.0605,0.247
654000000,27,160.209,13.9534,26.0894,0.2275
655000000,65,401.204,-9.30409,62.9582,0.292
656000000,59,369.038,-12.3355,64.7335,0.263
657000000,62,364.833,74.1811,51.8457,0.224
658000000,54,322.378,57.8852,55.4068,0.244
659000000,43,261.971,31.5567,54.2279,0.2235
660000000,48,271.821,-11.7193,41.4589,0.27
661000000,61,380.351,27.6899,59.5672,0.265
662000000,63,355.639,20.7406,48.2429,0.243
663000000,33,196.917,7.54513,42.192,0.257
664000000,33,206.812,-7.2821,32.2339,0.247
665000000,61,378.754,41.8999,74.3008,0.265
666000000,49,288.203,21.672,45.8536,0.235
667000000,57,335.588,34.2952,65.5087,0.224
668000000,29,178.057,38.7572,37.7994,0.249667
669000000,40,236.83,69.7441,37.9428,0.23
670000000,39,224.871,65.1689,41.1533,0.2288
671000000,28,170.284,56.4684,18.5014,0.237
672000000,63,381.869,55.989,47.4386,0.242
673000000,31,183.991,5.84507,36.0573,0.242
674000000,26,162.384,20.2375,22.9185,0.267
675000000,29,170.371,37.3831,25.5001,0.221
676000000,54,327.156,-2.57902,55.1742,0.2665
677000000,32,200.883,52.9045,24.8015,0.247667
678000000,51,300.244,29.093,45.7096,0.238
679000000,39,245.578,50.9786,37.3964,0.233
680000000,51,310.007,41.0662,47.0971,0.242
681000000,43,262.132,34.1069,44.0431,0.2405
682000000,31,187.115,2.85672,31.2403,0.2365
683000000,29,188.418,31.9155,27.2248,0.239
684000000,42,240.551,-35.9962,45.3624,0.269
685000000,55,331.754,2.50813,52.835,0.2575
686000000,62,380.424,59.521,71.1041,0.244
687000000,18,99.5917,36.5672,17.4432,0.2485
688000000,89,538.235,30.1941,103.332,0.2485
689000000,33,192.452,18.2265,38.4222,0.256909
690000000,71,434.472,11.9575,67.5041,0.273
691000000,42,248.081,10.3091,40.4766,0.262
692000000,69,428.736,64.6616,63.7677,0.233
693000000,58,331.744,53.1958,51.1463,0.199
694000000,30,186.307,26.8312,31.6623,0.233
695000000,66,388.636,33.5557,76.6767,0.242
696000000,36,213.718,10.0594,34.9408,0.248091
697000000,37,225.08,32.9102,51.879,0.245333
698000000,96,552.109,18.7342,100.046,0.27
699000000,44,254.699,47.6818,52.467,0.218
700000000,47,289.691,50.1973,44.0028,0.2302
701000000,67,412.389,-5.12039,73.2629,0.255
702000000,44,261.087,35.9634,50.3032,0.238
703000000,53,302.631,-3.59492,61.637,0.2515
704000000,50,292.813,57.6162,48.7309,0.279
705000000,53,322.713,44.6379,53.3386,0.249
706000000,27,164.464,-25.0365,25.6618,0.2645
707000000,39,228.565,48.551,38.6122,0.2505
708000000,35,215.137,28.152,21.1878,0.24
709000000,39,236.849,24.4841,49.2662,0.253
710000000,52,311.548,19.4844,49.599,0.233
711000000,44,252.998,50.5843,52.7327,0.2255
712000000,45,260.37,44.8707,42.7981,0.207
713000000,53,320.054,36.9044,47.4138,0.249
714000000,54,303.305,47.1402,49.0514,0.216
715000000,25,155.471,28.5737,34.4742,0.252
716000000,34,206.174,-8.21234,42.9014,0.26
717000000,34,206.914,24.6805,49.0467,0.247
718000000,35,207.645,26.2871,38.1066,0.222
719000000,32,198.062,40.2049,41.686,0.222
720000000,30,170.063,-1.65915,29.4285,0.246333
721000000,31,195.299,24.0535,33.5584,0.228
722000000,69,412.664,33.6568,76.6567,0.2405
723000000,32,188.636,27.5631,28.7479,0.2
724000000,61,374.841,53.5722,65.5822,0.212
725000000,58,343.478,47.2832,50.8367,0.228
726000000,43,246.803,32.3304,42.5909,0.239
727000000,49,275.23,6.61066,52.8098,0.2495
728000000,101,615.764,28.2232,109.485,0.246
729000000,46,273.709,51.4388,46.4878,0.242
730000000,66,404.4,43.1696,59.6684,0.2425
731000000,39,243.711,7.18055,49.9514,0.255
732000000,33,212.518,28.4697,27.4971,0.252
733000000,65,375.911,11.5949,64.9448,0.24
734000000,29,182.101,2.59854,33.8943,0.244
735000000,34,210.919,4.48903,33.9271,0.242
736000000,49,281.678,2.67628,55.5993,0.2445
737000000,41,236.461,-15.3094,54.9463,0.2585
738000000,60,349.317,31.6065,63.5375,0.26
739000000,52,297.624,-5.23485,62.5594,0.251
740000000,54,314.679,18.6244,60.4508,0.249
741000000,63,379.283,46.3544,72.1564,0.238
742000000,53,299.068,6.59452,57.1289,0.26
743000000,41,243.081,9.44073,62.745,0.2495
744000000,53,302.313,29.406,56.5541,0.2385
745000000,39,223.291,14.9798,39.8906,0.237667
746000000,49,285.863,43.8,50.3304,0.242
747000000,37,222.067,28.9768,45.8115,0.2665
748000000,62,354.812,7.11902,84.3868,0.251
749000000,60,349.393,32.1221,64.384,0.238
750000000,25,151.381,48.5215,22.4537,0.234
751000000,40,233.43,43.7967,37.7221,0.223
752000000,28,175.321,31.647,27.8715,0.242286
753000000,27,162,32.3949,25.848,0.2485
754000000,13,75.3507,0.491617,11.9616,0.24525
755000000,22,122.968,-0.146266,33.2394,0.254667
756000000,43,253.959,8.17369,37.6618,0.237
757000000,23,138.207,19.0585,26.3092,0.2425
758000000,70,426.994,46.2739,73.7371,0.247
759000000,53,316.261,56.7512,41.5377,0.23
760000000,43,245.157,36.0998,47.3175,0.231
761000000,29,181.73,7.03648,28.6437,0.256
762000000,47,263.532,52.6105,45.3158,0.253
763000000,21,121.599,-0.727856,15.3626,0.249
764000000,43,263.635,59.4436,39.5746,0.2345
765000000,26,150.19,39.6585,24.2825,0.236
766000000,25,140.386,8.69405,23.7103,0.2325
767000000,31,179.315,-0.625444,36.9079,0.242
768000000,54,330.837,-7.1991,63.0079,0.256
769000000,64,391.132,1.918,52.8681,0.266
770000000,75,450.949,54.0649,68.563,0.242
771000000,33,194.681,34.6215,26.6058,0.2435
772000000,48,280.421,29.5987,53.2697,0.26
773000000,63,380.424,57.8307,67.6656,0.243
774000000,32,190.267,20.8067,39.8261,0.232333
775000000,65,399.272,51.1401,66.0771,0.23
776000000,28,170.197,30.5799,41.8904,0.2385
777000000,27,164.783,18.4484,23.3124,0.253
778000000,47,281.219,43.2199,69.6701,0.256
779000000,31,191.848,25.253,37.3722,0.25
780000000,28,173.937,-1.21861,33.1274,0.2635
781000000,29,170.898,45.8813,31.8205,0.241
782000000,49,308.793,39.1891,60.4321,0.2525
783000000,41,259.265,32.253,31.1992,0.25
784000000,26,153.445,-10.505,36.5932,0.253
785000000,18,109.104,5.32519,14.5277,0.256
786000000,25,158.156,3.07783,17.1064,0.2525
787000000,55,332.63,12.2108,46.4946,0.245
788000000,39,244.365,24.0461,33.7702,0.2492
789000000,14,73.1383,27.1113,15.0293,0.207
790000000,37,215.948,16.6306,32.5136,0.254667
791000000,18,110.76,17.2929,17.2303,0.2355
792000000,53,334.996,27.6339,48.3342,0.246
793000000,32,182.348,17.6243,38.7049,0.24225
794000000,74,451.875,40.3911,64.579,0.231
795000000,34,206.592,-26.7672,33.9352,0.25
796000000,35,214.625,-5.099,37.6463,0.2465
797000000,30,171.374,57.0887,34.5823,0.2215
798000000,41,238.156,-2.21842,43.2355,0.253
799000000,60,361.868,18.5344,46.1226,0.2385
800000000,48,285.393,-6.39436,41.2222,0.249
801000000,62,370.117,63.4613,69.0358,0.222
802000000,29,177.055,-8.92534,28.5224,0.248429
803000000,41,243.219,24.8842,34.7503,0.2625
804000000,24,134.666,-23.7095,15.7958,0.252333
805000000,38,228.069,33.621,38.5575,0.231
806000000,32,194.295,34.811,20.3162,0.231
807000000,28,172.861,12.6869,30.2814,0.2435
808000000,47,291.793,-4.01778,42.3569,0.264
809000000,39,222.022,-17.9889,37.9106,0.258
810000000,59,364.352,61.1893,41.2591,0.236
811000000,42,245.499,36.243,37.5179,0.23
812000000,55,334.056,51.5422,61.0314,0.236
813000000,32,193.697,49.2935,34.5362,0.239
814000000,36,216.175,17.9391,36.8761,0.2675
815000000,44,272.948,51.9587,37.4415,0.263
816000000,74,450.24,-9.78055,75.9836,0.256
817000000,49,293.3,51.553,40.6821,0.253
818000000,24,145.376,-14.9671,22.9048,0.258
819000000,48,294.649,37.4238,38.52,0.224
820000000,29,170.564,40.7885,24.5903,0.242333
821000000,49,289.896,44.9721,46.1384,0.229
822000000,58,337.513,70.9005,51.0648,0.236
823000000,43,255.145,11.5779,36.7295,0.227
824000000,65,382.041,-22.386,74.1649,0.2705
825000000,38,227.979,21.478,33.0563,0.2465
826000000,29,177.373,9.43083,27.2497,0.234125
827000000,54,321.56,31.5202,63.5582,0.23
828000000,53,315.597,74.8045,38.0181,0.233
829000000,48,290.068,52.3626,43.9224,0.242
830000000,43,258.182,13.7956,48.5668,0.249
831000000,24,151.031,54.237,35.7446,0.22275
832000000,48,284.162,37.1781,51.7135,0.2445
833000000,52,308.667,55.3538,59.4984,0.213
834000000,21,124.037,-8.80103,26.6516,0.2405
835000000,37,225.413,-1.25719,37.8398,0.2555
836000000,62,372.352,38.6159,62.4423,0.2485
837000000,33,197.225,14.9404,34.8229,0.254333
838000000,22,128.926,33.5824,19.3635,0.229833
839000000,37,207.424,40.7969,44.1228,0.228
840000000,31,186.964,25.1545,31.9043,0.245
841000000,45,254.363,-4.35205,40.2142,0.262
842000000,61,375.069,36.2614,56.4078,0.253
843000000,41,249.343,-10.5514,39.8378,0.257
844000000,39,234.022,13.2561,35.2493,0.238
845000000,26,159.301,24.9122,23.0226,0.227
846000000,41,246.182,-11.3094,47.8915,0.284
847000000,33,197.796,54.5723,25.5302,0.2405
848000000,51,306.053,45.7779,59.9995,0.236
849000000,55,333.34,31.0692,68.5455,0.2455
850000000,57,337.844,0.502857,64.5995,0.254
851000000,54,329.882,21.3632,45.3207,0.245
852000000,57,352.159,37.4464,69.65,0.223
853000000,41,250.206,22.4223,54.2207,0.2505
854000000,27,166.22,-15.3282,36.0047,0.27
855000000,28,156.582,-14.793,28.4191,0.2605
856000000,26,153.81,42.1551,24.4643,0.2385
857000000,70,413.781,13.7011,70.5586,0.237
858000000,38,221.038,74.134,49.6536,0.2235
859000000,29,166.824,20.9291,26.386,0.242111
860000000,34,191.855,8.35432,33.3799,0.258
861000000,25,142.221,2.68982,41.3194,0.253833
862000000,27,159.031,-1.83289,22.4,0.253
863000000,44,270.813,31.0864,54.342,0.227
864000000,47,276.329,65.6938,42.6614,0.222
865000000,27,166.974,0.492316,20.55,0.251
866000000,21,129.252,6.11347,17.3058,0.244
867000000,46,266.461,28.0576,57.8519,0.246
868000000,43,247.22,-2.31136,50.8299,0.246111
869000000,32,185.136,-29.6154,26.4851,0.265
870000000,60,352.543,22.9204,51.699,0.254
871000000,36,217.062,38.2501,32.7672,0.212
872000000,57,321.692,48.3619,54.1598,0.209
873000000,36,216.176,-3.43704,36.0792,0.25425
874000000,49,298.361,-6.57386,49.5834,0.2525
875000000,42,256.659,27.3018,36.0597,0.257
876000000,29,171.979,25.268,21.3391,0.2545
877000000,66,403.754,62.128,78.0233,0.252
878000000,43,250.299,24.8074,44.9382,0.2235
879000000,22,133.613,-12.9366,17.8652,0.24875
880000000,47,294.977,43.4061,48.6889,0.2325
881000000,60,356.826,14.1703,54.7754,0.253
882000000,44,252.235,5.66077,32.9379,0.2365
883000000,25,154.971,6.74593,23.962,0.243
884000000,48,290.065,55.2221,47.7069,0.226
885000000,41,253.707,41.1284,39.6983,0.237
886000000,17,105.381,-20.8468,27.1821,0.2345
887000000,42,236.105,5.08871,26.0388,0.254333
888000000,54,313.992,6.09778,51.8625,0.250333
889000000,48,278.146,43.9342,53.147,0.241
890000000,33,194.164,13.5885,33.6525,0.24
891000000,49,285.127,7.52817,46.5196,0.25
892000000,48,299.056,14.0561,56.3391,0.260167
893000000,41,228.389,35.7933,41.3376,0.2415
894000000,25,151.654,-7.47096,24.724,0.243667
895000000,23,144.77,-2.94024,32.3666,0.2545
896000000,68,419.588,30.7746,63.7172,0.248
897000000,38,231.279,36.1551,36.5659,0.248
898000000,24,147.128,14.6162,28.7891,0.22
899000000,59,351.006,14.0012,55.7805,0.26
900000000,34,195.989,-21.4413,30.225,0.259
901000000,29,174.938,-15.9281,27.9,0.268
902000000,34,200.511,13.2251,37.4406,0.241333
903000000,34,198.839,25.4843,30.2281,0.246
904000000,43,255.398,32.9335,48.2837,0.218
905000000,37,224.324,45.2997,29.3253,0.246
906000000,56,326.023,32.8516,72.042,0.232
907000000,32,191.591,17.774,32.9917,0.241
908000000,39,235.073,8.4148,39.9978,0.258
909000000,60,368.214,84.4252,59.7992,0.23
910000000,35,202.323,49.1473,38.9884,0.243375
911000000,58,345.427,23.85,61.5018,0.235
912000000,22,118.024,15.3108,18.0299,0.2675
913000000,54,327.709,25.8129,61.3043,0.254
914000000,55,316.496,17.5419,45.8815,0.253667
915000000,52,314.72,22.2673,45.0294,0.236
916000000,27,159.588,37.1161,26.1125,0.242
917000000,59,356.914,40.2602,55.7004,0.252
918000000,41,238.048,15.4352,38.24,0.22
919000000,35,202.729,45.9415,35.1129,0.235333
920000000,59,354.12,59.2509,65.999,0.236
921000000,33,199.047,41.2732,34.6397,0.226
922000000,65,394.896,36.4601,59.2108,0.2405
923000000,31,191.64,1.63197,30.9474,0.2345
924000000,45,261.493,34.4199,41.9327,0.243
925000000,56,329.597,4.10361,57.3182,0.2565
926000000,47,267.549,15.5148,45.9596,0.2495
927000000,48,288.295,25.6798,55.0434,0.2465
928000000,31,186.167,34.2484,29.772,0.2538
929000000,25,147.83,23.298,25.6743,0.2515
930000000,46,283.257,24.8048,49.2826,0.261
931000000,48,290.727,35.9999,57.8819,0.247
932000000,66,394.037,39.0484,54.7935,0.247
933000000,35,207.503,17.585,35.9496,0.247
934000000,32,183.36,30.4466,45.4467,0.2435
935000000,55,333.027,45.5554,62.5995,0.23
936000000,42,250.172,18.7771,35.3233,0.233
937000000,51,308.341,12.1186,57.4876,0.24
938000000,43,268.936,61.1395,45.6904,0.2325
939000000,61,345.679,-7.53454,66.4778,0.25
940000000,57,346.66,59.6772,56.6532,0.222
941000000,40,235.096,56.6894,36.2614,0.227
942000000,35,204.356,15.0633,35.7028,0.248
943000000,61,364.259,-5.66814,65.1958,0.251
944000000,39,237.096,5.59943,39.3398,0.254
945000000,64,375.505,38.6702,79.3807,0.234
946000000,41,245.171,9.66443,37.2007,0.234
947000000,60,372.293,34.6545,58.8725,0.236
948000000,32,184.247,-18.186,29.9974,0.2425
949000000,50,287.222,0.19208,43.4883,0.2616
950000000,48,285.935,26.6749,46.5426,0.2595
951000000,39,233.792,44.4673,38.9823,0.241
952000000,53,314.602,-11.127,51.6265,0.2585
953000000,36,209.957,8.73954,34.2981,0.2435
954000000,36,208.404,-3.00063,30.3245,0.2678
955000000,37,229.893,44.8947,39.492,0.208
956000000,62,380.645,52.9451,52.872,0.223
957000000,61,381.146,-4.25747,58.5103,0.263
958000000,40,235.903,-10.4812,34.2516,0.263
959000000,58,351.275,54.8566,61.5354,0.215
960000000,49,300.557,9.31872,61.2965,0.272
961000000,39,218.581,46.5223,32.2598,0.2305
962000000,33,187.399,-13.6294,43.282,0.267
963000000,54,329.166,41.0409,54.8598,0.235
964000000,30,174.547,18.0371,32.2465,0.247538
965000000,47,276.077,39.0963,51.4148,0.261333
966000000,32,193.325,26.0678,19.9043,0.25275
967000000,67,395.909,1.49979,67.5874,0.267
968000000,22,131.804,4.55723,16.854,0.243667
969000000,36,214.261,11.511,33.0598,0.2595
970000000,13,82.5731,-17.3105,17.3919,0.247
971000000,20,115.739,19.0881,20.7192,0.24175
972000000,46,285.713,30.8249,50.4696,0.252
973000000,60,355.968,13.422,58.278,0.261
974000000,39,241.786,55.6575,31.2004,0.241
975000000,34,200.048,49.3119,32.4084,0.216
976000000,59,364.876,69.35,66.1305,0.216
977000000,43,252.798,-18.2471,55.0094,0.264
978000000,20,122.24,43.4865,17.6692,0.245
979000000,36,212.625,41.0423,41.3372,0.242
980000000,46,289.266,17.8124,53.2755,0.235
981000000,32,185.704,-0.12379,37.7235,0.2665
982000000,46,275.008,21.0903,47.0701,0.2475
983000000,28,170.108,-10.0992,30.8764,0.2445
984000000,49,301.799,54.1735,59.2174,0.2435
985000000,24,137.79,25.1303,10.9034,0.2536
986000000,43,237.342,38.1871,44.5417,0.2415
987000000,22,126.531,-25.7691,22.7841,0.258364
988000000,46,286.9,12.2466,41.215,0.248
989000000,62,365.825,60.6682,79.544,0.204
990000000,66,400.77,30.8476,68.666,0.236
991000000,56,347.605,48.5576,68.6084,0.2405
992000000,32,199.815,7.75688,37.587,0.2555
993000000,58,347.715,49.8215,62.2833,0.247
994000000,43,243.924,30.1983,48.6249,0.286
995000000,46,277.549,24.2061,49.2941,0.244
996000000,64,391.507,45.3914,69.8599,0.242
997000000,52,312.92,26.0357,56.7646,0.254
998000000,25,144.569,17.4098,29.2092,0.247
999000000,34,187.504,46.2912,49.403,0.23
