generation,N_shifts,logPrior,logLik,eventRate,acceptRate
0,0,-7.38342,-849.376,200,0
1000000,37,237.956,-8.32665,30.9056,0.282
2000000,40,231.061,8.40258,43.8319,0.246333
3000000,32,188.761,20.8497,31.0247,0.243
4000000,32,181.692,42.5083,34.8973,0.2475
5000000,38,222.121,37.9991,35.6302,0.256
6000000,36,219.603,3.1762,29.6971,0.25375
7000000,25,144.251,-5.52871,26.1696,0.245
8000000,32,195.515,21.0547,38.3647,0.232
9000000,30,180.297,30.4034,26.9331,0.247
10000000,41,249.625,31.1365,49.5477,0.245
11000000,46,290.448,22.3082,53.2064,0.263
12000000,47,278.161,25.5054,51.5673,0.232
13000000,61,373.637,79.5572,74.3564,0.251
14000000,28,168.32,41.8291,21.6557,0.2155
15000000,55,325.819,7.00797,69.7396,0.234
16000000,57,347.439,46.5288,57.3046,0.237
17000000,49,282.446,25.8004,48.2663,0.265
18000000,81,475.65,23.8761,69.8434,0.244
19000000,28,153.866,36.6428,24.139,0.227
20000000,46,271.904,11.7618,44.1898,0.222
21000000,81,480.128,68.9039,83.4257,0.22
22000000,33,198.344,15.562,25.3832,0.224
23000000,37,213.115,43.5534,45.9285,0.244333
24000000,52,313.896,37.7816,73.7425,0.2235
25000000,34,186.766,51.7023,28.4898,0.2375
26000000,41,243.749,-3.57624,30.0108,0.248
27000000,23,130.025,4.55409,17.5801,0.250333
28000000,70,433.572,54.9087,72.1308,0.237
29000000,61,374.215,54.2057,57.122,0.2445
30000000,69,410.883,33.6395,74.9808,0.248
31000000,65,391.611,78.6386,75.0523,0.258
32000000,43,251.543,15.9996,44.1918,0.23575
33000000,35,210.614,21.0338,33.8841,0.239
34000000,41,237.082,2.20229,52.1432,0.255
35000000,28,157.297,15.5401,23.5979,0.27
36000000,27,155.136,42.2926,20.5428,0.2215
37000000,28,155.742,28.7816,30.6967,0.238
38000000,26,152.159,-14.2862,25.0349,0.233
39000000,53,330.465,44.6036,45.8495,0.259
40000000,34,202.462,27.6051,35.7678,0.2355
41000000,49,280.066,37.9354,46.793,0.23
42000000,34,211.182,3.06989,26.4081,0.247
43000000,36,224.221,0.794425,28.4334,0.256
44000000,45,272.139,41.3374,46.1199,0.2585
45000000,26,156.236,-4.56166,36.4131,0.259
46000000,46,270.519,26.8425,46.9263,0.25
47000000,38,217.883,4.15686,39.6394,0.257
48000000,22,131.582,6.47932,27.7123,0.267667
49000000,45,269.076,50.2423,43.724,0.248
50000000,92,568.392,64.5362,80.4534,0.248
51000000,25,139.844,5.6845,25.4747,0.265
52000000,52,309.303,33.3286,49.9981,0.224
53000000,41,252.358,49.9472,50.7883,0.234
54000000,62,370.896,14.2918,58.6463,0.265
55000000,39,231.596,35.1415,47.043,0.248
56000000,81,496.747,37.6708,88.6954,0.2305
57000000,34,201.264,45.0297,37.8808,0.215
58000000,30,184.816,18.714,24.9435,0.2545
59000000,62,358.894,61.6333,59.0957,0.2355
60000000,44,260.969,42.1221,44.9291,0.258
61000000,39,229.333,24.5597,42.3713,0.2275
62000000,53,310.905,41.2063,45.4915,0.2505
63000000,38,232.057,53.7185,48.6017,0.236
64000000,68,418.028,56.4504,63.6836,0.2255
65000000,50,300.796,27.7091,44.6619,0.254
66000000,36,221.476,31.8456,44.9428,0.245
67000000,27,155.899,-8.95426,27.2474,0.2495
68000000,33,212.731,9.03171,36.9051,0.234
69000000,32,190.809,39.6272,29.4284,0.2345
70000000,39,240.52,25.3469,44.8392,0.226
71000000,42,266.163,29.9324,40.7145,0.255
72000000,25,143.872,25.9729,27.9177,0.238
73000000,40,234.568,36.2441,37.7099,0.243
74000000,37,221.614,37.2244,25.9048,0.2275
75000000,47,277.157,59.5095,38.0038,0.233
76000000,67,370.695,52.9753,77.1025,0.228
77000000,58,329.736,26.4116,57.071,0.253
78000000,34,200.118,42.2878,39.1269,0.2475
79000000,34,210.153,18.8487,35.6675,0.25
80000000,24,139.676,14.9752,18.6204,0.249667
81000000,67,400.84,-4.84843,72.2846,0.274
82000000,48,283.526,20.57,61.4277,0.233
83000000,27,171.565,36.192,34.6737,0.244
84000000,49,298.272,52.1549,37.8644,0.248
85000000,24,142.955,-32.6928,21.8914,0.266889
86000000,63,378.503,24.53,63.5139,0.274
87000000,33,190.309,1.60129,34.2937,0.251
88000000,44,271.653,49.6676,53.4125,0.234
89000000,62,356.577,36.2252,73.4689,0.24
90000000,32,190.242,34.5079,29.128,0.219
91000000,33,182.928,-18.9631,37.1631,0.276
92000000,29,168.673,30.9539,38.4262,0.229
93000000,18,106.275,-6.75468,14.9636,0.2285
94000000,46,280.325,24.156,43.9534,0.216
95000000,52,315.478,-11.4623,48.0395,0.266
96000000,32,199.817,27.0519,33.7724,0.233
97000000,33,205.801,25.6675,35.1497,0.249
98000000,34,203.852,3.90722,36.6004,0.247
99000000,31,194.456,32.4385,38.9617,0.231
100000000,23,136.08,13.7014,36.058,0.234
101000000,43,258.003,23.3579,40.1682,0.2375
102000000,50,302.432,44.6539,62.1523,0.264
103000000,39,232.638,10.1147,38.3879,0.248
104000000,48,285.843,43.8491,44.4274,0.231
105000000,29,164.896,21.3879,25.3521,0.2455
106000000,44,274.087,39.5798,38.5232,0.2445
107000000,38,233.042,36.0777,33.856,0.253
108000000,42,246.822,30.0739,44.0832,0.2265
109000000,58,331.902,14.7163,69.7926,0.2605
110000000,60,355.219,32.2881,57.8434,0.275
111000000,27,173.284,8.35,22.8465,0.242
112000000,23,134.584,9.07313,25.4975,0.254
113000000,40,234.849,28.2474,40.8434,0.236
114000000,64,379.17,15.9401,62.129,0.248
115000000,39,223.003,21.1246,47.0598,0.24
116000000,96,583.974,-11.9568,94.1726,0.259
117000000,41,256.627,31.1828,37.9091,0.24
118000000,58,328.578,19.7687,50.9434,0.256
119000000,33,195.71,43.6599,39.0775,0.2465
120000000,34,209.06,37.7207,36.0042,0.228
121000000,46,286.892,15.2724,38.0749,0.25
122000000,44,261.738,45.8415,35.802,0.24
123000000,37,231.362,41.6793,32.1293,0.2395
124000000,30,175.619,33.9376,32.5966,0.242
125000000,40,245.932,30.7821,39.4657,0.252
126000000,33,198.933,12.3384,30.9408,0.256
127000000,31,197.474,67.1529,31.4007,0.242
128000000,35,214.206,34.8572,44.2845,0.246
129000000,29,164.092,12.2944,35.8019,0.244
130000000,71,433.959,24.0033,75.4023,0.254
131000000,37,227.621,38.6389,36.814,0.248
132000000,33,195.381,5.26923,34.8689,0.261
133000000,27,167.007,15.3685,27.9933,0.251
134000000,42,264.754,20.8449,52.899,0.2375
135000000,43,245.834,-11.4119,39.0095,0.2425
136000000,63,367.678,38.1246,58.1183,0.216
137000000,26,147.759,24.0103,23.7003,0.2306
138000000,28,162.449,24.6224,30.184,0.233
139000000,32,188.858,19.9378,42.0718,0.249125
140000000,55,312.879,64.7725,50.4447,0.234
141000000,44,261.726,-0.715937,37.4356,0.258
142000000,39,241.917,-13.2947,37.2466,0.261
143000000,40,240.015,26.9814,36.8601,0.2454
144000000,36,215.743,11.2738,29.5155,0.254
145000000,16,101.575,-4.89457,8.37164,0.234
146000000,53,327.481,40.2775,61.9402,0.259
147000000,34,205.326,26.4693,37.1092,0.248
148000000,52,303.852,21.5604,49.52,0.262
149000000,49,292.714,10.9994,42.6454,0.248
150000000,43,258.366,32.3936,37.3805,0.262333
151000000,54,312.864,46.2672,62.6274,0.2445
152000000,32,192.432,-35.9001,36.8318,0.2618
153000000,49,298.132,41.9996,45.1144,0.2515
154000000,36,219.932,1.2143,41.0852,0.2625
155000000,38,227.606,62.4678,38.541,0.2495
156000000,44,259.473,35.4886,53.0254,0.2495
157000000,46,268.253,31.1189,55.6063,0.255
158000000,40,227.278,10.4118,42.9222,0.2505
159000000,29,171.992,34.9437,27.9697,0.2445
160000000,72,424.405,8.73954,70.4319,0.249
161000000,48,278.219,54.0686,51.9858,0.2415
162000000,35,202.155,-9.43431,33.1457,0.266
163000000,40,221.911,-2.23838,35.4521,0.2665
164000000,49,290.465,31.2289,43.2325,0.254
165000000,48,292.16,15.1503,53.7641,0.242
166000000,34,192.48,-4.13958,33.5991,0.2445
167000000,52,312.56,51.5075,42.6583,0.238
168000000,20,115.004,21.8286,29.0407,0.235
169000000,33,201.252,4.03865,32.5119,0.26
170000000,48,294.344,36.0418,45.3113,0.2505
171000000,75,444.108,83.1929,67.3568,0.235
172000000,22,127.394,45.5093,17.1987,0.2
173000000,23,142.415,31.2307,27.3769,0.2365
174000000,44,263.815,38.1672,46.2052,0.227667
175000000,47,293.658,33.7847,54.4854,0.26
176000000,59,359.315,35.9411,59.2412,0.263
177000000,38,224.894,9.93402,42.9939,0.2645
178000000,18,105.09,-13.9028,14.6891,0.245
179000000,44,262.182,71.1569,43.7436,0.214
180000000,48,271.38,47.1389,58.3673,0.253
181000000,48,287.889,83.708,47.0395,0.204
182000000,40,242.094,25.37,38.1844,0.25
183000000,32,191.883,61.4567,33.4525,0.23
184000000,50,293.939,0.823845,43.7753,0.24
185000000,30,173.311,37.8984,32.9645,0.26
186000000,51,306.632,45.7503,43.3051,0.2435
187000000,55,339.777,24.9339,44.9857,0.256
188000000,51,307.238,11.2681,55.5617,0.231
189000000,44,260.936,7.32556,52.3109,0.2695
190000000,50,302.169,63.2143,37.7952,0.234
191000000,35,219.454,15.2996,30.8418,0.2355
192000000,63,376.157,13.6937,70.589,0.258
193000000,16,100.793,25.7677,21.9022,0.250917
194000000,31,190.855,-24.5061,30.8381,0.2445
195000000,33,201.698,32.8236,33.7904,0.245
196000000,24,147.114,-26.2335,21.4884,0.245
197000000,21,132.731,13.4817,17.6847,0.255
198000000,42,262.467,22.5015,50.1463,0.251
199000000,37,225.468,27.8844,25.1659,0.232714
200000000,38,223.515,31.6561,37.5863,0.237
201000000,39,236.508,23.5735,32.6724,0.248
202000000,63,369.628,0.53821,67.9455,0.262
203000000,30,179.387,25.4621,34.1201,0.245
204000000,32,197.627,36.4952,32.4682,0.2508
205000000,41,249.553,20.3351,37.2413,0.227
206000000,50,289.127,61.0487,42.8579,0.255
207000000,30,185.865,17.1438,38.3561,0.2265
208000000,75,444.215,38.4599,64.585,0.246
209000000,58,361.897,59.4234,63.4095,0.214
210000000,34,200.887,42.523,40.9475,0.2325
211000000,40,221.251,44.0622,37.0165,0.226
212000000,38,224.499,11.2677,25.1834,0.248
213000000,39,233.246,23.0125,36.5766,0.228
214000000,39,234.298,18.9233,35.3939,0.2205
215000000,21,125.236,1.40092,23.4251,0.253
216000000,32,187.282,0.738996,32.1234,0.2525
217000000,69,422.658,35.3191,70.0688,0.238
218000000,46,275.679,52.7796,39.0505,0.2515
219000000,67,394.899,1.31781,69.1781,0.245
220000000,37,223.31,31.0382,32.9372,0.212
221000000,38,235.388,-2.174,39.9083,0.2455
222000000,51,301.438,3.72907,43.8194,0.281
223000000,39,232.645,-7.00426,47.1171,0.267
224000000,52,312.687,-2.36902,42.8362,0.26
225000000,15,84.9665,7.23182,14.1874,0.251
226000000,34,206.52,33.3754,42.4565,0.235462
227000000,34,192.07,4.07943,33.6477,0.23
228000000,67,404.792,52.5327,69.1278,0.248
229000000,40,247.731,45.5303,41.8868,0.229
230000000,27,170.63,42.4317,25.4233,0.244
231000000,36,216.499,56.0961,53.5412,0.2365
232000000,67,385.402,54.5156,68.2994,0.227
233000000,43,248.894,17.5154,40.7354,0.259
234000000,61,362.124,29.6675,58.9241,0.243
235000000,37,224.074,37.1285,41.6603,0.261
236000000,29,166.477,31.6606,42.166,0.242
237000000,51,291.805,43.9028,64.0329,0.2405
238000000,38,206.177,31.3061,37.7229,0.238
239000000,40,236.027,80.0014,51.189,0.211
240000000,36,213.806,56.759,40.1785,0.2285
241000000,82,514.9,23.6366,73.3894,0.23
242000000,34,198.501,2.28891,37.7264,0.250667
243000000,30,179.041,19.0268,24.4201,0.2355
244000000,55,338.259,37.6595,46.1883,0.265
245000000,63,373.127,1.78784,62.2956,0.267
246000000,39,231.401,51.5711,44.9592,0.2455
247000000,42,251.358,23.4924,28.7055,0.258
248000000,72,434.448,20.3858,77.7328,0.248
249000000,31,181.19,7.39293,38.914,0.261
250000000,34,199.864,50.968,36.9622,0.245
251000000,34,205.666,18.1789,47.4736,0.235
252000000,57,344.647,17.3938,74.9968,0.2465
253000000,30,190.918,-12.1535,33.2404,0.2775
254000000,31,191.119,88.7105,35.5694,0.207
255000000,42,250.157,9.84164,41.6018,0.225
256000000,44,263.578,37.9501,45.3921,0.24575
257000000,62,375.488,-21.4031,58.4977,0.238
258000000,46,286.067,-3.33393,34.7243,0.2575
259000000,50,299.594,31.3984,51.7269,0.258
260000000,32,190.516,58.7426,41.6216,0.227
261000000,37,205.612,63.3077,46.7779,0.2205
262000000,29,175.153,25.8672,22.9306,0.243167
263000000,26,149.162,4.50681,43.955,0.26
264000000,34,197.559,54.3961,29.3398,0.226
265000000,37,209.564,27.2074,31.431,0.252
266000000,82,479.337,59.2842,79.0189,0.266
267000000,28,163.757,30.0634,21.2022,0.2325
268000000,30,174.763,67.6216,29.0394,0.2085
269000000,42,263.373,50.7449,41.8137,0.248
270000000,33,201.698,15.1906,35.8666,0.2265
271000000,16,91.6009,35.7288,19.664,0.241182
272000000,64,395.841,68.631,68.0644,0.225
273000000,21,123.298,24.1014,24.6075,0.238333
274000000,43,253.08,23.5008,56.886,0.252
275000000,54,328.542,29.6866,63.1318,0.2525
276000000,64,399.332,68.3902,59.1408,0.244
277000000,60,362.403,29.3364,57.9564,0.244
278000000,42,238.83,32.543,40.0207,0.223
279000000,41,233.791,42.0622,40.2728,0.195
280000000,45,277.176,17.9901,40.7173,0.2585
281000000,42,245.258,37.7272,38.9419,0.248714
282000000,30,175.313,4.84489,25.5021,0.2525
283000000,35,207.628,34.4771,30.181,0.238
284000000,45,270.681,23.1111,41.7031,0.259
285000000,62,365.541,55.82,62.0777,0.249
286000000,49,291.729,35.8283,37.3199,0.231
287000000,34,198.665,52.2513,30.6799,0.2435
288000000,40,247.542,17.7356,40.7876,0.253
289000000,30,175.382,24.0387,29.946,0.243
290000000,47,283.069,29.6985,45.6117,0.2225
291000000,16,93.8809,19.2813,19.2327,0.235
292000000,60,349.807,56.969,73.5187,0.228
293000000,34,201.658,1.98323,35.4227,0.2545
294000000,44,247.041,-3.17516,38.4743,0.2315
295000000,52,314.414,28.5184,46.5034,0.259
296000000,37,230.964,16.5849,39.3513,0.25
297000000,39,244.726,2.34431,44.8846,0.244
298000000,47,288.877,46.354,37.7245,0.245
299000000,67,397.039,23.0861,60.2287,0.256
300000000,20,109.994,-1.74702,17.2708,0.250333
301000000,49,294.028,13.2726,42.9078,0.224
302000000,43,255.652,24.0839,51.3643,0.254875
303000000,47,262.66,-2.99034,48.5877,0.247167
304000000,55,343.807,68.395,65.5081,0.218
305000000,47,292.192,14.6625,42.9848,0.236
306000000,43,239.581,24.0311,40.8182,0.27
307000000,75,438.681,-1.94376,81.9912,0.253
308000000,34,201.45,29.0948,35.345,0.2415
309000000,58,336.105,49.2729,44.2177,0.252
310000000,41,256.807,27.4926,52.9808,0.242
311000000,30,180.553,-2.94336,21.2806,0.2516
312000000,43,263.811,9.89163,46.059,0.2605
313000000,65,391.746,63.7454,62.3063,0.238
314000000,70,403.264,11.0604,78.7006,0.251
315000000,71,428.785,21.7081,80.8535,0.257
316000000,51,296.782,29.1736,40.4452,0.24
317000000,39,210.25,-11.9051,32.4167,0.256
318000000,43,259.369,51.5824,46.5711,0.222
319000000,53,307.448,58.0609,65.227,0.2395
320000000,50,306.045,60.4205,57.0614,0.252
321000000,26,164.774,6.93145,23.9274,0.254
322000000,44,276.286,-3.47401,46.1243,0.25
323000000,39,228.612,28.4872,29.2321,0.246
324000000,61,356.969,46.6082,55.9873,0.239
325000000,45,267.836,52.1275,35.6604,0.225
326000000,23,137.644,0.81462,20.7884,0.253
327000000,30,178.106,26.2743,31.0164,0.2555
328000000,59,352.848,43.1971,49.6077,0.225
329000000,23,136.762,10.5665,24.985,0.2375
330000000,34,205.589,48.5698,26.808,0.2495
331000000,32,192.798,56.9954,28.8133,0.233
332000000,44,267.509,40.5073,56.7162,0.24
333000000,58,343.382,76.3251,53.1707,0.225
334000000,60,359.966,37.5136,50.3272,0.236
335000000,12,66.175,-6.03972,13.1017,0.253
336000000,44,261.224,-12.7358,33.3508,0.2575
337000000,42,243.963,7.86411,44.3949,0.265
338000000,54,312.688,10.8051,54.9808,0.237
339000000,35,202.126,20.833,37.7801,0.232333
340000000,50,295.828,26.1261,50.1406,0.23
341000000,37,228.99,23.2195,35.5685,0.252
342000000,35,208.794,-13.4907,37.7495,0.256
343000000,56,346.801,1.72583,55.7492,0.252
344000000,29,176.312,-6.93679,29.542,0.256
345000000,29,172.046,4.53148,21.0831,0.236
346000000,34,205.942,7.53315,32.508,0.238
347000000,67,389.319,5.60084,72.7671,0.259
348000000,34,197.782,12.0355,35.3453,0.24575
349000000,35,213.052,19.0143,32.8389,0.25
350000000,41,246.388,67.671,37.8193,0.224
351000000,59,347.857,41.4116,55.7046,0.233
352000000,25,150.574,38.4504,19.0572,0.244333
353000000,32,186.166,1.4103,37.6632,0.2565
354000000,45,272.096,52.992,48.7507,0.227
355000000,64,378.6,17.2936,75.6041,0.265
356000000,41,248.997,49.7458,43.2585,0.219
357000000,65,402.932,65.6981,51.9809,0.21
358000000,39,227.772,22.4081,43.9555,0.248
359000000,31,175.271,25.2709,44.016,0.237
360000000,52,319.766,22.6396,48.4534,0.261
361000000,42,257.926,32.6877,33.7103,0.245
362000000,44,262.606,12.8602,48.9187,0.246
363000000,47,288.426,43.7124,41.893,0.2585
364000000,45,258.38,44.5383,32.6869,0.26
365000000,51,313.533,22.7096,49.0049,0.257
366000000,35,195.418,-1.38753,30.6449,0.242
367000000,51,309.628,5.50669,45.258,0.248
368000000,30,169.299,33.9051,31.3275,0.2365
369000000,44,252.351,54.8108,57.5701,0.2355
370000000,44,245.52,62.0034,46.8384,0.2385
371000000,38,227.45,26.2256,32.5193,0.2395
372000000,49,296.852,32.9354,53.1022,0.212
373000000,35,217.283,52.6826,25.3073,0.237
374000000,38,227.181,46.9721,35.1372,0.216
375000000,25,144.942,5.89325,20.1255,0.2645
376000000,47,267.37,41.3692,50.5536,0.208
377000000,27,158.765,9.5571,24.8947,0.259
378000000,33,195.388,35.0641,26.8405,0.241
379000000,44,270.034,27.9788,41.4883,0.2335
380000000,55,323.115,20.3183,60.1151,0.2635
381000000,34,191.685,14.661,36.9278,0.25
382000000,36,201.783,-0.895642,38.9408,0.263
383000000,44,260.227,-25.3022,44.3128,0.265
384000000,34,196.98,16.3164,39.956,0.241
385000000,75,453.778,23.1777,74.5792,0.228
386000000,44,257.26,47.9517,48.9761,0.231
387000000,26,161.728,-0.669779,25.1752,0.25625
388000000,46,277.409,15.4367,60.5028,0.261
389000000,56,332.636,12.217,59.9852,0.249
390000000,43,271.67,33.9612,41.0317,0.258
391000000,40,244.322,27.6335,48.1579,0.2586
392000000,54,326.482,13.4473,50.6977,0.233
393000000,74,429.589,84.9603,63.0275,0.2415
394000000,37,208.976,5.18969,31.5312,0.2625
395000000,17,101.315,9.62676,16.4028,0.2502
396000000,33,195.092,15.078,38.994,0.248667
397000000,61,372.599,54.284,41.6139,0.253
398000000,43,250.402,42.0141,44.8531,0.2375
399000000,34,185.466,23.8429,43.1585,0.2445
400000000,52,308.743,8.49083,53.4053,0.249
401000000,38,217.872,-19.452,27.5482,0.246
402000000,50,315.928,13.7226,62.0261,0.256
403000000,28,159.205,9.36037,30.0222,0.2385
404000000,41,245.426,55.567,32.2204,0.263
405000000,19,120.051,56.1002,19.3597,0.231
406000000,65,389.826,67.9763,67.187,0.217
407000000,39,225.712,54.7366,38.143,0.259
408000000,50,296.473,49.8096,66.3052,0.234
409000000,43,255.942,-1.38359,40.168,0.289
410000000,43,257.01,22.9474,42.4415,0.242
411000000,23,138.313,6.25381,12.9409,0.26
412000000,30,187.025,-0.25408,25.2419,0.2495
413000000,30,179.784,3.01173,33.4737,0.2336
414000000,45,283.152,4.37756,41.4076,0.244
415000000,40,243.077,59.2374,53.8126,0.2445
416000000,43,276.243,6.34379,30.0899,0.253
417000000,55,337.042,40.6947,58.3945,0.2315
418000000,49,289.007,30.4567,56.1579,0.226
419000000,52,305.765,29.8592,47.7608,0.255
420000000,38,216.118,8.84381,35.8523,0.2495
421000000,88,515.294,50.8263,88.0315,0.223
422000000,49,292.911,30.8065,51.99,0.239
423000000,24,139.482,27.9784,32.0238,0.241
424000000,70,423.538,53.2891,55.4746,0.238
425000000,59,339.645,-7.34849,69.9004,0.271
426000000,65,391.636,37.1415,54.2221,0.2435
427000000,41,242.361,24.0632,43.7242,0.2485
428000000,41,253.436,9.79323,41.596,0.262
429000000,25,150.122,10.8361,24.252,0.2495
430000000,28,163.806,46.3666,29.0944,0.2205
431000000,38,229.28,18.3822,43.421,0.2465
432000000,45,268.745,28.0074,36.652,0.2455
433000000,30,181.794,12.3535,31.2286,0.239
434000000,22,138.214,24.6527,21.4091,0.243
435000000,36,214.616,11.7009,34.75,0.249333
436000000,36,214.737,27.8388,42.9468,0.2645
437000000,69,414.657,33.3036,70.9292,0.222
438000000,24,136.817,42.5153,33.8009,0.23
439000000,60,348.274,58.4519,60.3893,0.2205
440000000,31,185.05,55.7477,31.5317,0.219
441000000,51,306.085,51.0267,55.5713,0.221
442000000,31,191.212,24.3864,33.078,0.245
443000000,40,239.604,5.86376,30.6491,0.25
444000000,33,191.25,38.5964,41.3426,0.237
445000000,42,249.708,27.8784,40.2773,0.232
446000000,69,415.835,8.49606,77.5251,0.257
447000000,48,300.543,44.9207,50.424,0.242
448000000,18,107.725,-8.89307,14.1151,0.2565
449000000,34,200.752,40.7,25.7365,0.2605
450000000,61,366.268,12.1284,69.4937,0.245
451000000,36,217.136,43.5951,32.5546,0.2415
452000000,73,443.867,67.8524,57.992,0.231
453000000,49,292.484,11.3575,45.4422,0.235
454000000,50,290.888,48.6242,35.0065,0.228
455000000,28,150.455,18.1417,31.9732,0.2425
456000000,56,335.984,24.7893,51.6512,0.228
457000000,31,183.872,49.3151,29.752,0.232
458000000,39,227.956,37.8788,30.9193,0.243
459000000,36,225.574,3.13244,34.5239,0.2505
460000000,32,197.316,17.2349,33.6481,0.2425
461000000,24,147.435,30.0399,21.2511,0.2525
462000000,44,266.081,16.016,51.1735,0.225
463000000,60,336.801,-0.447492,49.6547,0.2765
464000000,38,225.936,44.5647,32.2794,0.246
465000000,41,259.8,-7.68175,34.5765,0.277
466000000,34,204.208,5.42293,25.5221,0.261
467000000,34,212.907,-4.35467,41.529,0.259
468000000,39,227.883,51.9959,51.1651,0.234
469000000,34,191.169,33.5616,24.6888,0.253
470000000,35,212.916,15.9565,31.5273,0.2485
471000000,43,266.302,3.77005,45.7885,0.249
472000000,32,191.451,51.4043,33.8849,0.229
473000000,29,177.373,40.0347,28.1632,0.23
474000000,35,211.195,51.2233,37.1554,0.245
475000000,37,220.95,30.328,43.4399,0.249
476000000,24,147.615,30.646,27.2873,0.249
477000000,40,240.138,-19.9831,34.3465,0.268
478000000,46,283.202,22.4909,38.7107,0.272
479000000,68,408.848,29.741,66.5939,0.281
480000000,49,306.977,21.165,47.0236,0.2625
481000000,31,190.493,-17.8972,40.2122,0.27075
482000000,59,366.83,16.7639,55.6906,0.249
483000000,37,220.968,0.297363,44.0541,0.255667
484000000,44,258.275,12.4438,47.2193,0.2375
485000000,33,192.546,24.8226,37.2722,0.24
486000000,55,336.009,49.9266,56.1476,0.237
487000000,42,242.597,45.6328,37.4231,0.23
488000000,37,217.61,39.988,41.5898,0.238
489000000,69,417.113,24.3313,57.6031,0.246
490000000,37,221.916,46.7006,36.3964,0.2275
491000000,29,179.554,3.5627,42.2171,0.259
492000000,50,303.425,46.2221,47.7678,0.227
493000000,39,233.371,2.4628,41.0109,0.246
494000000,41,244.436,-16.1998,36.8355,0.254
495000000,34,190.943,23.6316,28.0448,0.223
496000000,49,295.74,30.4213,52.1147,0.235
497000000,50,293.091,68.3961,55.5024,0.239
498000000,62,372.665,55.6056,66.6365,0.215
499000000,42,259.983,36.4669,36.5747,0.255
500000000,52,302.086,73.2041,56.6263,0.229
501000000,45,268.217,16.626,39.567,0.262
502000000,36,208.222,9.87091,39.8054,0.2425
503000000,34,198.752,26.0644,24.1455,0.239
504000000,48,292.11,54.1935,41.9702,0.237
505000000,48,279.875,32.4303,60.6613,0.243
506000000,49,301.907,9.67423,66.0561,0.254
507000000,44,257.239,44.5968,37.8588,0.234
508000000,50,282.341,21.175,57.53,0.239
509000000,38,235.134,30.3063,40.3303,0.252
510000000,42,253.335,8.4996,48.412,0.241
511000000,40,242.567,23.9175,44.0312,0.235
512000000,43,252.134,72.1528,50.0619,0.224
513000000,62,371.883,57.393,72.5048,0.231
514000000,50,303.706,7.75513,44.355,0.275
515000000,33,197.623,25.3644,40.0348,0.208
516000000,21,124.576,11.2582,24.2171,0.245
517000000,40,238.465,52.3773,43.4484,0.2175
518000000,40,247.888,-22.9223,36.0121,0.295
519000000,51,303.919,29.2182,58.6152,0.265
520000000,58,356.67,58.1944,64.111,0.2335
521000000,40,233.439,12.252,41.3052,0.2545
522000000,56,331.223,40.1874,58.7988,0.2435
523000000,57,330.872,30.2806,58.042,0.252167
524000000,64,380.536,44.3893,55.7531,0.219
525000000,28,170.03,43.4943,30.9977,0.2335
526000000,41,248.719,44.6772,57.5639,0.235
527000000,61,369.586,61.0112,71.2082,0.242
528000000,40,241.347,47.523,35.7236,0.226
529000000,47,272.735,32.6072,56.5262,0.239
530000000,41,246.594,23.4264,43.329,0.2635
531000000,52,325.766,20.0556,53.3957,0.263
532000000,38,217.668,1.99923,34.2895,0.233
533000000,47,275.316,29.0527,42.6815,0.237333
534000000,50,307.748,74.9205,49.7573,0.218
535000000,26,160.303,-1.21074,28.6847,0.257333
536000000,29,172.503,27.6528,23.7754,0.246333
537000000,67,397.316,48.8615,50.0996,0.232
538000000,34,211.377,29.0692,38.0006,0.248
539000000,43,261.106,27.5842,54.7394,0.24
540000000,43,264.61,49.3073,38.5498,0.244
541000000,47,295.508,51.2742,45.526,0.22
542000000,62,369.861,23.0102,68.7645,0.229
543000000,47,292.094,34.5815,52.1447,0.2375
544000000,37,216.287,42.4846,41.7294,0.23
545000000,37,214.921,29.6325,45.6238,0.249
546000000,70,426.161,29.1476,71.4664,0.24
547000000,50,304.286,7.53718,51.4988,0.2698
548000000,48,296.698,18.6768,45.2989,0.252
549000000,52,323.62,-4.13961,80.1406,0.268667
550000000,25,154.562,20.7609,27.6391,0.252
551000000,42,256.171,25.1624,52.4477,0.233
552000000,76,442.985,39.88,75.4973,0.26
553000000,32,197.002,-2.57516,30.6261,0.251571
554000000,50,293.678,28.0402,43.7381,0.214
555000000,39,220.435,12.283,31.6406,0.228
556000000,52,309.646,-13.9147,64.8764,0.279
557000000,52,315.106,42.6454,54.7159,0.232
558000000,31,185.928,21.8628,39.4892,0.2605
559000000,41,260.605,29.5067,51.5818,0.2335
560000000,74,433.849,3.98763,63.7759,0.256
561000000,47,279.632,52.0805,49.7852,0.233
562000000,52,320.375,13.0163,42.6114,0.265
563000000,31,177.68,-0.68462,23.3004,0.261
564000000,27,162.893,-33.4235,32.3015,0.265667
565000000,32,194.514,-15.9244,32.3096,0.249
566000000,41,240.67,18.7835,47.6009,0.223
567000000,39,228.735,37.9634,39.0471,0.249
568000000,72,430.244,-10.7805,77.4025,0.265
569000000,27,156.522,7.56099,21.9157,0.2425
570000000,48,300.905,31.0642,46.6791,0.245
571000000,48,286.82,57.0291,48.8168,0.236
572000000,60,347.034,17.8267,58.9658,0.264
573000000,42,256.246,27.5253,43.4872,0.2235
574000000,56,339.396,23.1574,60.4805,0.2385
575000000,62,373.36,29.8807,60.6082,0.245
576000000,32,180.409,14.7678,29.8332,0.2555
577000000,30,177.174,4.12073,23.9835,0.236
578000000,41,235.309,41.9019,44.2553,0.252
579000000,60,351.21,42.1451,58.5431,0.2435
580000000,44,274.233,45.046,60.5989,0.218
581000000,42,255.493,18.748,39.7264,0.228
582000000,36,221.135,30.6334,37.7349,0.259
583000000,44,264.394,-2.41981,39.1028,0.24
584000000,32,189.779,-9.12046,20.1213,0.243
585000000,42,257.645,19.9365,44.7911,0.241
586000000,33,188.057,15.3258,36.2897,0.2335
587000000,54,316.083,23.2647,49.2771,0.255
588000000,29,174.372,31.1188,33.8503,0.2365
589000000,28,161.7,-2.45392,27.4235,0.25175
590000000,48,279.407,66.882,58.2075,0.246
591000000,58,355.881,49.1149,70.1373,0.241
592000000,71,404.324,58.6579,56.1827,0.243
593000000,31,186.676,35.4387,27.9832,0.246
594000000,25,148.067,24.236,16.0844,0.2425
595000000,47,274.586,15.5185,39.3365,0.2455
596000000,57,357.992,54.0721,57.9372,0.241
597000000,46,285.925,44.873,43.923,0.236
598000000,66,404.511,34.5995,81.0343,0.28
599000000,52,309.168,38.0932,41.9792,0.218
600000000,71,429.078,19.1109,64.4751,0.243
601000000,26,162.014,-3.63906,31.6641,0.245
602000000,28,167.319,-11.2121,41.9254,0.245
603000000,38,231.747,40.5552,46.9013,0.2575
604000000,43,245,11.7894,43.3682,0.249667
605000000,24,138.349,-14.6307,32.6568,0.2615
606000000,35,216.475,43.6771,45.0045,0.247
607000000,25,153.868,13.1101,20.3232,0.245
608000000,44,261.032,15.3115,32.0463,0.247
609000000,43,264.424,13.7578,51.4773,0.281
610000000,34,210.469,21.5309,35.5568,0.25
611000000,22,126.976,15.127,22.4268,0.237
612000000,19,111.411,16.9665,21.6,0.223
613000000,43,249.685,40.9636,61.5185,0.251
614000000,28,167.201,11.7934,23.2533,0.246667
615000000,21,125.4,1.19479,36.0075,0.272
616000000,28,167.982,33.4833,21.0169,0.24
617000000,48,280.005,40.408,45.7758,0.2325
618000000,35,214.847,19.7122,37.6803,0.2225
619000000,57,337.259,59.0954,69.2056,0.228
620000000,73,433.179,27.9906,73.0729,0.233
621000000,67,404.073,25.2636,70.2807,0.2535
622000000,27,164.676,21.2982,18.7206,0.2545
623000000,62,375.265,23.2746,68.8681,0.23
624000000,54,318.98,56.7633,54.7003,0.23
625000000,38,241.729,35.845,45.4943,0.278
626000000,26,157.823,30.3797,22.0539,0.233
627000000,25,147.885,-6.62035,26.8937,0.238
628000000,44,265.234,52.0023,44.7629,0.2545
629000000,49,274.172,17.6646,53.7969,0.2505
630000000,32,183.864,58.9154,27.527,0.239
631000000,50,309.665,26.3239,36.406,0.242
632000000,61,360.082,56.3258,44.517,0.21
633000000,53,328.151,28.3645,42.501,0.259
634000000,41,250.923,21.6049,59.0584,0.24
635000000,42,247.994,44.079,50.7029,0.239
636000000,30,183.537,9.17778,25.6598,0.254
637000000,45,269.965,17.8602,51.0486,0.252
638000000,43,252.164,21.3547,43.5915,0.231
639000000,20,128.033,47.2968,27.9702,0.222333
640000000,63,359.598,21.574,61.3966,0.2735
641000000,28,163.597,23.505,26.778,0.2495
642000000,42,230.935,51.2077,53.6675,0.228
643000000,65,390.913,40.7426,60.2242,0.212
644000000,45,268.792,26.6151,40.1237,0.264
645000000,28,161.251,43.6313,23.2916,0.241
646000000,57,346.496,30.9556,45.8519,0.292
647000000,39,228.235,22.3151,41.4536,0.238
648000000,61,364.073,43.5787,51.1028,0.25
649000000,41,253.534,24.4011,36.6985,0.245
650000000,38,213.545,8.28354,35.8122,0.2565
651000000,54,307.2,35.5885,66.5716,0.25
652000000,36,202.948,-5.8822,30.6694,0.2495
653000000,47,282.425,48.8721,42.885,0.229
654000000,46,278.588,53.4239,36.997,0.245333
655000000,45,262.093,26.4883,37.7278,0.2585
656000000,29,171.444,35.1733,23.3373,0.236
657000000,39,220.804,11.1893,30.6945,0.257
658000000,28,175.504,20.0025,39.585,0.25875
659000000,52,320.099,62.3113,52.718,0.227
660000000,29,173.401,6.31966,25.3636,0.234
661000000,46,268.852,46.9671,52.6779,0.266
662000000,22,128.138,20.8903,18.5193,0.244
663000000,32,196.836,7.67736,20.6296,0.2425
664000000,25,144.32,30.3703,28.8678,0.241
665000000,57,332.1,79.1229,53.1034,0.242
666000000,24,151.831,27.2558,21.6227,0.239
667000000,49,292.051,37.0279,52.4092,0.2495
668000000,25,159.11,26.9641,25.2697,0.2245
669000000,30,177.951,15.6151,37.4684,0.246
670000000,65,399.759,20.1141,56.4073,0.2465
671000000,42,244.829,32.9926,49.3618,0.2485
672000000,38,243.55,32.3403,39.4507,0.244
673000000,59,363.916,17.5871,56.608,0.248
674000000,38,219.496,27.7305,36.15,0.240667
675000000,29,176.466,43.8742,37.823,0.2325
676000000,22,119.243,9.17017,19.8578,0.261
677000000,81,481.213,37.9989,84.3223,0.2495
678000000,29,175.202,-10.1578,23.7418,0.27
679000000,45,264.777,35.8207,41.3508,0.219667
680000000,22,129.145,9.16421,20.7664,0.237
681000000,35,203.023,20.5448,36.4726,0.246
682000000,40,238.304,47.8002,40.2339,0.237
683000000,41,244.299,49.9277,54.021,0.27
684000000,39,228.966,24.8792,33.8714,0.2355
685000000,44,258.505,30.227,41.227,0.232
686000000,46,266.25,-6.76196,48.409,0.245
687000000,33,204.803,27.4126,37.0235,0.232
688000000,63,368.219,26.2281,59.9747,0.234
689000000,21,122.904,15.7979,21.9267,0.2345
690000000,57,331.11,82.1498,62.0279,0.231
691000000,37,228.367,29.8958,38.3483,0.2405
692000000,19,113.005,15.9108,20.4365,0.22
693000000,34,193.708,10.1719,23.626,0.249
694000000,29,173.918,5.08255,28.1404,0.2405
695000000,43,257.945,70.2632,48.2351,0.220333
696000000,27,162.578,45.2588,28.917,0.241
697000000,32,184.002,35.0459,37.8112,0.22
698000000,33,199.323,-15.3185,32.8686,0.263
699000000,41,241.737,27.3099,35.7698,0.2475
700000000,51,285.392,23.2771,48.1686,0.247
701000000,59,353.545,55.2502,47.9096,0.2275
702000000,40,235.369,31.4325,33.9368,0.24
703000000,67,408.632,51.2436,61.1799,0.2405
704000000,37,216.694,14.6662,37.2134,0.2405
705000000,48,291.353,28.8693,45.2478,0.238
706000000,22,129.935,36.5356,25.5692,0.223
707000000,65,393.116,39.8012,71.1402,0.239
708000000,21,122.432,49.2401,21.0485,0.22425
709000000,72,408.085,53.0625,71.7911,0.236
710000000,11,62.5903,6.14515,16.8105,0.2545
711000000,29,180.475,24.7056,41.6607,0.2495
712000000,55,312.632,7.25474,58.7551,0.246
713000000,58,360.157,32.3675,52.0951,0.256
714000000,16,93.9751,-9.59536,16.5376,0.2544
715000000,42,246.766,38.6956,49.1527,0.2355
716000000,29,177.196,19.3814,22.1194,0.2536
717000000,28,171.1,11.2429,30.3591,0.2235
718000000,50,296.58,39.672,47.267,0.233
719000000,41,253.715,16.953,38.8887,0.2635
720000000,38,234.189,25.6323,30.7402,0.259
721000000,70,425.975,40.922,71.1908,0.231
722000000,36,224.163,46.2283,43.586,0.235667
723000000,46,268.499,46.2536,39.5051,0.24
724000000,22,121.352,9.61587,29.6175,0.255
725000000,29,166.546,26.1101,23.252,0.2395
726000000,65,385.731,-9.4862,59.2563,0.266
727000000,70,404.747,29.1346,67.8928,0.251
728000000,31,174.467,13.1077,28.3313,0.2675
729000000,49,297.12,57.6866,52.4363,0.276
730000000,49,293.559,20.1801,46.1404,0.238
731000000,36,207.887,37.5198,43.3045,0.239
732000000,55,337.808,22.7745,53.4357,0.244
733000000,44,270.884,43.2296,30.6105,0.23
734000000,53,316.674,22.414,67.8357,0.252
735000000,75,444.869,62.6556,69.7853,0.256
736000000,27,163.61,32.1865,21.5304,0.2395
737000000,41,235.151,43.3625,41.8749,0.252
738000000,31,180.996,49.1452,33.8607,0.243
739000000,52,311.646,29.333,57.5427,0.243
740000000,54,328.202,39.2424,49.2056,0.235
741000000,27,158.713,-28.6546,30.7288,0.269
742000000,33,197.163,28.3839,39.5566,0.2485
743000000,60,344.277,68.7163,59.6641,0.233
744000000,21,125.703,16.2705,19.8788,0.253
745000000,56,338.054,40.6212,70.3311,0.228
746000000,34,207.204,22.3909,44.0572,0.244
747000000,38,219.758,39.9831,46.244,0.227
748000000,28,169.547,33.7906,32.2943,0.225
749000000,27,162.703,-10.26,23.4833,0.2565
750000000,37,222.984,13.8248,43.8067,0.241167
751000000,45,264.511,36.2109,53.0837,0.253
752000000,55,334.022,49.9961,50.0695,0.244
753000000,27,156.507,40.75,33.9336,0.225
754000000,54,327.224,47.6107,46.3473,0.253
755000000,44,260.996,13.3938,36.0259,0.244
756000000,39,228.167,23.7571,43.14,0.248
757000000,64,376.585,9.63373,60.1482,0.2515
758000000,47,285.619,32.5948,48.7729,0.241
759000000,54,334.19,40.8248,50.7827,0.233
760000000,19,108.424,-16.0574,23.7297,0.261
761000000,46,280.596,33.6655,52.7082,0.25
762000000,46,277.757,45.4387,50.4399,0.205
763000000,62,359.248,11.3156,66.3913,0.272
764000000,48,279.182,20.3234,44.2072,0.247
765000000,23,138.931,54.6136,20.5841,0.227
766000000,38,229.256,21.8653,51.8815,0.2344
767000000,30,188.413,6.66584,19.3187,0.25
768000000,43,261.653,19.01,38.5918,0.2535
769000000,42,261.699,18.0827,40.7487,0.255
770000000,29,167.84,44.8938,22.9612,0.239667
771000000,103,622.591,44.8906,107.701,0.224
772000000,40,245.134,20.4151,38.632,0.238
773000000,59,352.396,23.0188,50.1881,0.239
774000000,35,211.821,27.7063,35.3266,0.251
775000000,47,279.018,66.4281,50.84,0.209
776000000,59,347.456,34.8642,50.3827,0.2555
777000000,57,336.406,45.4938,71.2608,0.233
778000000,23,139.875,-6.47037,21.3775,0.2465
779000000,36,222.891,26.467,33.9058,0.263
780000000,48,275.522,-8.89391,57.3239,0.2525
781000000,33,200.276,56.3045,25.4578,0.23
782000000,28,156.617,41.1237,20.3397,0.2235
783000000,42,253.649,26.764,31.1239,0.267
784000000,29,167.887,40.0272,21.9695,0.24275
785000000,35,204.689,-1.30899,43.3872,0.269
786000000,37,228.248,2.04831,29.6305,0.276167
787000000,25,155.129,-38.8429,23.6298,0.264667
788000000,69,421.635,56.2455,60.3353,0.2275
789000000,61,372.183,31.6279,70.5642,0.232
790000000,26,172.203,13.9461,21.8426,0.283
791000000,43,248.141,63.3561,48.2831,0.223
792000000,31,188.121,-23.7876,27.877,0.266
793000000,46,276.698,33.0385,49.937,0.244
794000000,34,210.863,52.1131,28.1143,0.219
795000000,58,346.842,1.71388,52.4187,0.271
796000000,32,197.031,35.7896,40.9718,0.222
797000000,62,360.867,53.7453,63.5292,0.208
798000000,74,456.983,-19.9376,63.6977,0.269
799000000,30,182.918,5.13953,33.4538,0.2575
800000000,29,169.255,38.4573,29.7545,0.2325
801000000,75,456.156,56.5738,63.0348,0.25
802000000,47,261.063,46.09,50.8985,0.2215
803000000,32,191.149,56.1743,34.1833,0.2425
804000000,39,231.266,49.5665,34.837,0.23
805000000,52,315.459,17.7332,62.8623,0.258
806000000,58,346.461,35.3154,49.6589,0.248333
807000000,25,145.878,14.1492,25.859,0.2365
808000000,28,159.338,7.14202,26.8165,0.245
809000000,49,286.077,68.2868,56.4322,0.221
810000000,27,137.969,42.5495,22.6421,0.211
811000000,35,187.623,33.8907,31.9021,0.228
812000000,36,218.25,14.8528,37.1367,0.2425
813000000,44,262.705,40.4418,63.8819,0.252
814000000,32,191.723,14.9699,51.0233,0.2485
815000000,57,346.623,54.8858,58.2475,0.247
816000000,45,276.603,44.2195,40.4506,0.2385
817000000,33,193.763,13.6998,33.1585,0.249
818000000,44,268.27,47.2542,43.5391,0.2485
819000000,47,266.75,23.804,58.7529,0.289
820000000,26,158.358,26.8385,24.2606,0.2452
821000000,55,336.562,30.0534,47.2799,0.227
822000000,92,562.188,50.6899,90.4209,0.242
823000000,36,208.902,49.1844,27.0991,0.255
824000000,30,171.742,19.4932,34.4283,0.245
825000000,47,288.695,31.2805,43.793,0.25
826000000,64,385.986,24.6878,66.1951,0.256
827000000,38,232.4,57.6011,46.8358,0.2425
828000000,46,252.193,47.8064,52.1926,0.208
829000000,44,269.279,26.0321,50.6583,0.222
830000000,40,246.007,33.3654,45.4082,0.2485
831000000,68,406.361,10.4545,76.9674,0.2775
832000000,53,323.879,33.1081,55.8171,0.264
833000000,50,308.192,36.2922,43.388,0.2465
834000000,30,178.092,10.0298,46.2442,0.255
835000000,47,277.011,25.1853,41.3639,0.244
836000000,36,223.045,35.4585,45.1391,0.233
837000000,37,225.802,10.7347,31.6672,0.24025
838000000,27,162.588,69.197,23.2036,0.229
839000000,37,208.852,64.9418,41.3567,0.2515
840000000,44,261.5,-13.5358,38.544,0.2605
841000000,46,282.296,7.2338,59.1944,0.278
842000000,57,342.373,19.0396,60.9864,0.2275
843000000,73,433.84,10.8095,90.0979,0.252
844000000,43,266.596,34.9951,40.0953,0.216
845000000,45,280.259,10.5281,52.4469,0.259
846000000,41,246.122,43.4271,48.533,0.2435
847000000,53,313.128,59.0352,56.2401,0.2275
848000000,25,143.598,-3.59371,23.4138,0.236
849000000,48,297.932,-19.9832,41.9141,0.2425
850000000,18,103.491,10.4777,18.4779,0.2555
851000000,21,122.216,24.6136,22.1607,0.249
852000000,27,152.784,34.5247,26.9778,0.22275
853000000,19,112.747,17.3067,16.7673,0.218
854000000,44,256.399,13.2702,40.0305,0.246667
855000000,64,379.072,21.9535,61.9414,0.238
856000000,50,294.669,27.6011,48.4038,0.275
857000000,45,271.371,32.8277,45.3658,0.228
858000000,19,107.845,-0.341502,17.0921,0.2505
859000000,20,118.985,-8.598,23.728,0.252
860000000,44,258.807,50.4853,39.7557,0.23
861000000,45,277.121,19.4723,36.9253,0.232
862000000,20,117.019,-9.87181,23.6684,0.278
863000000,39,239.575,31.5001,44.1945,0.243
864000000,56,336.757,51.4909,60.1866,0.265
865000000,36,217.552,15.1367,42.6679,0.251
866000000,28,159.615,52.1788,32.952,0.2475
867000000,55,338.464,27.0473,58.8598,0.221
868000000,39,235.824,32.9002,34.9062,0.2535
869000000,33,195.201,-6.05659,37.9191,0.2455
870000000,62,370.16,28.3145,72.0228,0.253
871000000,15,88.6144,9.47064,13.0571,0.2405
872000000,54,329.121,-7.32328,55.2732,0.263
873000000,57,346.987,50.4453,40.0704,0.234
874000000,20,113.047,30.9727,29.214,0.232
875000000,43,259.702,33.5358,54.3441,0.245
876000000,48,299.369,30.0936,43.8632,0.249
877000000,50,302.438,35.2102,54.4686,0.242
878000000,27,155.185,-15.1038,26.3453,0.255111
879000000,19,108.036,5.99102,18.3711,0.233
880000000,19,117.959,-22.6511,17.761,0.248571
881000000,64,377.494,37.0741,61.2229,0.241
882000000,36,211.719,19.3306,44.7028,0.2515
883000000,51,300.479,59.8007,53.8949,0.235
884000000,59,361.013,4.64876,63.253,0.246
885000000,20,112.904,14.4209,20.8339,0.22
886000000,37,217.566,-7.53035,37.6352,0.249286
887000000,31,184.929,19.3563,27.6703,0.263375
888000000,29,173.75,-40.2601,29.4887,0.25225
889000000,51,299.855,36.2953,55.5116,0.2285
890000000,28,175.215,56.4731,33.5212,0.236
891000000,55,333.9,34.6055,58.5515,0.243
892000000,49,271.403,11.7595,50.2459,0.244
893000000,39,235.059,39.8476,41.258,0.2485
894000000,64,374.887,25.3739,68.7785,0.256
895000000,53,330.993,32.7012,53.0775,0.2355
896000000,39,227.826,1.93197,46.7035,0.258375
897000000,57,337.719,43.7366,62.4042,0.2365
898000000,49,300.75,16.8328,51.9934,0.237
899000000,30,175.982,40.7192,30.2266,0.248667
900000000,29,166.292,-23.8923,25.5901,0.2445
901000000,48,283.744,47.6181,55.6872,0.242
902000000,18,99.5587,13.8382,18.8958,0.245
903000000,29,167.161,-1.73689,27.4382,0.258
904000000,37,219.586,0.0675498,44.8573,0.2715
905000000,48,287.868,34.8814,58.9328,0.226
906000000,34,188.559,5.8531,26.1889,0.2625
907000000,36,221.209,21.0048,34.4923,0.2585
908000000,37,220.026,19.3983,42.7768,0.258667
909000000,80,476.096,8.64046,73.0305,0.268
910000000,50,296.712,16.5854,46.2699,0.2355
911000000,27,167.321,5.53523,32.5145,0.26625
912000000,28,164.932,25.3629,48.4343,0.257
913000000,47,281.732,32.4349,55.3456,0.245
914000000,19,107.685,3.50588,15.4844,0.272667
915000000,60,368.115,41.5599,56.3912,0.251
916000000,63,369.968,15.9524,59.5766,0.2475
917000000,41,252.375,22.0316,42.868,0.245
918000000,47,284.888,82.4797,40.5146,0.239
919000000,38,245,11.6461,30.9027,0.2395
920000000,48,272.594,12.1671,49.7673,0.255
921000000,76,446.972,84.6173,69.333,0.247
922000000,72,431.84,22.0674,63.2444,0.255
923000000,26,148.17,20.424,35.7159,0.213
924000000,27,159.634,30.6956,28.3724,0.238
925000000,50,295.053,33.1798,48.0325,0.248
926000000,67,402.547,-4.87301,58.8476,0.278
927000000,57,337.374,74.614,67.3258,0.273
928000000,39,228.334,7.00976,46.7421,0.26
929000000,34,196.205,17.7149,31.1901,0.265
930000000,97,577.525,9.51404,99.9739,0.266
931000000,27,162.214,30.1367,20.3758,0.2485
932000000,24,133.15,14.7695,28.4304,0.237333
933000000,39,231.499,21.4315,30.3922,0.272
934000000,61,353.114,50.442,75.8187,0.207
935000000,42,262.827,-27.358,35.235,0.268
936000000,30,182.883,31.2421,37.6355,0.241
937000000,48,279.046,72.2141,58.0244,0.217
938000000,28,176,29.0091,18.9916,0.236
939000000,30,183.804,28.0467,27.4188,0.24
940000000,44,274.331,16.6257,43.0329,0.247
941000000,60,357.842,9.39178,56.2463,0.233
942000000,35,208.25,23.6908,35.4542,0.246
943000000,90,547.871,18.4581,97.7672,0.251
944000000,46,278.199,36.8486,41.1318,0.24
945000000,27,158.386,32.6531,18.505,0.2295
946000000,49,287.558,-10.7091,56.9704,0.2705
947000000,42,261.632,38.8793,33.012,0.254
948000000,32,187.461,29.9322,30.1487,0.2415
949000000,19,111.365,32.0932,14.8966,0.2305
950000000,41,242.52,15.6362,36.1985,0.248
951000000,49,298.127,20.8031,54.6323,0.263
952000000,35,205.808,23.4446,44.713,0.2445
953000000,44,257.982,57.7749,40.8586,0.2295
954000000,67,406.378,50.6692,60.7978,0.224
955000000,28,161.503,12.7371,28.9124,0.260333
956000000,46,278.904,26.3442,39.3715,0.249
957000000,31,187.66,10.5043,33.8296,0.239333
958000000,59,361.263,51.7825,56.8843,0.217
959000000,26,157.719,7.79574,24.2538,0.2635
960000000,43,252.853,31.9087,44.445,0.243
961000000,47,280.662,58.1825,39.6629,0.219
962000000,40,238.476,52.024,42.0565,0.264
963000000,36,212.773,25.2962,32.6845,0.238
964000000,50,289.636,53.7066,44.8698,0.22
965000000,51,310.784,13.4224,39.6254,0.257
966000000,67,394.65,39.3263,76.7153,0.244
967000000,30,176.844,-14.0378,38.7351,0.247
968000000,49,292.966,2.38008,51.2046,0.257
969000000,47,285.72,25.2933,65.7195,0.2475
970000000,56,344.44,46.2611,55.5156,0.256
971000000,54,322.976,25.4654,46.4777,0.232
972000000,39,240.02,41.3241,43.0352,0.258
973000000,33,197.004,46.1728,37.6669,0.247
974000000,42,249.6,51.7328,33.0573,0.256
975000000,57,330.611,5.18813,51.7518,0.257
976000000,37,215.459,-2.79203,42.7832,0.2555
977000000,51,316.376,32.1611,47.68,0.252
978000000,39,215.407,5.04229,34.4771,0.25
979000000,41,260.344,34.1791,46.8529,0.235
980000000,52,313.821,38.1586,60.3291,0.263
981000000,31,179.186,29.4965,41.3379,0.2505
982000000,29,171.974,9.24009,37.929,0.25
983000000,37,223.281,25.8296,43.4741,0.257
984000000,38,220.172,5.68753,45.0231,0.242
985000000,35,221.93,-4.1625,35.2268,0.27
986000000,34,206.827,5.86345,29.0788,0.2855
987000000,49,289.628,2.68424,46.3399,0.245
988000000,20,114.59,54.9609,17.7534,0.218333
989000000,49,280.138,27.5563,59.8752,0.241
990000000,24,148.217,23.0449,29.4969,0.256
991000000,27,162.964,61.3225,21.2427,0.2075
992000000,33,195.472,7.82721,26.6525,0.2525
993000000,46,279.467,32.2464,49.1669,0.257
994000000,21,129.52,-2.6612,24.9936,0.253
995000000,13,77.5484,28.4418,17.4994,0.238
996000000,40,242.411,10.2268,48.3106,0.2415
997000000,61,362.819,9.26401,62.2991,0.252
998000000,26,169.808,14.7504,36.2811,0.232
999000000,32,202.115,19.679,33.5679,0.243
