generation,N_shifts,logPrior,logLik,eventRate,acceptRate
0,0,-7.32559,-777.604,200,0
1000000,64,391.407,69.6914,58.7391,0.24
2000000,30,169.589,42.6861,20.2228,0.231
3000000,40,229.268,40.1049,43.549,0.2425
4000000,38,219.309,20.9202,36.547,0.25
5000000,68,412.282,16.7689,70.7727,0.242
6000000,40,249.836,0.554732,33.3132,0.263
7000000,32,190.938,-24.3155,25.3259,0.260667
8000000,40,237.8,24.5168,43.822,0.249
9000000,18,105.663,-9.99044,16.8811,0.2702
10000000,57,343.349,49.5312,59.9237,0.235
11000000,49,303.218,36.9015,67.3192,0.266
12000000,31,173.499,30.9121,29.6024,0.2375
13000000,71,440.011,68.5326,76.0571,0.226
14000000,52,316.625,11.1143,46.8544,0.2575
15000000,32,178.626,44.2755,29.5243,0.218
16000000,60,346.953,48.5088,60.275,0.2495
17000000,40,231.592,42.4774,44.3736,0.244
18000000,36,211.119,44.0764,26.0647,0.223
19000000,20,116.845,-5.35843,22.2368,0.240333
20000000,36,222.8,58.6535,24.4319,0.2325
21000000,22,138.78,-25.4886,21.8102,0.244
22000000,49,280.862,50.2504,45.3236,0.2445
23000000,64,384.003,39.8206,65.6225,0.247
24000000,50,296.259,30.0382,48.5433,0.258
25000000,25,144.086,-1.91336,28.8631,0.2425
26000000,69,407.067,-4.90691,69.4882,0.258
27000000,56,328.458,14.2574,50.4945,0.243
28000000,35,216.302,25.3829,37.6058,0.245
29000000,37,203.265,16.8773,29.0119,0.2355
30000000,48,276.518,15.8908,38.9771,0.2445
31000000,40,236.964,38.5351,43.3545,0.2325
32000000,18,108.446,-24.4495,30.0358,0.246667
33000000,51,310.543,23.7615,51.1226,0.257
34000000,30,178.523,14.0225,29.0236,0.241
35000000,50,307.533,7.81052,62.0461,0.257
36000000,27,156.86,16.4327,22.1237,0.234
37000000,52,313.059,12.126,44.9723,0.259
38000000,58,346.248,33.7794,63.522,0.249
39000000,64,383.082,55.4092,61.7624,0.251
40000000,42,241.11,42.2576,36.2811,0.2325
41000000,44,277.922,28.03,37.7395,0.238
42000000,48,295.233,-15.102,66.3983,0.261
43000000,36,213.89,62.1448,29.4926,0.224
44000000,37,224.41,33.6879,33.9952,0.237
45000000,41,246.644,25.7142,47.5913,0.229
46000000,27,154.195,12.5557,17.7073,0.2485
47000000,69,414.33,46.0778,63.1227,0.255
48000000,43,265.282,31.4277,59.6791,0.2565
49000000,46,282.587,9.5376,49.2744,0.2245
50000000,23,134.292,4.05882,31.1528,0.2635
51000000,33,197.49,50.9576,39.9473,0.2365
52000000,56,331.045,51.4953,54.089,0.241
53000000,22,138.203,-4.58719,31.1455,0.233
54000000,64,396.816,41.3291,49.4591,0.221
55000000,34,204.585,3.25302,33.8844,0.247
56000000,43,257.184,21.6276,35.184,0.2585
57000000,44,259.844,16.9919,51.3295,0.239
58000000,28,169.029,58.362,19.5713,0.191
59000000,32,196.948,61.5013,31.9546,0.236
60000000,57,349.794,23.9555,52.9062,0.233
61000000,54,328.177,41.939,46.6707,0.253
62000000,45,269.592,37.4851,42.902,0.229
63000000,38,230.766,48.4585,41.3666,0.2375
64000000,39,241.104,4.52482,41.5941,0.2555
65000000,45,264.968,-2.21528,47.1799,0.256
66000000,45,262.196,4.7857,43.7712,0.252
67000000,51,304.33,50.0963,58.0259,0.2425
68000000,44,266.665,47.4763,49.0505,0.21
69000000,47,277.322,11.9886,47.0313,0.241
70000000,58,343.085,27.8231,60.7028,0.262
71000000,63,398.07,33.1422,52.7923,0.271
72000000,43,262.622,8.92171,34.3886,0.252
73000000,40,240.825,64.4697,34.4035,0.234
74000000,40,236.572,-1.9827,48.1755,0.234
75000000,45,272.828,55.6625,51.4511,0.254333
76000000,46,281.764,51.1551,47.6903,0.236
77000000,27,170.419,15.9632,22.1441,0.262
78000000,33,196.444,39.3491,41.6512,0.237
79000000,29,170.874,9.52402,23.7652,0.234
80000000,33,204.846,51.9173,30.6738,0.2245
81000000,44,274.952,16.7882,46.3227,0.251
82000000,32,190.617,-25.8385,32.4363,0.258
83000000,50,296.422,22.6314,61.4172,0.233
84000000,30,183.682,6.53783,32.2395,0.2585
85000000,38,225.751,50.7484,34.039,0.237
86000000,71,429.643,44.1251,76.1336,0.214
87000000,35,208.246,36.8135,35.6096,0.2435
88000000,38,227.341,-7.78221,43.4801,0.2375
89000000,38,230.992,44.5839,44.9571,0.243
90000000,51,302.921,12.0407,57.0061,0.263
91000000,45,263.788,14.0173,43.8264,0.257
92000000,53,307.996,28.3081,61.0183,0.2355
93000000,49,283.25,10.3431,42.6734,0.2625
94000000,30,184.276,-0.814611,27.0359,0.267
95000000,50,312.146,51.8189,50.7581,0.2565
96000000,27,157.473,-1.66944,22.8947,0.243333
97000000,25,147.454,-20.0372,26.3022,0.2615
98000000,84,501.075,71.1196,67.9126,0.239
99000000,27,169.276,50.5056,29.6516,0.2415
100000000,42,261.013,27.5624,33.3556,0.235
101000000,29,166.215,22.3308,28.8307,0.246333
102000000,24,142.647,44.8824,22.1682,0.25
103000000,39,230.504,1.5023,34.2735,0.2485
104000000,37,227.097,-5.20486,48.1386,0.256
105000000,47,270.778,36.3582,43.6993,0.249
106000000,35,208.201,49.2579,29.2827,0.255
107000000,57,339.745,30.9864,55.1523,0.25
108000000,36,217.781,40.182,35.8888,0.2335
109000000,28,164.779,18.1373,31.3932,0.2425
110000000,29,182.119,2.63661,34.3155,0.2458
111000000,57,344.879,-28.0674,66.0904,0.257
112000000,29,177.167,40.2043,27.7111,0.236667
113000000,49,284.642,61.3214,41.3971,0.23
114000000,57,349.551,84.3415,43.6104,0.234
115000000,64,378.005,72.2611,81.6083,0.23
116000000,13,83.6125,3.57339,12.2104,0.266
117000000,51,302.34,36.3856,41.0495,0.266
118000000,25,147.973,35.6898,32.9269,0.231
119000000,20,121.8,13.309,12.5404,0.236
120000000,52,314.677,52.8714,54.5992,0.246
121000000,65,398.14,19.2886,56.8845,0.259
122000000,28,163.486,34.9026,26.9345,0.239
123000000,40,246.014,56.4537,43.4128,0.2365
124000000,29,172.157,15.9119,33.6406,0.2715
125000000,36,219.867,22.2681,50.4853,0.234
126000000,38,226.535,15.6266,36.6509,0.253
127000000,39,236.5,50.3579,41.2936,0.23275
128000000,55,324.649,43.1004,67.7652,0.2405
129000000,27,160.819,-8.29778,24.4774,0.2488
130000000,58,361.449,38.1061,65.9408,0.261
131000000,40,251.202,38.7516,49.3709,0.243667
132000000,32,201.86,26.2673,33.9763,0.246
133000000,31,197.018,-15.9157,19.5419,0.265
134000000,61,360.337,52.0626,51.4381,0.215
135000000,24,145.344,11.9752,26.2722,0.246
136000000,24,147.623,13.6995,22.4548,0.2295
137000000,35,217.85,28.5636,30.7971,0.249
138000000,86,513.363,47.8609,81.6827,0.26
139000000,39,229.223,47.4878,33.6164,0.237
140000000,26,159.913,7.37689,19.8972,0.245667
141000000,38,226.378,24.3794,30.4361,0.249667
142000000,24,140.552,18.3661,33.6399,0.2265
143000000,66,394.606,37.6706,74.3573,0.242
144000000,48,289.834,26.5693,43.4404,0.235
145000000,37,223.582,10.8081,38.7361,0.2415
146000000,63,377.826,11.6224,63.5792,0.277
147000000,72,421.411,38.6483,62.0813,0.24
148000000,68,411.807,30.9351,67.5681,0.263
149000000,35,204.597,34.667,36.525,0.2405
150000000,65,402.346,74.6451,61.2859,0.22
151000000,26,159.54,-20.4472,32.7729,0.246333
152000000,26,163.612,26.3316,30.3198,0.233
153000000,50,304.782,28.5917,41.1001,0.219
154000000,41,247.987,40.4375,38.821,0.254
155000000,25,148.378,-11.9094,41.4051,0.233
156000000,66,407.539,43.9263,71.7028,0.266
157000000,52,312.95,29.5714,56.3177,0.2375
158000000,54,322.661,-8.4914,50.8963,0.293
159000000,30,185.058,64.9328,31.3879,0.2375
160000000,37,232.966,2.8286,29.4086,0.2465
161000000,66,391.238,-15.0594,68.3527,0.2825
162000000,31,193.262,22.2216,30.4824,0.246
163000000,33,192.897,1.59959,42.9696,0.255
164000000,46,272.165,13.3795,50.5693,0.2615
165000000,45,265.469,31.0472,46.3699,0.2355
166000000,30,183.944,-15.9697,27.9906,0.251
167000000,29,164.489,40.5354,34.0723,0.2405
168000000,35,219.941,27.2901,39.2742,0.246
169000000,53,315.003,33.7367,57.2492,0.236
170000000,39,238.61,8.96238,42.9978,0.2435
171000000,33,206.674,-15.784,32.0087,0.262
172000000,31,195.983,35.2069,36.092,0.239
173000000,36,199.752,11.2501,28.7032,0.2285
174000000,33,202.348,40.2668,25.9338,0.249
175000000,47,285.897,39.5172,42.6417,0.249
176000000,35,216.525,17.4279,31.5273,0.256
177000000,33,193.805,24.1614,34.193,0.2455
178000000,36,216.014,18.9668,40.4514,0.2385
179000000,23,137.614,5.7644,25.7927,0.2615
180000000,59,356.838,22.3682,45.8804,0.237
181000000,49,289.552,20.1876,52.8772,0.243
182000000,59,351.923,26.8858,68.9401,0.225
183000000,29,171.05,-2.1227,19.6751,0.2565
184000000,26,152.727,36.6775,24.9129,0.2415
185000000,36,206.405,5.31555,48.0337,0.259
186000000,71,443.078,13.0782,70.0459,0.269
187000000,41,244.853,67.8569,37.2991,0.237
188000000,31,187.357,23.5083,29.6675,0.2565
189000000,28,176.088,25.7536,26.0842,0.232667
190000000,61,358.471,52.087,60.814,0.224
191000000,38,234.246,29.1374,32.0138,0.2335
192000000,37,223.228,21.8846,35.803,0.236
193000000,22,134.135,-4.63321,29.9458,0.253
194000000,51,310.987,33.012,43.2932,0.2405
195000000,23,134.859,-0.990526,20.4667,0.248
196000000,47,289.648,-8.48925,57.1518,0.266
197000000,51,299.717,50.7627,39.4988,0.23
198000000,41,250.949,42.3205,38.1937,0.215
199000000,71,413.284,32.7253,64.1469,0.254
200000000,36,228.231,-15.0597,27.9162,0.25875
201000000,20,119.815,27.6743,10.1975,0.2435
202000000,22,126.958,22.4005,25.2356,0.2535
203000000,26,158.966,34.982,30.4159,0.2405
204000000,29,159.696,23.4337,21.3841,0.2685
205000000,36,227.136,33.5449,38.872,0.2465
206000000,84,485.378,39.0745,85.1206,0.223
207000000,36,230.24,11.781,41.5065,0.24
208000000,67,395.711,63.5702,71.5622,0.25
209000000,40,223.218,32.9206,47.3198,0.229
210000000,45,273.588,33.4133,43.7932,0.235
211000000,54,335.861,26.0243,51.6728,0.248
212000000,55,336.487,15.023,49.6956,0.246
213000000,43,243.434,11.7231,45.039,0.2615
214000000,46,280.901,-25.3395,39.2943,0.271333
215000000,49,296.963,45.1914,43.6139,0.251
216000000,27,158.326,20.6521,22.1359,0.234
217000000,20,118.141,38.2554,25.5101,0.248
218000000,31,180.681,63.2435,28.4949,0.208
219000000,31,186.987,14.6769,29.1915,0.236
220000000,40,230.112,10.8888,41.5197,0.248
221000000,42,256.024,43.6077,39.7907,0.2455
222000000,37,213.877,22.455,39.7437,0.2445
223000000,55,315.884,41.1913,55.4895,0.233
224000000,35,211.455,54.2936,42.6517,0.2305
225000000,45,262.289,55.9675,38.632,0.233
226000000,38,226.563,50.0269,37.014,0.224
227000000,40,232.144,33.9191,32.7612,0.264
228000000,37,222.213,20.0797,34.0263,0.2515
229000000,35,192.143,9.68098,27.3778,0.2655
230000000,43,249.445,52.9969,33.5751,0.2375
231000000,45,270.06,65.9759,36.1928,0.226
232000000,27,148.142,38.9491,25.8991,0.246
233000000,40,243.58,28.5076,36.6421,0.256
234000000,85,505.438,36.2582,77.9012,0.232
235000000,53,314.387,-16.8693,59.2032,0.248
236000000,35,204.87,40.1942,39.2932,0.247
237000000,35,214.998,19.6017,36.8705,0.240667
238000000,62,380.542,36.0133,59.4883,0.236
239000000,53,309.786,38.3784,41.501,0.246
240000000,35,202.85,-8.42942,42.1567,0.26825
241000000,32,184.968,37.1606,28.0043,0.216
242000000,17,98.2505,4.02818,11.0535,0.2562
243000000,59,352.749,48.6149,50.1161,0.265
244000000,23,136.229,-1.57196,14.2701,0.250667
245000000,28,177.653,11.3886,28.6846,0.234
246000000,50,305.949,45.9167,57.9654,0.2385
247000000,41,253.386,74.1509,38.5616,0.214
248000000,52,307.428,19.8529,52.0817,0.242
249000000,32,195.794,9.04962,34.183,0.2525
250000000,36,221.823,7.16273,43.7347,0.2465
251000000,58,346.691,68.9283,62.6966,0.225
252000000,66,400.555,28.0871,77.5345,0.264
253000000,24,150.497,53.7226,19.0319,0.226
254000000,43,261.536,37.2467,50.1172,0.239
255000000,61,363.252,17.1213,62.6627,0.268
256000000,36,211.162,8.40634,55.0982,0.238
257000000,37,230.042,9.26205,45.9359,0.248
258000000,54,311.805,16.8886,48.0311,0.259
259000000,58,346.17,26.6921,58.0161,0.233
260000000,15,84.6277,15.6965,9.80703,0.232
261000000,45,274.198,-30.3756,41.7026,0.278
262000000,63,369.017,75.1121,58.7436,0.216
263000000,39,229.568,39.7633,42.9754,0.247
264000000,35,215.074,13.7931,34.4742,0.244
265000000,57,334.375,8.74052,71.4776,0.2526
266000000,24,145.134,-5.09315,21.056,0.248286
267000000,56,347.427,24.7837,56.0343,0.218
268000000,43,260.222,79.0794,58.5821,0.22
269000000,27,168.132,28.2421,26.5682,0.246
270000000,27,160.484,31.2039,31.6744,0.2595
271000000,28,169.535,18.4684,29.5594,0.279
272000000,41,246.93,16.8126,32.6821,0.245
273000000,46,284.394,39.6704,54.3471,0.223
274000000,42,257.005,52.2189,36.6985,0.228
275000000,20,121.914,24.1613,19.8358,0.2515
276000000,69,419.714,24.6304,73.8306,0.247
277000000,72,432.579,10.4834,61.4986,0.264
278000000,48,296.217,28.8195,37.3633,0.242
279000000,86,526.992,51.5691,83.2594,0.248
280000000,28,167.049,18.7478,38.1925,0.256
281000000,47,278.161,24.1338,47.057,0.2615
282000000,50,297.712,55.0432,45.7188,0.253
283000000,57,352.792,37.8584,53.4469,0.253
284000000,39,235.709,35.2409,40.1121,0.252
285000000,31,185.209,-5.65736,25.6468,0.252
286000000,45,265.038,0.598949,42.652,0.23825
287000000,33,203.947,46.5559,35.7888,0.23
288000000,52,320.408,40.7429,57.1847,0.272
289000000,38,215.213,24.0249,35.0573,0.261667
290000000,43,256.466,2.51186,38.9633,0.249667
291000000,54,306.9,46.1814,78.3452,0.2355
292000000,44,261.734,46.0525,43.0149,0.244
293000000,59,354.134,5.32184,67.8191,0.274
294000000,42,251.275,45.6564,51.1378,0.23
295000000,34,208.477,-4.30479,23.5111,0.2505
296000000,26,160.072,19.9446,24.3035,0.257
297000000,50,278.6,40.7832,50.9037,0.235
298000000,58,353.143,26.9809,68.9237,0.235
299000000,15,95.3956,-17.5723,16.6283,0.25875
300000000,44,264.392,22.3372,42.5697,0.2485
301000000,41,253,-4.95827,27.4308,0.253333
302000000,32,188.697,0.41232,28.7404,0.241
303000000,28,162.27,-34.5686,24.524,0.2775
304000000,40,242.057,-3.04,45.0749,0.251
305000000,63,391.907,26.1893,59.6307,0.254
306000000,19,113.935,-7.47875,23.5997,0.259
307000000,30,185.39,-3.31955,31.3261,0.256
308000000,52,303.594,30.5397,55.9389,0.241
309000000,34,189.043,29.5933,26.682,0.227
310000000,32,180.719,19.6886,26.616,0.2445
311000000,56,339.528,8.26044,54.5115,0.2705
312000000,31,181.175,25.6048,29.7554,0.235
313000000,37,222.857,18.2742,55.7187,0.251
314000000,50,297.958,47.8627,60.2399,0.245
315000000,43,264.853,45.7824,39.9948,0.233
316000000,37,228.167,14.415,37.7993,0.235
317000000,29,181.462,13.7662,33.3608,0.256
318000000,33,190.35,-7.01536,30.3949,0.2685
319000000,21,114.562,19.5777,23.9254,0.2395
320000000,43,233.622,27.7827,47.8168,0.247
321000000,55,327.579,17.9745,57.0723,0.2615
322000000,58,343.132,26.9381,60.7044,0.2565
323000000,37,224.838,36.1696,45.7724,0.261
324000000,42,249.626,37.2131,44.0498,0.246
325000000,56,340.582,29.2983,40.044,0.243
326000000,41,247.966,0.181681,40.1482,0.2615
327000000,33,205.473,26.963,26.3902,0.246
328000000,51,291.675,42.1779,46.9804,0.23
329000000,41,237.73,12.5764,44.1617,0.237667
330000000,48,292.774,47.8039,40.5632,0.239
331000000,38,234.149,52.1654,45.1414,0.2235
332000000,51,307.207,6.41688,57.2666,0.254667
333000000,74,442.168,20.3686,58.9611,0.231
334000000,53,311.85,5.97387,55.3679,0.2775
335000000,45,270.1,41.557,48.0441,0.236
336000000,41,249.583,12.4626,40.9502,0.258
337000000,46,271.194,10.4464,50.2468,0.26
338000000,19,117.368,13.4238,26.0656,0.2765
339000000,37,232.63,50.7847,45.5334,0.224
340000000,21,126.645,34.6965,24.3814,0.2415
341000000,66,390.826,7.25184,51.7164,0.255
342000000,47,276.298,61.6464,53.2085,0.229
343000000,44,255.851,52.7208,41.371,0.221
344000000,26,149.56,23.319,22.5726,0.244833
345000000,39,228.766,43.457,42.8159,0.229
346000000,36,225.629,7.11534,40.7154,0.251
347000000,62,369.898,-0.591475,67.7658,0.273
348000000,26,159.919,28.8498,27.2212,0.276
349000000,71,424.965,33.0922,66.3839,0.27
350000000,48,282.545,64.4441,49.9635,0.228
351000000,13,79.4223,-29.6663,13.4701,0.26268
352000000,58,340.657,70.0104,50.7768,0.213
353000000,66,393.209,28.542,71.4035,0.261
354000000,29,176.003,46.5841,30.2307,0.249
355000000,27,168.499,45.3213,21.7775,0.248
356000000,65,394.903,-2.87305,72.1513,0.269
357000000,52,311.872,42.4383,47.9181,0.2465
358000000,52,315.862,37.8662,61.7343,0.251
359000000,60,344.178,1.85601,45.9215,0.258
360000000,18,116.487,1.53579,20.5989,0.259167
361000000,22,125.53,11.9902,25.3914,0.254
362000000,41,240.031,43.9948,36.8512,0.2255
363000000,28,170.932,25.8653,28.8028,0.229
364000000,35,212.257,41.9446,38.7317,0.26
365000000,50,306.808,44.7398,48.516,0.2365
366000000,31,185.251,18.0874,23.7548,0.2355
367000000,38,234.888,36.2148,36.2917,0.236
368000000,60,356.292,-6.60101,63.5889,0.245
369000000,46,267.967,39.6984,59.6324,0.2485
370000000,35,214.401,20.9781,25.0572,0.238786
371000000,43,255.679,32.0822,43.8883,0.2515
372000000,29,172.941,14.4776,24.1757,0.261
373000000,42,248.665,15.9599,31.6177,0.231
374000000,44,269.952,15.9233,46.807,0.242
375000000,34,217.223,-4.76125,38.6995,0.2515
376000000,39,240.744,36.9647,35.9678,0.252
377000000,43,265.306,60.6943,47.1368,0.246
378000000,31,187.165,37.1064,34.6582,0.229
379000000,36,212.436,70.4769,41.9794,0.2245
380000000,48,297.632,-13.845,47.0695,0.2575
381000000,59,359.924,46.5147,63.74,0.256
382000000,35,215.143,38.9526,38.7633,0.2445
383000000,52,311.562,33.6199,52.8944,0.246
384000000,52,304.284,9.1068,53.1518,0.2235
385000000,32,195.844,23.6899,21.9488,0.251
386000000,41,244.107,-4.44113,46.1867,0.265
387000000,56,315.917,32.246,52.1253,0.238
388000000,47,279.955,8.82225,56.7711,0.2515
389000000,21,126.282,29.9141,24.4918,0.252
390000000,22,128.836,24.4555,17.0951,0.2465
391000000,55,315.208,30.6772,59.1481,0.246
392000000,37,217.954,54.8446,38.7072,0.227
393000000,37,220.893,29.4185,32.6497,0.25
394000000,53,317.149,58.0121,45.3525,0.2255
395000000,71,429.385,13.6412,81.576,0.261
396000000,65,403.933,43.1867,62.9413,0.241
397000000,43,246.272,34.403,31.7272,0.236
398000000,39,232.957,5.07912,48.4123,0.2545
399000000,42,245.244,38.7109,47.7461,0.239
400000000,37,216.945,0.759367,39.835,0.2265
401000000,53,317.989,46.1095,53.0958,0.2325
402000000,46,284.214,19.5593,32.9984,0.251
403000000,20,115.569,48.2978,16.9437,0.205667
404000000,25,149.975,1.28798,21.0234,0.2495
405000000,51,300.932,53.7828,56.0481,0.246
406000000,62,365.473,9.73331,64.7711,0.261
407000000,64,373.102,52.4255,79.7312,0.237
408000000,22,134.736,11.1391,24.316,0.2515
409000000,29,166.306,24.8921,31.0685,0.236
410000000,44,264.145,-2.38497,45.3023,0.268
411000000,45,278.25,55.6745,55.5972,0.234
412000000,43,262.604,25.429,51.3736,0.272
413000000,26,151.591,-10.8706,29.1905,0.232667
414000000,34,203.452,-6.30119,44.9705,0.278667
415000000,52,306.063,-16.6175,44.621,0.245
416000000,37,227.8,14.055,38.2473,0.2495
417000000,36,217.514,37.9619,31.5193,0.251
418000000,48,285.369,16.2128,50.9033,0.238
419000000,74,443.02,26.6027,81.559,0.249
420000000,28,157.776,4.50101,29.9389,0.2495
421000000,39,246.876,24.481,30.7226,0.245
422000000,65,388.017,-13.9502,58.9451,0.241
423000000,28,178.184,2.23751,31.1757,0.2615
424000000,21,116.785,5.36078,13.2239,0.2585
425000000,58,347.051,47.3417,53.5489,0.228
426000000,55,340.884,40.0986,75.2712,0.247
427000000,28,169.497,19.4585,28.9871,0.252
428000000,47,285.401,11.4287,38.1087,0.25
429000000,40,243.884,54.1943,38.2554,0.232
430000000,44,261.617,16.5499,48.8404,0.262333
431000000,86,507.589,43.5274,83.6618,0.246
432000000,29,172.117,10.3285,29.4394,0.234
433000000,41,251.74,65.1926,42.65,0.217
434000000,50,307.46,26.5875,53.3164,0.236
435000000,42,239.698,31.5785,41.1637,0.2315
436000000,62,363.458,40.9191,72.7796,0.214
437000000,37,216.986,41.9245,47.4307,0.221
438000000,30,187.503,41.3712,26.1403,0.247
439000000,42,233.897,28.8488,49.5924,0.24
440000000,57,350.128,46.7855,51.4681,0.248
441000000,32,180.483,30.9663,32.7284,0.2565
442000000,28,168.529,31.738,20.5534,0.2345
443000000,40,237.377,1.8591,32.4719,0.2475
444000000,54,326.125,31.8715,52.1844,0.242
445000000,45,268.112,-1.02557,56.5373,0.237
446000000,44,266.132,18.052,58.1121,0.2415
447000000,46,262.234,32.3318,56.6256,0.2315
448000000,26,159.594,26.4042,23.3629,0.229
449000000,14,88.9259,-52.4775,12.2392,0.2595
450000000,43,247.223,78.8721,43.1373,0.243
451000000,48,281.312,25.9956,54.7038,0.239
452000000,38,234.887,13.0707,40.2392,0.267
453000000,62,390.462,48.4846,65.1653,0.231
454000000,32,193.288,59.3766,40.0751,0.22
455000000,50,302.535,46.507,56.5292,0.264
456000000,57,357.171,-17.6971,50.7034,0.2675
457000000,43,255.957,53.7992,39.5577,0.215
458000000,37,222.183,10.8567,42.0038,0.2445
459000000,56,330.403,27.0992,48.0922,0.241
460000000,41,247.91,22.1252,56.9039,0.25
461000000,24,139.047,58.817,23.706,0.208
462000000,41,242.213,56.1622,34.4662,0.2255
463000000,53,329.91,17.9143,46.0846,0.232
464000000,36,222.024,-10.4399,37.2236,0.276
465000000,54,320.872,5.52081,47.6603,0.263
466000000,44,271.373,45.0787,56.888,0.2385
467000000,57,338.246,14.7165,73.039,0.255
468000000,39,221.06,-0.543684,30.0934,0.267
469000000,34,204.773,49.555,40.6669,0.2155
470000000,27,160.262,37.6411,36.5654,0.2485
471000000,36,216.059,13.5171,34.1869,0.251
472000000,47,289.513,2.47064,53.7884,0.2805
473000000,19,101.575,46.1976,19.9643,0.241
474000000,40,234.498,48.7445,50.0726,0.223
475000000,24,147.755,19.9097,17.6455,0.236
476000000,42,249.227,4.98487,37.4052,0.2685
477000000,40,237.268,37.8615,43.2772,0.245333
478000000,37,221.498,15.0931,46.1965,0.247
479000000,69,414.07,-0.432382,64.0449,0.257
480000000,36,201.429,12.4699,30.8722,0.2375
481000000,43,262.546,-8.81434,48.6379,0.251
482000000,30,177.243,57.3916,25.2437,0.239
483000000,38,224.915,60.0375,30.1454,0.205
484000000,51,303.743,75.5654,55.3835,0.218
485000000,36,220.652,48.4044,36.7516,0.236
486000000,59,361.95,50.7428,58.3542,0.237
487000000,26,156.235,-23.6768,28.1796,0.272667
488000000,26,162.806,11.867,18.1043,0.2426
489000000,58,345.89,5.87138,66.9367,0.27
490000000,54,328.1,52.3921,63.3631,0.242
491000000,39,238.453,32.766,40.4838,0.243
492000000,55,351.444,19.9125,60.7374,0.243
493000000,79,475.295,46.4662,76.5996,0.246
494000000,39,232.784,32.114,33.7829,0.255
495000000,39,234.972,49.6009,38.1449,0.233
496000000,28,152.875,-4.40617,37.9073,0.251333
497000000,53,305.647,23.0634,68.54,0.262
498000000,45,266.933,-4.52408,48.3503,0.267
499000000,34,214.121,34.209,35.3327,0.224
500000000,58,344.366,40.211,50.9825,0.235
501000000,58,345.937,40.6662,40.4419,0.231
502000000,22,129.18,14.2472,23.8499,0.244333
503000000,31,182.822,-5.51388,21.6492,0.264
504000000,34,202.015,60.8541,25.9667,0.237
505000000,28,175.106,-24.6489,26.5696,0.264
506000000,23,138.04,-8.61536,20.3254,0.2405
507000000,37,231.576,13.0999,39.5824,0.258
508000000,22,135.882,29.8829,17.8921,0.256
509000000,29,179.26,-8.99792,25.5386,0.2685
510000000,57,340.471,30.1043,54.4851,0.239
511000000,36,218.447,24.2297,36.2463,0.2665
512000000,72,449.595,1.51459,64.7854,0.2625
513000000,30,181.92,20.9993,34.2683,0.2345
514000000,31,183.357,62.8624,24.5344,0.2305
515000000,54,323.935,37.9999,45.2021,0.245
516000000,26,153.252,19.5256,35.3564,0.245
517000000,58,331.151,26.4717,77.4186,0.2315
518000000,28,172.959,41.5111,21.3352,0.24725
519000000,31,176.482,4.5112,32.3169,0.2535
520000000,30,182.543,27.8034,41.4959,0.224
521000000,61,361.126,-1.36236,62.4078,0.2635
522000000,46,265.645,34.3789,51.6314,0.2435
523000000,30,162.205,-4.33455,37.0224,0.2505
524000000,51,313.085,27.5108,55.8429,0.2735
525000000,61,358.787,-0.187466,69.7907,0.251
526000000,30,178.762,55.1718,30.9506,0.2195
527000000,44,254.444,8.12573,45.195,0.261
528000000,61,365.696,45.3366,70.5491,0.274
529000000,20,117.451,27.2605,24.5302,0.2455
530000000,36,213.032,10.7405,35.1349,0.236667
531000000,27,151.599,43.1806,17.7179,0.240667
532000000,45,270.896,33.7637,50.7537,0.261
533000000,41,241.925,51.3176,48.8537,0.224
534000000,49,303.214,10.9787,53.4664,0.234
535000000,38,226.617,27.5079,54.3278,0.219
536000000,30,180.035,34.195,21.6258,0.244
537000000,20,115.413,24.0706,13.0949,0.2345
538000000,58,357.658,35.4012,53.8082,0.257
539000000,43,254.408,2.76466,39.3723,0.259
540000000,49,286.988,1.39293,56.3705,0.25
541000000,28,168.549,15.1942,27.0679,0.25275
542000000,36,219.491,30.42,42.9805,0.2415
543000000,27,169.444,14.7301,27.3914,0.2657
544000000,27,159.026,54.3355,20.7965,0.232
545000000,28,162.575,4.54474,30.9245,0.2565
546000000,58,358.772,64.213,50.6844,0.216
547000000,25,145.933,17.0475,30.0514,0.233
548000000,49,277.726,43.9334,58.8204,0.23
549000000,57,349.657,8.2643,68.4706,0.239
550000000,69,425.26,47.507,63.9312,0.257
551000000,60,372.446,25.9329,50.7124,0.263
552000000,38,220.736,48.6367,38.5782,0.229
553000000,62,374.979,35.746,62.3353,0.244
554000000,49,301.476,33.6011,63.6768,0.229
555000000,39,229.327,27.3829,33.3186,0.227
556000000,58,334.231,17.6284,53.0951,0.266667
557000000,41,233.534,16.7994,49.4449,0.2565
558000000,36,217.054,1.61049,31.0104,0.245
559000000,39,229.953,-2.25966,32.8327,0.245
560000000,51,290.197,31.8182,60.2724,0.2365
561000000,47,280.453,76.6387,43.672,0.219
562000000,25,140.026,23.0695,27.4281,0.2355
563000000,62,364.101,32.9283,70.1144,0.286
564000000,46,278.63,10.1054,37.3632,0.265
565000000,24,150.393,26.0519,21.8573,0.2265
566000000,49,301.092,4.86475,44.2552,0.232
567000000,38,233.785,10.5651,57.3703,0.242667
568000000,23,142.874,3.64519,28.1599,0.2345
569000000,13,79.8198,-4.17277,10.4254,0.267429
570000000,49,304.837,18.1684,45.9475,0.2495
571000000,55,330.039,5.26132,45.2056,0.2525
572000000,59,359.862,50.3419,64.7937,0.2625
573000000,31,194.627,-10.5128,27.7842,0.248667
574000000,26,155.141,-2.37221,25.8117,0.247
575000000,60,365.699,47.7256,59.0615,0.219
576000000,28,155.811,23.6467,26.6054,0.2435
577000000,30,184.443,20.4361,27.5422,0.227
578000000,28,163.818,33.1909,31.2451,0.2385
579000000,47,276.987,3.46396,59.9449,0.27
580000000,25,142.574,41.8695,24.2928,0.223
581000000,49,284.448,18.6235,47.7,0.252
582000000,48,293.252,11.3319,61.7976,0.25
583000000,41,247.501,21.0964,45.7624,0.2625
584000000,37,215.311,-6.88958,46.2734,0.271
585000000,21,118.532,24.7408,16.1478,0.234
586000000,44,278.094,22.3767,42.4185,0.224
587000000,51,297.961,36.6746,49.08,0.23
588000000,56,337.817,32.0404,61.3001,0.234
589000000,24,134.647,40.1426,31.8105,0.231
590000000,70,418.804,53.0525,66.0928,0.2315
591000000,58,353.563,80.4547,58.1333,0.236
592000000,46,288.765,0.77358,44.2706,0.282
593000000,55,318.032,3.95377,36.4595,0.247
594000000,41,246.535,53.1184,34.3202,0.245
595000000,73,433.299,81.0407,79.4599,0.245
596000000,34,204.484,-19.65,27.3227,0.2625
597000000,71,411.963,46.5926,65.7428,0.272
598000000,59,354.186,58.3718,70.4826,0.243
599000000,79,473.547,31.8932,72.4473,0.2595
600000000,43,260.248,24.1392,40.397,0.2485
601000000,23,147.368,27.8538,28.0091,0.250333
602000000,35,204.269,16.5621,41.1553,0.25
603000000,40,242.793,31.0955,31.9595,0.262
604000000,29,175.297,34.8228,36.4473,0.222
605000000,52,319.417,32.0448,49.9327,0.259
606000000,50,305.831,52.5053,56.2015,0.253
607000000,26,162.089,54.2249,19.9518,0.223
608000000,57,345.925,66.4492,61.4809,0.252
609000000,33,193.302,12.4208,36.2298,0.24925
610000000,35,202.731,55.4975,30.7444,0.2185
611000000,27,166.069,37.6979,33.9712,0.2395
612000000,62,380.382,-1.90941,55.4407,0.2615
613000000,64,377.69,41.7874,76.8949,0.237
614000000,53,320.427,31.8477,56.7404,0.264
615000000,53,327.8,34.3211,44.0177,0.239
616000000,40,237.182,31.8541,40.035,0.248
617000000,22,130.07,-14.2909,27.4445,0.2805
618000000,40,245.654,33.6198,38.6767,0.225
619000000,47,276.545,17.2436,41.0822,0.2575
620000000,45,260.008,1.85984,41.7669,0.286
621000000,24,145.347,-3.25728,31.9747,0.25
622000000,42,257.445,43.6076,43.1006,0.239
623000000,32,182.237,-33.2052,29.1622,0.262
624000000,34,200.341,39.3671,25.3737,0.251
625000000,34,212.912,5.97035,28.8948,0.2475
626000000,29,181.156,7.95534,25.8494,0.2506
627000000,48,278.179,40.1948,45.5753,0.234
628000000,35,219.429,-8.81424,37.4029,0.252
629000000,34,209.084,26.637,33.292,0.2555
630000000,32,194.823,7.05542,34.1967,0.248
631000000,44,268.207,-6.69092,51.8584,0.272
632000000,36,221.27,37.2416,42.5842,0.2435
633000000,40,242.125,13.7757,43.7622,0.2596
634000000,46,278.405,43.0123,42.9892,0.2605
635000000,39,235.808,-2.58435,38.2457,0.27
636000000,34,214.76,54.6198,37.8218,0.2445
637000000,23,144.793,17.5031,25.682,0.249
638000000,42,256.677,-16.6293,34.6018,0.242
639000000,64,398.112,56.6524,66.3728,0.2325
640000000,50,304.077,52.9433,47.646,0.2605
641000000,28,171.323,53.7888,25.5345,0.229
642000000,36,215.958,29.0846,39.5164,0.249667
643000000,25,157.307,13.6196,15.7604,0.250167
644000000,40,226.865,-1.46297,37.8256,0.253
645000000,47,283.068,25.5649,47.5023,0.236
646000000,58,337.691,30.427,74.2203,0.259
647000000,32,192.44,23.0985,45.2721,0.235
648000000,46,266.96,12.9846,53.1338,0.259
649000000,39,234.893,11.4696,41.9455,0.2315
650000000,33,187.97,27.7426,35.1949,0.255143
651000000,43,243.206,11.1215,43.376,0.241
652000000,61,370.446,-23.3267,64.6408,0.255
653000000,61,365.514,54.2128,53.6492,0.234
654000000,34,197.852,14.2727,35.3441,0.246
655000000,36,218.312,-1.77667,33.0484,0.258111
656000000,68,410.578,35.5422,78.6115,0.2565
657000000,50,296.099,27.3542,42.7536,0.232
658000000,60,362.642,49.8601,57.2181,0.26
659000000,44,249.52,28.6421,43.0715,0.24
660000000,53,323.814,24.5263,49.3864,0.2315
661000000,24,137.577,-5.75764,25.0357,0.242
662000000,40,225.365,54.2645,45.8294,0.227
663000000,31,188.097,42.0306,43.3615,0.214
664000000,37,232.132,6.49605,33.9883,0.2485
665000000,41,242.84,-7.70016,44.1244,0.252
666000000,29,172.067,44.4252,18.8927,0.2445
667000000,52,308.439,46.0136,43.9178,0.246
668000000,56,347.361,8.37276,56.3093,0.297
669000000,29,175.468,21.2217,33.757,0.2575
670000000,17,100.326,28.1453,11.5233,0.231
671000000,22,127.516,21.5675,25.3066,0.248111
672000000,26,147.939,43.0172,25.6772,0.2455
673000000,11,64.8546,-16.4419,13.9763,0.2695
674000000,45,272.08,43.9503,46.1022,0.24
675000000,47,277.294,38.9123,48.2867,0.234
676000000,52,301.872,13.8065,52.2029,0.231
677000000,34,202.68,-26.4994,38.0192,0.267
678000000,43,245.59,57.4736,40.4739,0.25
679000000,33,205.827,65.3054,41.2349,0.234
680000000,37,220.319,25.2331,34.9126,0.269
681000000,46,268.685,51.0093,39.107,0.248
682000000,27,168.412,32.5167,28.304,0.224
683000000,27,163.615,-4.1913,23.7759,0.259
684000000,44,270.919,33.3159,26.5472,0.2545
685000000,63,370.777,53.3073,65.5419,0.238
686000000,20,124.31,23.1038,28.2048,0.2595
687000000,22,133.679,33.8148,14.9366,0.225
688000000,41,250.938,39.4262,42.1133,0.2385
689000000,38,225.689,39.5648,29.7982,0.2215
690000000,41,236.758,21.0353,42.369,0.2275
691000000,54,331.689,58.1642,52.7113,0.213
692000000,31,177.881,20.1297,32.1336,0.255
693000000,48,283.321,32.2279,52.298,0.221
694000000,26,152.246,54.4169,51.1766,0.235167
695000000,76,435.892,42.2765,61.0001,0.233
696000000,22,123.198,5.04666,23.3517,0.233333
697000000,42,253.46,35.901,44.4948,0.238
698000000,69,421.131,4.83192,70.6495,0.218
699000000,17,101.326,-16.9258,20.3808,0.2588
700000000,49,293.494,-0.296981,63.0352,0.241
701000000,51,311.483,60.2604,46.8453,0.2545
702000000,21,128.33,20.4669,15.0581,0.245
703000000,28,166.766,11.9748,26.2352,0.233
704000000,15,87.6964,28.5751,19.6745,0.2425
705000000,41,247.375,13.0354,48.5567,0.248
706000000,43,261.216,39.9752,43.0006,0.244
707000000,28,166.833,-13.6918,30.1524,0.263
708000000,41,251.675,11.6154,38.5172,0.244
709000000,40,243.483,24.905,31.359,0.27
710000000,54,318.991,29.8112,56.4627,0.23
711000000,46,275.197,31.3479,48.3855,0.241
712000000,30,178.477,41.2464,32.5753,0.246
713000000,33,199.138,43.0394,37.47,0.247
714000000,48,291.481,39.405,33.4682,0.252
715000000,55,337.693,26.5667,52.169,0.249
716000000,37,227.552,59.6858,34.8115,0.233
717000000,43,261.749,53.5743,48.5776,0.2435
718000000,54,318.4,-0.0114249,59.3238,0.259
719000000,40,240.558,19.2043,40.88,0.233
720000000,48,290.705,22.9899,50.0266,0.267
721000000,33,203.144,-19.363,25.0702,0.2605
722000000,58,338.151,78.6922,59.7137,0.234
723000000,51,304.759,24.4464,46.6986,0.24075
724000000,41,240.93,5.63837,44.8928,0.24
725000000,47,285.119,67.3088,43.4468,0.216
726000000,46,274.497,35.5834,55.8039,0.2525
727000000,32,177.15,14.6228,35.4594,0.237
728000000,27,171.506,-5.42721,29.7898,0.2565
729000000,36,215.945,43.0054,33.9621,0.2405
730000000,47,291.355,53.9351,42.5522,0.241
731000000,26,153.369,17.1746,22.5926,0.236
732000000,70,439.275,39.6535,76.0899,0.2585
733000000,57,352.21,52.1732,53.7414,0.244
734000000,43,265.802,-20.7152,51.6391,0.263
735000000,42,245.564,29.5441,54.0897,0.242
736000000,39,238.864,28.2804,40.6893,0.25
737000000,38,225.82,77.6746,30.8475,0.2245
738000000,59,353.894,44.975,63.3179,0.2525
739000000,48,294.028,34.9841,36.5657,0.258
740000000,45,263.033,15.2833,56.2964,0.262
741000000,26,161.03,9.99709,40.0236,0.2545
742000000,32,197.233,55.9174,36.144,0.245
743000000,29,167.309,17.5463,31.6813,0.26025
744000000,47,277.927,25.8218,53.5822,0.2355
745000000,27,162.986,34.5743,24.3062,0.252667
746000000,69,411.252,51.5813,69.5595,0.22
747000000,44,252.882,27.4906,41.052,0.229
748000000,54,328.106,31.225,49.101,0.26
749000000,23,135.806,7.84139,18.184,0.2465
750000000,44,263.816,44.9324,54.0006,0.247
751000000,33,197.776,57.7988,26.4592,0.194
752000000,39,228.893,26.9747,48.4907,0.218
753000000,49,272.146,49.2792,56.8206,0.2125
754000000,28,164.807,21.4347,34.9108,0.2245
755000000,48,285.195,23.2386,50.4033,0.2455
756000000,18,93.5872,10.9447,18.1859,0.24725
757000000,27,166.254,43.8328,33.6333,0.232667
758000000,24,144.985,29.4264,24.8094,0.226
759000000,29,179.294,-34.5678,45.6888,0.274
760000000,28,168.588,-1.71234,26.2165,0.23
761000000,54,313.884,54.9807,44.8621,0.247
762000000,51,296.061,39.2244,51.7781,0.25
763000000,47,274.129,15.68,51.253,0.248
764000000,37,219.666,-18.6317,34.7643,0.2465
765000000,78,475.229,61.4597,77.1475,0.252
766000000,18,110.845,37.8453,23.4885,0.235
767000000,55,327.716,77.2523,49.4378,0.226
768000000,41,241.065,13.2427,46.2322,0.254
769000000,50,290.949,43.9061,49.598,0.231
770000000,38,226.056,10.0202,51.9514,0.25925
771000000,44,277.733,13.5118,39.9224,0.247
772000000,39,249.459,24.0955,36.5518,0.241
773000000,41,247.867,32.8115,41.562,0.25
774000000,43,254.022,11.6638,41.3718,0.239
775000000,39,221.408,18.299,44.9501,0.261
776000000,21,126.55,-0.802806,22.5528,0.227667
777000000,34,191.003,-9.56459,35.0106,0.2555
778000000,51,313.041,48.2417,54.926,0.2275
779000000,19,118.248,31.5191,24.7916,0.225
780000000,24,140.321,-14.9842,23.9293,0.267
781000000,34,205.789,21.2193,37.1002,0.222
782000000,41,253.598,16.7867,49.2942,0.257
783000000,32,185.871,27.3764,33.6881,0.253
784000000,40,245.51,-6.74188,33.7291,0.261
785000000,60,362.72,59.7817,68.952,0.23
786000000,48,274.707,25.3504,47.8655,0.249
787000000,48,290.489,52.5664,34.7092,0.237
788000000,13,82.2373,-10.3525,11.3927,0.2675
789000000,74,429.755,42.5206,73.1981,0.221
790000000,32,181.275,-11.3305,29.7842,0.2645
791000000,30,180.216,36.6692,35.5946,0.218
792000000,23,146.605,15.5182,21.8123,0.2415
793000000,26,150.942,-9.05084,22.9516,0.27
794000000,38,228.635,13.5381,38.2764,0.2305
795000000,26,148.749,9.60724,29.0205,0.2445
796000000,24,143.152,52.3781,24.9534,0.236
797000000,47,272.644,-10.1985,43.2362,0.298
798000000,61,380.888,37.0121,61.4331,0.245
799000000,44,273.023,47.0213,39.4765,0.245
800000000,37,220.459,75.6495,40.1663,0.2365
801000000,30,161.892,6.37187,22.0213,0.2495
802000000,24,145.143,0.908512,21.094,0.249375
803000000,51,297.277,61.1401,61.1082,0.269
804000000,53,323.257,22.4229,52.5815,0.257
805000000,47,278.025,38.0838,49.9844,0.2535
806000000,31,186.876,18.6243,27.4701,0.2425
807000000,53,318.059,-23.9444,65.4323,0.271
808000000,21,115.275,-11.0316,18.4752,0.269
809000000,59,361.462,33.8613,53.9571,0.248
810000000,56,342.346,63.532,55.5182,0.244
811000000,54,311.463,28.6427,54.4947,0.238
812000000,59,352.398,58.6677,69.3793,0.221
813000000,36,217.403,14.9528,34.1753,0.2465
814000000,47,288.126,26.1035,58.3492,0.261
815000000,41,238.414,17.8174,43.0902,0.275
816000000,29,158.965,49.3407,29.0063,0.2295
817000000,46,278.64,41.8184,48.9034,0.2495
818000000,31,180.877,17.844,28.8226,0.2205
819000000,37,220.915,19.6409,36.9269,0.242
820000000,52,312.215,67.2577,48.1104,0.224
821000000,44,263.441,16.4257,35.0926,0.2565
822000000,26,155.964,54.3748,30.3434,0.250333
823000000,40,228.794,31.2786,44.7543,0.223
824000000,41,255.613,-2.25038,37.6611,0.245
825000000,26,159.832,22.8854,17.0562,0.241
826000000,31,187.172,23.4595,30.4804,0.234
827000000,28,159.807,0.349833,21.7867,0.273
828000000,36,217.585,7.45606,38.1018,0.2495
829000000,41,247.473,35.2329,41.9396,0.255
830000000,29,171.777,28.7405,26.4773,0.240125
831000000,35,202.536,69.2662,32.5503,0.233
832000000,37,223.768,27.0061,34.673,0.2385
833000000,41,239.165,10.8968,43.6948,0.257
834000000,17,100.91,31.6041,23.6266,0.231
835000000,50,299.574,29.6683,40.9224,0.23
836000000,41,246.726,51.2501,38.9243,0.239
837000000,36,206.98,23.4737,37.5386,0.2445
838000000,41,243.784,29.8242,31.165,0.239
839000000,59,354.1,32.096,61.3369,0.255
840000000,23,135.598,-23.204,35.1211,0.256667
841000000,31,184.894,36.9738,33.9175,0.238
842000000,26,154.76,4.30963,26.1568,0.242
843000000,26,152.613,24.952,22.0593,0.236
844000000,35,224.464,-9.9401,39.9222,0.254
845000000,54,331.944,71.9431,42.5889,0.239
846000000,56,348.686,44.0136,46.3299,0.2465
847000000,69,404.248,66.6706,79.3936,0.2395
848000000,35,193.922,30.4458,29.7156,0.25
849000000,41,232.567,60.1157,52.7194,0.237
850000000,60,357.308,4.92766,56.724,0.278
851000000,35,212.986,31.7129,34.1334,0.245
852000000,56,343.513,7.75921,55.0352,0.247
853000000,58,342.198,-0.276468,66.1609,0.273
854000000,68,396.853,57.1349,68.6858,0.26
855000000,56,328.363,32.7773,58.8651,0.24
856000000,52,298.59,-11.6582,53.5982,0.266
857000000,49,287.421,6.14764,48.4619,0.2775
858000000,57,347.973,11.6275,63.8526,0.237
859000000,24,138.077,22.2661,26.6055,0.2395
860000000,28,177.296,51.0099,40.4107,0.224
861000000,34,195.522,10.9869,27.1816,0.246
862000000,18,110.953,-15.009,20.6484,0.2725
863000000,32,194.414,14.5939,30.2375,0.2355
864000000,36,219.551,16.5537,29.8989,0.2745
865000000,40,241.724,20.9845,48.5792,0.237
866000000,24,143.514,35.8909,27.4856,0.244
867000000,37,225.756,37.258,29.6819,0.239
868000000,61,370.532,6.28764,62.8358,0.2535
869000000,28,159.469,18.6627,22.8079,0.2545
870000000,41,243.266,25.5392,53.8934,0.2615
871000000,38,218.655,-4.84724,37.4047,0.2485
872000000,63,376.393,15.0288,60.4316,0.235
873000000,26,166.37,2.55682,20.2567,0.237
874000000,51,294.635,26.0122,44.3023,0.247
875000000,23,143.305,5.04844,30.7455,0.257
876000000,32,181.293,36.7303,36.7487,0.236
877000000,23,133.88,13.4759,28.5329,0.239
878000000,37,211.666,17.0933,33.9018,0.27
879000000,55,338.517,8.50156,53.3721,0.2495
880000000,20,110.54,19.9007,16.4904,0.252
881000000,52,320.057,16.6477,51.9386,0.238
882000000,47,282.907,11.7446,42.4291,0.246667
883000000,57,342.129,27.5897,53.8076,0.254
884000000,23,139.136,-16.7758,17.893,0.263333
885000000,36,212.356,11.4082,37.9937,0.24075
886000000,37,219.452,-18.2449,29.8841,0.2665
887000000,37,230.896,51.0956,45.5367,0.226
888000000,25,152.05,42.2219,29.7503,0.25
889000000,51,311.031,42.8873,51.3013,0.228
890000000,52,305.918,-18.4269,49.5586,0.283
891000000,40,241.249,22.6568,39.5521,0.26
892000000,66,387.215,71.8165,59.3976,0.223
893000000,29,177.65,5.8446,26.6583,0.241
894000000,62,371.366,6.22003,55.9824,0.252
895000000,44,261.843,50.4549,41.9083,0.24
896000000,44,258.339,53.4126,45.7439,0.248
897000000,36,213.502,10.4428,24.9828,0.2395
898000000,46,286.065,35.8621,40.1161,0.247
899000000,42,249.338,24.4627,36.2961,0.272
900000000,59,356.182,35.0635,48.1096,0.242
901000000,43,264.326,44.7407,39.2574,0.232
902000000,36,202.649,29.5969,30.4406,0.2355
903000000,55,321.563,26.0285,52.7763,0.251
904000000,32,191.952,-1.3573,37.2762,0.272
905000000,38,224.991,-17.3115,41.7047,0.228
906000000,40,229.535,33.4625,33.7985,0.243
907000000,39,227.639,13.2227,31.2917,0.235
908000000,56,321.188,32.7313,64.1631,0.2555
909000000,51,313.311,-10.4671,39.6839,0.269
910000000,22,134.361,43.2447,18.3218,0.2365
911000000,41,242.49,7.92321,51.3798,0.25
912000000,22,131.544,14.0151,22.2136,0.2545
913000000,41,248.93,-3.75103,41.7105,0.254
914000000,29,164.212,13.2024,35.8698,0.254
915000000,41,225.677,-7.73857,30.397,0.2635
916000000,53,309.481,10.96,50.4786,0.248
917000000,21,122.121,2.52473,20.7596,0.257
918000000,36,210.963,6.60649,30.6352,0.2645
919000000,30,179.715,63.4737,36.0062,0.247
920000000,55,324.611,49.4544,47.7184,0.2355
921000000,49,279.984,5.68158,44.1004,0.2525
922000000,49,303.803,12.7703,49.7621,0.2595
923000000,48,300.087,-0.157201,35.9724,0.254
924000000,32,203.084,19.0832,36.1794,0.2665
925000000,63,380.14,16.9002,66.1017,0.239
926000000,32,197.586,23.4702,38.3497,0.232333
927000000,20,112.67,29.7794,12.9948,0.22125
928000000,46,277.761,11.3398,50.7585,0.2445
929000000,30,183.56,20.9656,31.7726,0.233
930000000,37,224.524,-16.2457,46.3362,0.2595
931000000,36,222.492,37.4206,35.6344,0.228
932000000,47,279.366,16.4243,43.4894,0.239
933000000,33,197.114,34.6633,30.4445,0.251
934000000,48,288.051,60.3995,46.3537,0.2355
935000000,50,304.9,29.5349,49.3602,0.2425
936000000,35,214.122,9.2191,32.2456,0.269
937000000,29,167.616,15.529,36.8423,0.241625
938000000,36,219.961,20.4012,32.0556,0.245
939000000,32,192.884,36.608,34.9624,0.256
940000000,41,253.826,40.9746,50.3209,0.2295
941000000,46,267.985,32.8814,36.2745,0.2335
942000000,44,262.948,49.3713,32.7207,0.2295
943000000,16,92.2271,12.0512,14.1812,0.266
944000000,54,330.371,49.3467,58.8701,0.224
945000000,31,183.18,-8.37633,30.7507,0.2505
946000000,39,239.62,32.5031,52.6878,0.2445
947000000,40,249.91,37.8526,26.7528,0.249
948000000,56,330.093,1.93058,50.678,0.244
949000000,35,206.509,-45.4075,46.4221,0.276667
950000000,31,185.272,8.13384,28.6413,0.227
951000000,23,130.933,8.52287,31.6105,0.253667
952000000,29,180.075,43.1309,29.0174,0.238
953000000,34,205.208,22.1917,29.128,0.245
954000000,43,252.938,39.8241,42.2832,0.2465
955000000,35,229.916,11.0929,34.5994,0.234
956000000,64,388.923,44.0956,68.3229,0.258
957000000,33,202.647,-10.9859,31.6838,0.2705
958000000,39,223.553,40.6832,39.7808,0.233
959000000,47,283.304,14.9039,38.1333,0.2665
960000000,57,324.66,66.3618,55.8624,0.2385
961000000,63,371.881,30.1939,60.8946,0.245
962000000,32,196.715,45.3607,22.6786,0.256
963000000,70,433.068,-16.0794,72.194,0.2605
964000000,21,128.288,18.8425,20.9151,0.237
965000000,38,225.044,42.7239,31.2452,0.2445
966000000,50,290.008,51.4488,47.7433,0.234
967000000,37,224.773,17.3149,34.644,0.245
968000000,54,322.297,32.0936,48.529,0.2575
969000000,57,347.434,29.0944,43.2813,0.247
970000000,39,231.184,33.7723,48.2179,0.271333
971000000,30,190.076,-21.8204,28.8175,0.2615
972000000,51,299.701,35.0439,50.1197,0.236
973000000,34,200.027,-14.9445,39.2632,0.272
974000000,30,181.103,29.5208,22.2972,0.235
975000000,37,222.748,24.48,43.5418,0.2665
976000000,31,183.494,21.4245,40.4122,0.2245
977000000,20,120.074,-6.73744,22.442,0.244667
978000000,27,165.573,35.9435,24.9737,0.258
979000000,55,316.118,16.1486,58.3194,0.24
980000000,24,140.551,-25.7949,28.8861,0.268
981000000,50,298.476,23.4134,52.6314,0.229
982000000,41,247.824,18.529,37.6051,0.249
983000000,35,202.073,36.2971,31.971,0.230667
984000000,62,371.371,73.6137,63.2924,0.244
985000000,36,221.8,61.0985,36.4984,0.238
986000000,36,201.433,31.4562,43.1766,0.248
987000000,36,193.681,42.3485,32.6417,0.2375
988000000,55,308.381,38.7486,54.1649,0.2305
989000000,36,225.396,35.4823,36.6883,0.2385
990000000,37,214.55,35.0372,24.2875,0.22
991000000,35,213.759,57.7922,35.6104,0.2225
992000000,40,244.948,27.1661,48.6317,0.254
993000000,43,256.911,-2.08607,29.9554,0.269
994000000,42,264.149,7.86632,46.829,0.2405
995000000,59,364.24,17.924,68.4668,0.221
996000000,31,177.066,26.2907,30.0456,0.216
997000000,52,318.671,10.9686,60.9669,0.2275
998000000,22,126.254,5.29513,17.1474,0.229
999000000,27,166.706,2.44309,20.6085,0.2585
