generation,N_shifts,logPrior,logLik,eventRate,acceptRate
0,0,-7.47376,-46076.1,200,0
1000000,28,161.433,-11.3266,26.9807,0.275
2000000,54,308.656,13.3646,50.7592,0.25025
3000000,28,161.245,35.8749,24.9134,0.234
4000000,57,341.333,41.2863,56.0981,0.24
5000000,45,272.111,86.505,48.3587,0.224
6000000,58,342.257,39.2709,49.2185,0.246
7000000,60,352.839,54.9617,64.942,0.247
8000000,28,161.418,19.8519,29.3357,0.227333
9000000,42,253.748,44.178,55.2241,0.24
10000000,53,316.299,29.7617,61.2874,0.249
11000000,52,322.37,39.0954,67.3457,0.2445
12000000,28,158.708,20.3776,30.7777,0.2485
13000000,54,319.997,56.7783,67.5337,0.2565
14000000,19,112.762,54.1905,15.6045,0.236222
15000000,47,296.16,32.9156,42.2569,0.2245
16000000,53,317.133,39.8299,43.5397,0.265
17000000,43,259.915,54.8832,53.6186,0.2175
18000000,52,314.625,37.7367,66.1418,0.242
19000000,33,191.428,8.84144,34.0676,0.246
20000000,41,248.974,29.0706,43.6284,0.231
21000000,41,256.508,-18.0061,49.317,0.28
22000000,35,196.148,-6.62499,33.3705,0.242
23000000,26,154.134,54.0338,23.0332,0.2575
24000000,43,270.325,24.6294,60.1647,0.249
25000000,48,292.023,38.8888,48.9533,0.258
26000000,36,223.774,45.0308,35.6375,0.248
27000000,64,382.689,52.9763,81.9658,0.236
28000000,43,265.229,6.09507,43.0679,0.267667
29000000,63,380.303,64.0351,74.5216,0.2435
30000000,70,429.728,69.7518,64.9383,0.2395
31000000,56,333.808,36.6071,61.4036,0.236
32000000,39,231.707,32.5744,40.0742,0.243
33000000,51,309.451,76.4998,52.7737,0.241
34000000,64,379.044,28.9161,63.5111,0.261
35000000,31,171.052,25.9174,28.7543,0.267
36000000,64,362.906,63.3506,59.2926,0.232
37000000,26,157.252,71.1965,19.3351,0.23
38000000,25,141.52,76.7703,27.8376,0.225
39000000,40,237.663,37.5198,35.7319,0.2505
40000000,46,267.553,70.4729,47.0668,0.2195
41000000,74,434.42,41.87,74.4497,0.245
42000000,75,430.995,37.915,73.2832,0.227
43000000,56,343.514,55.5242,65.6048,0.247
44000000,45,280.24,31.3023,45.804,0.278
45000000,23,140.261,17.2292,25.7151,0.257667
46000000,64,385.092,41.7456,58.4012,0.247
47000000,51,302.123,24.0631,52.4246,0.269
48000000,18,111.555,19.2034,13.9023,0.254
49000000,22,136.537,16.3559,21.817,0.2435
50000000,32,195.626,32.7081,27.961,0.2515
51000000,19,113.169,-6.85195,17.2888,0.254
52000000,45,263.741,-23.804,50.6782,0.262667
53000000,45,263.717,53.6034,43.5294,0.243
54000000,41,246.518,29.5113,44.4746,0.258
55000000,45,270.448,5.75847,40.8324,0.247333
56000000,58,355.465,18.8464,51.6778,0.281
57000000,29,171.198,22.2761,36.0005,0.253
58000000,35,217.51,29.2084,37.0908,0.245
59000000,45,272.045,31.3117,47.3565,0.234
60000000,44,269.266,50.614,47.9965,0.257
61000000,46,278.102,54.0285,46.3741,0.241
62000000,27,166.49,26.6259,25.8801,0.255
63000000,52,306.764,38.8456,58.1144,0.2405
64000000,39,235.876,2.84606,39.6057,0.252182
65000000,44,230.538,16.5107,66.6775,0.297
66000000,48,289.066,13.1315,46.196,0.261
67000000,38,216.752,34.1509,56.1963,0.251
68000000,57,362.079,35.5898,63.3703,0.2145
69000000,31,185.033,36.4708,30.6256,0.2415
70000000,45,273.841,40.4467,57.455,0.238
71000000,60,357.438,19.5431,59.8792,0.241
72000000,39,243.557,23.9987,37.616,0.246
73000000,61,353.747,41.6092,62.5597,0.243
74000000,41,232.096,76.4192,35.2368,0.23
75000000,40,241.706,31.3731,41.556,0.2565
76000000,47,282.463,28.0807,59.0607,0.25
77000000,48,289.141,28.9118,50.2322,0.245
78000000,50,293.017,54.7017,53.4094,0.2345
79000000,39,240.853,64.9993,40.7534,0.241
80000000,54,324.191,20.805,56.1153,0.242
81000000,57,334.638,37.0356,62.7598,0.2455
82000000,41,248.729,38.3482,37.3546,0.256
83000000,37,232.394,45.3583,34.8769,0.226
84000000,49,293.48,58.2375,48.4526,0.247
85000000,57,340.419,11.9702,50.9702,0.249
86000000,37,214.853,36.5074,36.6562,0.253667
87000000,30,187.446,45.8108,33.0607,0.223
88000000,30,184.676,43.6333,34.8169,0.246
89000000,26,149.529,14.7169,28.0273,0.2645
90000000,31,176.319,38.4996,30.4773,0.2285
91000000,30,182.588,13.8949,27.7405,0.266
92000000,22,135.693,47.9374,28.0603,0.223
93000000,23,133.07,-29.9333,21.2642,0.265
94000000,60,354.388,53.7368,59.1294,0.235
95000000,25,152.594,20.3892,23.1549,0.236
96000000,40,243.327,41.0109,37.8193,0.230333
97000000,29,175.081,43.4501,22.5528,0.2365
98000000,93,552.05,29.6786,90.2508,0.213
99000000,46,280.096,45.2087,46.7079,0.237
100000000,27,154.732,23.1688,26.1334,0.248833
101000000,55,333.586,52.9703,42.4595,0.274
102000000,46,283.586,62.6545,49.0405,0.247
103000000,56,319.263,68.9313,70.9791,0.222
104000000,43,259.103,-11.8675,43.5722,0.262667
105000000,46,265.139,65.6466,48.1588,0.2435
106000000,29,179.143,2.49558,42.6287,0.2518
107000000,32,181.811,43.4356,34.0335,0.218
108000000,52,320.949,57.4252,49.1165,0.248
109000000,90,535.106,49.2658,84.811,0.224
110000000,72,414.661,23.8036,80.7833,0.258
111000000,40,236.894,44.3936,39.1374,0.23
112000000,23,131.987,15.6127,21.1843,0.2582
113000000,35,204.66,46.6431,55.396,0.236
114000000,50,299.509,36.13,44.8217,0.257
115000000,31,189.495,29.9824,45.0999,0.247
116000000,72,419.171,20.4186,69.6584,0.2395
117000000,31,190.904,-1.53354,38.1346,0.2595
118000000,30,182.773,24.6977,25.7593,0.2585
119000000,28,158.662,-6.44225,23.1363,0.2425
120000000,40,248.047,27.7361,36.8832,0.2315
121000000,43,257.759,26.9764,46.1725,0.2585
122000000,25,149.906,25.5204,20.1484,0.243
123000000,41,255.727,40.1623,34.1311,0.2445
124000000,25,149.074,42.8348,29.0983,0.244
125000000,42,252.219,42.1048,41.1164,0.232
126000000,33,197.224,40.6703,34.0961,0.254
127000000,51,318.724,39.0243,53.5821,0.2305
128000000,47,286.74,21.9545,46.5017,0.243
129000000,46,273.456,38.882,37.5626,0.2405
130000000,100,598.283,32.6141,95.1218,0.251
131000000,63,368.787,-8.23653,51.4128,0.243
132000000,45,270.976,75.5057,49.0259,0.243
133000000,21,134.472,17.4436,23.4792,0.227
134000000,40,240.923,32.2219,35.5256,0.235
135000000,58,341.6,68.8065,52.3251,0.2295
136000000,30,174.782,31.2992,31.0093,0.255
137000000,39,239.499,42.4313,24.3178,0.235
138000000,36,215.632,12.3901,36.417,0.2465
139000000,36,219.959,47.8288,38.0154,0.231667
140000000,50,311.069,43.3322,38.7213,0.249
141000000,20,123.913,18.4117,29.8569,0.2295
142000000,40,242.225,41.4289,28.9491,0.2515
143000000,37,209.914,16.3331,41.4115,0.241
144000000,44,251.668,48.7012,36.22,0.244
145000000,36,224.101,24.3415,34.8135,0.2345
146000000,65,394.17,33.1845,61.8235,0.241
147000000,37,227.878,49.1538,38.4793,0.232
148000000,26,160.909,3.13015,24.376,0.255
149000000,50,294.189,49.1992,52.3887,0.245
150000000,59,343.326,44.0098,54.4861,0.2515
151000000,52,311.897,22.1208,50.1997,0.253
152000000,52,317.081,24.5962,50.3879,0.234
153000000,34,196.687,28.8473,27.5254,0.2475
154000000,61,370.066,25.5564,53.1026,0.2615
155000000,50,285.425,22.7775,45.6404,0.263
156000000,61,360.309,47.0706,59.6241,0.252
157000000,29,175.201,26.8081,26.4459,0.222
158000000,43,244.153,50.7134,38.6226,0.243
159000000,34,215.342,21.5002,43.108,0.246
160000000,55,326.939,11.8441,50.0797,0.2565
161000000,41,237.562,26.5596,42.28,0.2335
162000000,35,202.205,62.6395,32.1828,0.242
163000000,22,133.935,-29.5777,19.872,0.2775
164000000,33,198.767,49.4752,36.1574,0.2335
165000000,39,233.489,10.4782,30.7029,0.243
166000000,23,137.414,58.5735,30.9469,0.237
167000000,55,315.217,20.1224,64.5197,0.241
168000000,33,188.613,48.5609,29.5549,0.2295
169000000,48,284.123,18.1632,55.7186,0.269
170000000,41,245.526,66.3586,51.8761,0.2235
171000000,68,407.875,45.1986,60.0367,0.222
172000000,27,157.507,22.6824,25.0437,0.2835
173000000,35,208.335,38.3507,32.9537,0.243
174000000,33,202.372,21.346,38.044,0.2505
175000000,46,281.95,39.8495,37.2181,0.254
176000000,48,292.566,36.2907,69.3816,0.262
177000000,57,355.308,-2.45348,52.9245,0.272
178000000,23,127.61,19.4133,15.2913,0.232
179000000,37,228.848,53.2155,31.6038,0.233
180000000,44,259.327,26.0452,36.4651,0.23
181000000,28,161.846,50.6466,23.6925,0.249286
182000000,59,346.381,63.9403,53.0841,0.234
183000000,51,307.357,61.9116,61.1871,0.257
184000000,52,318.787,23.9591,67.8103,0.2485
185000000,51,305.519,32.6513,48.8942,0.251
186000000,50,302.115,19.0198,49.187,0.2505
187000000,51,315.425,50.0028,58.1415,0.27
188000000,50,296.696,37.7369,70.2501,0.238
189000000,57,339.767,51.2746,45.5773,0.225
190000000,57,342.992,48.3659,63.8049,0.245
191000000,41,254.272,55.0533,48.8302,0.247
192000000,63,370.357,33.1357,59.278,0.25
193000000,39,232.479,33.448,39.9479,0.22
194000000,37,224.981,16.6604,53.5822,0.249
195000000,35,208.517,44.0468,22.7666,0.237
196000000,30,168.032,58.155,29.7327,0.2245
197000000,48,281.069,33.0852,39.4995,0.2535
198000000,48,286.439,42.6731,53.0844,0.2445
199000000,35,214.043,13.4731,39.0136,0.2525
200000000,35,211.429,23.1229,30.0127,0.2245
201000000,43,238.618,67.9586,37.3972,0.235
202000000,53,315.624,27.5535,57.9967,0.254
203000000,38,226.17,72.8267,51.4294,0.225
204000000,37,218.262,61.0502,32.2339,0.2135
205000000,27,164.487,29.1775,24.1141,0.241
206000000,41,247.198,32.2241,34.3658,0.257
207000000,33,199.131,-2.95217,37.3275,0.236
208000000,62,383.602,39.3974,60.6353,0.245
209000000,42,256.811,39.5111,40.5909,0.254
210000000,25,145.293,38.2408,17.9994,0.228
211000000,26,155.662,76.2908,27.8838,0.232
212000000,40,239.63,73.4228,49.4708,0.247818
213000000,56,328.181,24.5084,58.5795,0.237
214000000,34,202.74,32.7465,30.8441,0.2485
215000000,29,177.596,16.3326,31.6757,0.2355
216000000,40,235.479,26.1413,46.5082,0.2425
217000000,36,216.457,-2.72271,30.4337,0.258
218000000,50,297.987,21.2014,41.6929,0.2575
219000000,64,385.197,24.1129,70.6646,0.238
220000000,41,247.281,41.7131,40.8116,0.238
221000000,43,265.524,25.9125,41.648,0.255
222000000,40,238.067,-3.02141,36.9737,0.2785
223000000,43,248.202,39.4475,41.4308,0.25
224000000,25,154.336,5.76148,24.4949,0.2558
225000000,32,191.202,60.1596,39.7901,0.227
226000000,36,210.655,34.5858,42.706,0.243667
227000000,26,154.905,24.3622,27.8442,0.2395
228000000,62,376.142,49.987,66.462,0.243
229000000,27,161.517,32.3947,27.048,0.243333
230000000,37,207.716,57.0546,28.0881,0.245
231000000,40,240.492,64.0557,51.6776,0.237
232000000,53,311.155,37.6337,48.9777,0.247
233000000,58,366.573,44.1564,57.0732,0.261
234000000,41,243.243,47.0481,46.9599,0.239
235000000,61,368.76,8.9118,62.5975,0.245
236000000,53,318.861,12.3746,51.2092,0.24525
237000000,48,286.945,54.1407,40.2412,0.2315
238000000,49,288.274,-1.34694,45.4329,0.265
239000000,43,268.041,54.116,50.1639,0.229
240000000,36,206.247,42.1936,38.8798,0.236
241000000,63,372.06,41.7724,57.7028,0.294
242000000,38,223.008,35.0671,43.3748,0.23
243000000,59,342.6,22.3312,57.5614,0.2495
244000000,37,224.428,66.2457,31.8281,0.256
245000000,58,349.67,27.7852,65.5313,0.239
246000000,32,187.999,30.5686,36.9349,0.2685
247000000,43,263.72,34.1653,40.6466,0.2455
248000000,35,204.375,62.4924,40.0608,0.2255
249000000,34,201.262,47.4123,26.7704,0.232
250000000,52,315.259,22.3356,52.1344,0.259
251000000,41,257.082,89.0556,38.1583,0.23
252000000,43,259.925,45.9204,46.6868,0.2485
253000000,54,317.208,47.406,65.0353,0.238
254000000,29,185.148,35.5245,28.163,0.2535
255000000,45,270.477,28.8133,38.3988,0.238
256000000,36,217.6,7.03215,40.2547,0.274
257000000,56,338.068,21.4503,45.9629,0.2545
258000000,39,238.619,65.4212,37.1338,0.223
259000000,38,224.178,26.595,34.8397,0.259
260000000,39,234.442,28.553,32.369,0.2425
261000000,47,280.815,63.8673,49.8518,0.241
262000000,44,267.756,28.976,44.1643,0.231
263000000,40,238.908,43.7177,46.6916,0.2402
264000000,42,250.244,35.0557,40.7603,0.261
265000000,40,233.634,40.1127,51.9827,0.265
266000000,88,536.867,38.6463,84.6516,0.24
267000000,22,129.592,28.7066,18.9925,0.2386
268000000,44,270.383,40.5896,36.4067,0.21
269000000,45,284.987,67.5109,51.3288,0.2435
270000000,50,308.294,79.9056,52.7285,0.2265
271000000,49,287.451,1.85317,53.4961,0.2555
272000000,53,313.643,48.6945,65.65,0.234
273000000,44,264.254,60.4514,55.4551,0.2415
274000000,38,236.051,43.6443,43.1872,0.243667
275000000,54,325.253,85.1278,51.9382,0.236
276000000,40,236.6,70.1425,45.9463,0.2325
277000000,65,395.073,22.8334,74.8526,0.2485
278000000,30,177.808,34.464,38.4868,0.2575
279000000,45,277.505,15.287,49.1881,0.232
280000000,43,265.487,40.193,43.5076,0.2305
281000000,40,239.16,4.31795,40.4875,0.256714
282000000,26,152.091,46.1061,29.0862,0.222
283000000,36,217.667,36.1957,36.6758,0.2445
284000000,39,227.631,52.5694,39.4071,0.233
285000000,57,340.421,6.33207,52.6704,0.266
286000000,33,196.428,74.9334,32.4912,0.2235
287000000,38,222.509,45.5059,33.0058,0.2565
288000000,42,257.771,23.6714,47.6339,0.28
289000000,33,202.927,19.6457,45.3974,0.251
290000000,57,342.565,27.0928,49.6427,0.246
291000000,35,207.57,20.5658,30.7479,0.2435
292000000,45,272.297,20.9222,47.1189,0.245
293000000,34,205.194,47.0173,29.5616,0.2575
294000000,28,170.04,28.8797,30.1001,0.2365
295000000,51,309.128,28.9516,47.885,0.254
296000000,47,261.392,20.1897,54.2473,0.250333
297000000,47,274.166,84.0359,38.4787,0.245
298000000,43,253.994,49.2532,50.1081,0.232
299000000,49,281.261,65.1785,47.7834,0.233
300000000,62,370.537,44.8384,54.0569,0.241
301000000,39,218.282,41.6356,38.3434,0.261
302000000,32,187.663,50.0762,38.505,0.234111
303000000,47,283.646,28.1099,49.0778,0.2275
304000000,40,242.264,34.1584,43.6132,0.2485
305000000,45,278.816,42.549,45.6549,0.215
306000000,43,245.839,43.4961,46.2696,0.254
307000000,61,365.454,22.9849,81.9109,0.243
308000000,20,121.988,26.8232,15.5831,0.2564
309000000,26,144.406,29.9532,23.3688,0.224
310000000,37,222.235,45.952,33.9884,0.249
311000000,45,265.754,52.1581,46.2135,0.2475
312000000,35,203.815,77.3041,34.5014,0.22625
313000000,38,221.25,35.0275,36.0537,0.222
314000000,47,277.971,25.053,39.4286,0.2585
315000000,38,232.693,13.8795,41.7867,0.238
316000000,52,311.092,75.4059,67.3248,0.209
317000000,54,318.86,37.3626,50.9345,0.243
318000000,59,363.368,63.1064,53.4261,0.232
319000000,41,250.757,70.68,35.8507,0.262
320000000,49,288.1,24.5969,50.9102,0.272
321000000,38,236.745,29.5911,40.6029,0.2615
322000000,53,312.08,23.7937,50.0301,0.265
323000000,27,172.997,34.026,26.332,0.244
324000000,69,420.489,28.0136,72.057,0.239
325000000,53,316.583,20.0457,77.6186,0.246
326000000,41,236.575,40.0024,35.1211,0.242
327000000,37,224.446,42.047,38.1237,0.232
328000000,40,226.802,63.2363,36.532,0.246
329000000,35,200.306,0.888628,41.0978,0.256
330000000,48,297.741,-30.9024,49.9482,0.2925
331000000,21,122.601,5.1545,19.0972,0.239
332000000,64,377.076,18.8778,59.0084,0.2555
333000000,42,258.342,44.267,56.0296,0.241
334000000,52,306.489,45.6624,66.4249,0.245
335000000,28,170.992,28.1578,30.9255,0.2435
336000000,45,278.339,61.2842,55.1193,0.279
337000000,54,331.713,54.6559,56.9369,0.237
338000000,41,253.78,56.8604,45.0805,0.261
339000000,48,293.658,21.4618,46.7835,0.235
340000000,42,249.265,-3.65389,31.4186,0.253667
341000000,31,192.207,11.5287,25.5054,0.268
342000000,36,208.521,21.1796,29.8271,0.2525
343000000,45,275.767,38.4206,41.679,0.253
344000000,46,279.602,41.9684,46.039,0.25
345000000,51,318.385,23.6144,46.2444,0.238
346000000,58,343.828,42.9508,60.975,0.269
347000000,45,259.54,30.7581,50.9883,0.249
348000000,37,223.729,10.3393,43.2402,0.248
349000000,44,266.815,64.4551,45.6131,0.241
350000000,33,190.534,47.8444,39.6034,0.242
351000000,36,212.903,12.5113,28.427,0.255
352000000,37,228.889,33.6382,33.0774,0.2495
353000000,30,181.325,39.5248,45.8488,0.242333
354000000,43,264.963,79.2323,41.8769,0.199
355000000,45,267.25,62.616,51.2439,0.242
356000000,38,223.33,43.0792,44.2318,0.2185
357000000,70,425.681,37.058,62.7157,0.259
358000000,49,286.92,42.6979,51.8502,0.231
359000000,38,225.285,53.7595,42.1195,0.219
360000000,28,169.626,-3.13532,27.9759,0.282
361000000,51,299.686,10.5219,51.2951,0.241667
362000000,34,201.531,11.1608,41.4602,0.2435
363000000,22,130.465,34.3975,20.4402,0.243429
364000000,40,242.099,50.3672,49.0036,0.2505
365000000,25,147.925,0.547666,28.4775,0.258167
366000000,36,206.264,41.483,43.0143,0.235
367000000,75,461.695,64.2524,77.6191,0.239
368000000,31,185.532,48.4075,35.031,0.231
369000000,58,349.045,49.0237,59.6525,0.25075
370000000,32,194.707,1.25429,36.2169,0.259
371000000,36,218.657,33.6484,39.3956,0.238
372000000,28,174.457,8.4171,32.1399,0.236333
373000000,57,343.852,58.9108,44.8025,0.228
374000000,51,303.935,51.1748,48.6101,0.256
375000000,28,172.264,54.1792,33.0927,0.253
376000000,55,320.75,22.6461,60.2517,0.254
377000000,30,180.555,46.3467,37.1625,0.241
378000000,43,255.933,6.31013,40.0158,0.248222
379000000,45,252.586,60.2389,36.9962,0.2315
380000000,45,280.341,16.5848,42.4391,0.254
381000000,29,159.013,61.1483,31.4212,0.2345
382000000,29,173.863,29.9174,39.7542,0.2585
383000000,27,157.429,38.7048,25.5295,0.2325
384000000,47,278.559,58.8929,54.7552,0.246
385000000,63,384.884,6.67161,80.197,0.265
386000000,49,298.009,28.1464,34.9559,0.278
387000000,26,149.784,26.8355,30.3798,0.2315
388000000,34,209.596,47.1808,30.8179,0.2385
389000000,75,439.469,28.464,82.6812,0.224
390000000,43,250.357,73.0306,47.8461,0.224
391000000,100,601.06,67.1813,90.2455,0.237
392000000,35,215.384,35.2209,26.347,0.2395
393000000,58,349.022,49.894,63.4358,0.2305
394000000,46,272.65,54.0322,36.1724,0.232
395000000,42,249.726,43.3086,45.9738,0.2354
396000000,28,160.04,48.7112,30.6221,0.2425
397000000,56,329.404,50.1569,50.055,0.251
398000000,46,274.839,24.5826,52.9361,0.263
399000000,33,195.062,20.8541,33.3508,0.2395
400000000,40,252.05,44.727,30.4538,0.2505
401000000,45,272.86,42.615,42.9597,0.233
402000000,38,221.1,44.9071,34.3408,0.2475
403000000,45,275.539,24.4904,51.1718,0.249667
404000000,29,177.035,30.8004,34.5633,0.236
405000000,43,265.281,71.6663,36.9827,0.248
406000000,47,290.228,53.077,57.301,0.251
407000000,62,369.029,72.0491,66.9761,0.23
408000000,35,200.052,11.7053,33.4362,0.246
409000000,38,224.343,30.5443,34.3516,0.235
410000000,44,262.515,60.1035,64.8897,0.2475
411000000,26,162.6,22.9469,20.2342,0.2545
412000000,46,278.678,52.5425,50.5582,0.265
413000000,47,277.477,22.1769,56.4531,0.242
414000000,76,475.547,28.997,77.8693,0.277
415000000,37,218.344,24.4136,37.7191,0.2405
416000000,27,164.981,56.0633,24.4959,0.2335
417000000,46,269.285,17.9619,55.4309,0.2535
418000000,29,171.349,42.2218,30.55,0.2205
419000000,69,409.243,42.4281,63.4313,0.271
420000000,28,167.54,21.8654,25.1042,0.255833
421000000,59,353.77,0.166701,54.2757,0.263
422000000,34,197.223,14.8672,34.3039,0.266
423000000,30,181.01,36.6345,31.4627,0.249
424000000,55,344.488,48.0782,61.4518,0.255
425000000,40,253.459,14.5777,46.3583,0.243
426000000,66,405.395,44.9471,66.6417,0.2515
427000000,39,234.569,47.2937,45.397,0.241
428000000,50,297.062,53.236,54.552,0.2155
429000000,43,254.581,33.8589,48.2695,0.253
430000000,39,220.227,44.783,35.1409,0.238
431000000,45,269.585,34.2731,46.8198,0.2475
432000000,51,292.647,42.3012,50.0261,0.24
433000000,26,145.609,29.3396,25.1558,0.2335
434000000,34,201.665,7.36083,32.2987,0.2645
435000000,44,250.108,80.4039,40.4604,0.244
436000000,35,200.14,31.4579,35.7048,0.24
437000000,90,549.727,7.10018,90.3933,0.28
438000000,34,193.202,48.6548,40.052,0.2365
439000000,57,326.998,28.4961,58.2825,0.267
440000000,44,253.991,59.0554,43.8938,0.2445
441000000,31,191.397,37.4397,27.5925,0.249
442000000,22,122.994,64.4327,16.9453,0.236
443000000,46,272.898,51.6372,48.8738,0.226
444000000,39,225.955,16.2571,33.5848,0.262
445000000,48,286.77,28.0717,46.3176,0.24
446000000,63,377.342,29.1974,66.0473,0.27
447000000,59,352.439,67.8874,62.3634,0.256
448000000,42,254.832,57.1255,48.9173,0.265
449000000,50,303.245,42.1888,45.653,0.247
450000000,41,249.68,39.727,30.8788,0.241
451000000,32,186.558,-1.15584,31.2629,0.253
452000000,35,204.451,1.47331,34.0786,0.25025
453000000,30,185.93,14.8169,36.3176,0.242
454000000,37,215.826,46.9147,36.3933,0.2515
455000000,58,344.613,18.2956,54.2199,0.242
456000000,42,232.668,28.8855,45.933,0.2505
457000000,36,214.936,11.5205,39.7121,0.289
458000000,34,207.926,53.3736,33.3413,0.242
459000000,39,220.78,18.7803,30.8947,0.2524
460000000,44,262.756,46.0214,44.2875,0.244
461000000,39,232.934,4.25529,36.1906,0.264
462000000,35,203.99,20.4018,27.1029,0.22
463000000,66,384.517,13.6505,66.8059,0.268
464000000,32,185.926,73.8063,29.6323,0.2305
465000000,43,244.667,26.9815,41.8588,0.2395
466000000,43,248.621,44.0225,52.2616,0.249
467000000,66,394.398,20.2216,79.4549,0.254
468000000,24,147.251,-1.69197,22.239,0.255625
469000000,42,238.221,43.8697,40.8223,0.2305
470000000,60,351.038,38.8309,53.9998,0.235
471000000,55,314.43,51.5013,61.965,0.238
472000000,47,285.271,27.7399,46.797,0.232
473000000,36,206.36,45.8151,29.2273,0.2325
474000000,40,242.479,42.9292,36.7062,0.215
475000000,36,216.568,21.9019,28.014,0.2335
476000000,36,210.252,41.1947,38.7501,0.2435
477000000,40,238.916,90.0159,42.0299,0.21
478000000,60,342.188,48.2633,65.5535,0.232
479000000,38,227.914,39.7642,32.8748,0.242
480000000,34,206.442,-18.4742,42.7912,0.261
481000000,27,155.223,73.087,26.059,0.2308
482000000,35,211.662,43.7175,40.5454,0.241
483000000,34,215.432,17.1884,26.5404,0.2505
484000000,35,204.085,28.4448,27.2998,0.246
485000000,56,344.616,28.2354,50.8648,0.251
486000000,33,191.476,51.0542,36.5601,0.2365
487000000,35,199.636,39.5943,27.9712,0.252
488000000,41,243.261,45.0665,43.4568,0.235
489000000,61,354.734,13.7007,50.5212,0.248
490000000,51,305.06,19.9941,55.1649,0.253
491000000,31,184.44,41.5394,30.2827,0.248
492000000,78,482.675,12.6004,79.1601,0.284
493000000,56,335.224,65.4744,65.7931,0.2225
494000000,29,177.422,16.8858,33.2545,0.262333
495000000,29,156.123,49.2332,20.3519,0.2415
496000000,34,203.326,31.8114,29.0317,0.255
497000000,46,280.115,78.3732,36.0695,0.211
498000000,39,228.727,62.161,39.8342,0.226
499000000,40,258.311,25.6395,34.0506,0.254
500000000,58,351.444,40.4585,67.9004,0.236
501000000,40,252.532,51.7304,34.3352,0.2495
502000000,37,214.273,19.9096,35.7482,0.2515
503000000,29,173.49,50.9147,39.5282,0.214
504000000,43,253.576,15.8924,33.0282,0.244
505000000,49,298.763,2.45088,40.3178,0.287
506000000,28,172.486,32.7277,30.3636,0.226
507000000,58,342.761,42.1696,48.5023,0.218
508000000,49,293.153,13.2973,49.8323,0.249
509000000,31,177.195,39.2191,22.1793,0.227
510000000,39,225.869,44.7791,31.6852,0.233
511000000,46,288.152,66.5054,49.0995,0.238
512000000,46,276.499,86.3794,37.2583,0.2165
513000000,26,158.533,-6.66972,28.8915,0.25725
514000000,44,274.527,39.9749,43.2051,0.237
515000000,32,185.781,71.4676,28.7156,0.218
516000000,24,143.88,60.8854,20.5658,0.2285
517000000,41,234.019,50.2518,45.9945,0.219
518000000,28,173.577,25.6626,41.5771,0.256
519000000,63,399.708,62.8005,68.8856,0.22
520000000,49,299.61,28.7654,51.4198,0.245
521000000,58,337.251,6.32003,42.0823,0.255
522000000,57,342.63,26.9979,55.6385,0.26
523000000,44,259.9,24.2173,42.781,0.263
524000000,55,340.193,45.953,53.4188,0.215
525000000,43,261.966,64.5967,37.5166,0.226
526000000,48,294.704,62.0935,57.3573,0.227
527000000,28,157.577,39.1147,18.2141,0.231
528000000,38,227.914,17.4139,33.7426,0.2385
529000000,32,183.17,28.5153,33.2426,0.2325
530000000,31,184.122,55.6569,26.0735,0.2445
531000000,31,190.381,23.5419,23.4702,0.2385
532000000,42,244.733,31.4695,43.1189,0.267667
533000000,43,260.314,72.0682,50.659,0.230667
534000000,44,270.952,52.0937,44.6689,0.231
535000000,48,293.94,37.0864,47.3825,0.254
536000000,33,193.016,36.5249,40.6419,0.254
537000000,41,233.924,-7.27558,36.0212,0.267
538000000,46,283.652,39.0698,52.5385,0.256
539000000,54,342.773,28.4003,53.0949,0.2635
540000000,36,219.629,66.7348,49.3812,0.2305
541000000,49,302.536,74.2217,52.9708,0.255
542000000,52,304.916,54.077,57.7661,0.254
543000000,39,228.07,33.9686,46.1419,0.2645
544000000,50,305.839,18.4466,47.346,0.257
545000000,43,263.98,63.5492,43.8736,0.245
546000000,28,162.528,40.8583,33.8475,0.243
547000000,65,403.514,26.9084,67.1449,0.255
548000000,57,333.84,61.3767,50.4318,0.2315
549000000,35,208.731,28.4322,37.7243,0.235
550000000,46,281.81,19.8629,33.4695,0.2605
551000000,25,142.331,33.3577,18.4031,0.242
552000000,58,353.517,11.7698,54.6161,0.225
553000000,13,80.5347,22.156,9.16808,0.25135
554000000,58,361.176,16.7476,56.9328,0.248
555000000,28,163.778,15.077,23.0181,0.2464
556000000,36,201.46,42.3052,36.1625,0.209
557000000,65,390.561,74.0316,68.2548,0.2295
558000000,45,279.083,46.4944,43.1968,0.2465
559000000,82,487.01,60.6664,76.9675,0.25
560000000,67,402.496,31.8834,56.3665,0.222
561000000,52,322.6,29.2587,57.3115,0.241
562000000,50,308.112,57.1259,41.4924,0.2385
563000000,30,187.778,60.2959,28.1985,0.23
564000000,42,246.349,53.6124,43.0622,0.243
565000000,41,243.481,29.9269,42.0319,0.258
566000000,36,211.251,83.2743,35.6044,0.216
567000000,47,284.26,40.5403,50.7654,0.261
568000000,32,204.345,40.6298,26.4248,0.229
569000000,50,295.53,42.7507,52.7194,0.244
570000000,46,269.345,71.3875,36.4884,0.223
571000000,90,535.543,43.4166,89.5661,0.228
572000000,51,320.148,33.441,45.3227,0.261
573000000,44,254.414,53.972,34.5101,0.2385
574000000,44,271.064,67.9532,41.2468,0.22
575000000,52,313.678,25.1558,50.3894,0.25
576000000,45,263.254,34.0248,38.2179,0.2525
577000000,42,243.909,-9.37665,37.1305,0.2575
578000000,35,194.669,33.5888,26.6653,0.25
579000000,33,205.362,13.309,27.7343,0.2505
580000000,39,217.039,53.355,47.3385,0.259
581000000,38,234.289,30.2064,36.2827,0.262
582000000,59,355.066,22.7191,75.7267,0.251
583000000,44,261.855,32.7242,40.9031,0.253
584000000,57,345.955,34.0818,60.7987,0.235
585000000,38,228.193,34.4352,42.5515,0.237
586000000,31,188.123,24.3225,33.564,0.255
587000000,38,219.325,29.8707,40.1496,0.2325
588000000,52,309.336,49.2397,52.3742,0.225
589000000,38,212.09,4.25536,38.1608,0.2405
590000000,37,232.804,5.80632,45.71,0.262
591000000,43,272.409,48.6169,40.9023,0.2415
592000000,51,300.451,52.2415,46.5707,0.23
593000000,44,262.618,46.8809,46.6586,0.235
594000000,33,193.297,34.5349,32.9547,0.242
595000000,39,223.834,10.756,44.8766,0.2382
596000000,49,301.611,33.5326,38.7758,0.261
597000000,24,150.155,83.5599,29.9179,0.245
598000000,63,357.001,18.6091,67.1526,0.267
599000000,55,316.675,6.21903,52.3584,0.276
600000000,65,389.385,58.7253,57.4456,0.237
601000000,34,204.558,46.2343,41.1625,0.24
602000000,52,309.8,57.1387,65.3607,0.226
603000000,34,220.606,51.1027,29.1138,0.231667
604000000,54,321.811,39.565,68.8562,0.235
605000000,39,235.58,26.5267,32.0785,0.24975
606000000,23,141.026,38.8067,27.4379,0.234
607000000,36,218.192,-22.8763,21.9023,0.27125
608000000,41,248.357,70.7521,34.8827,0.2275
609000000,67,397.568,47.199,68.4465,0.237
610000000,59,358.537,70.7069,48.7615,0.231
611000000,19,111.211,36.8069,21.7278,0.238333
612000000,43,262.167,2.51196,44.7173,0.21
613000000,69,416.443,68.7395,66.7865,0.229
614000000,26,148.267,47.992,41.7362,0.2485
615000000,43,270.76,25.3246,32.3404,0.2485
616000000,28,171.313,38.0063,29.938,0.222
617000000,37,206.5,34.6175,40.0591,0.2485
618000000,28,171.069,46.5582,38.8695,0.234
619000000,41,243.06,49.238,47.7404,0.243667
620000000,46,262.838,15.8696,50.062,0.254
621000000,41,239.15,27.7179,34.6325,0.2355
622000000,25,148.819,43.4331,36.911,0.226
623000000,60,353.339,37.579,66.3408,0.245
624000000,16,97.8407,38.2845,23.0882,0.242
625000000,44,282.052,45.1554,49.9618,0.228
626000000,45,272.125,55.5789,46.5417,0.246
627000000,52,310.529,17.0501,51.4423,0.2675
628000000,75,449.207,85.3275,94.2691,0.229
629000000,45,275.612,63.0359,40.4904,0.2275
630000000,54,334.024,13.3753,49.7416,0.295
631000000,48,284.365,58.3957,55.5114,0.227
632000000,60,369.358,25.7307,71.3084,0.255
633000000,50,299.053,43.2142,59.8423,0.244
634000000,43,258.265,7.93615,45.0983,0.247333
635000000,38,225.597,42.4682,27.0453,0.234
636000000,35,214.325,35.5258,40.0204,0.235
637000000,64,386.346,38.0715,80.4698,0.2425
638000000,32,191.445,11.7035,34.6245,0.259
639000000,36,206.052,-39.6462,28.8492,0.264667
640000000,48,297.934,37.6946,56.7854,0.241
641000000,34,203.862,50.4662,37.6774,0.234
642000000,52,317.727,36.0074,47.5846,0.229
643000000,67,408.685,11.6177,73.3247,0.2605
644000000,51,323.572,47.0126,55.0117,0.255
645000000,37,218.184,50.9033,35.0491,0.249
646000000,25,152.699,36.4454,18.4424,0.2415
647000000,31,187.158,36.9611,25.6855,0.2365
648000000,43,256.512,33.7847,52.5025,0.247
649000000,43,262.76,34.7555,51.6314,0.239
650000000,36,224.451,41.5656,36.0236,0.215
651000000,60,351.939,22.2886,63.8325,0.25075
652000000,20,121.789,42.0275,17.9271,0.237
653000000,41,232.147,82.749,46.9442,0.243
654000000,52,330.497,62.5251,62.2694,0.256667
655000000,55,326.567,45.7934,73.6867,0.2265
656000000,43,250.946,23.3618,50.9982,0.235
657000000,38,221.69,38.8652,41.7658,0.2505
658000000,54,331.189,24.6429,48.1332,0.257571
659000000,57,348.995,71.068,59.7106,0.214
660000000,33,194.332,46.8606,32.6691,0.2285
661000000,55,337.876,16.6962,58.68,0.251
662000000,41,238.7,60.2726,35.4433,0.242
663000000,27,162.724,20.8384,25.7531,0.253
664000000,22,138.493,30.9009,26.8863,0.254
665000000,38,237.849,39.4654,30.6759,0.224
666000000,47,281.668,45.303,43.9753,0.2335
667000000,29,170.792,34.0313,27.8892,0.229
668000000,22,136.039,26.6585,25.4274,0.2495
669000000,39,231.976,31.6975,32.6649,0.2305
670000000,38,225.548,70.7534,36.626,0.236
671000000,45,262.05,-11.5487,39.6135,0.255
672000000,55,332.091,28.503,46.8638,0.241
673000000,35,210.223,61.2363,38.2451,0.224
674000000,47,270.808,12.8578,42.9239,0.251
675000000,31,187.409,37.795,33.9756,0.25
676000000,40,236.276,50.1589,44.0736,0.241
677000000,33,200.907,12.1934,49.8259,0.253
678000000,38,230.274,58.1678,56.0045,0.252
679000000,39,237.518,-18.231,50.1565,0.277
680000000,38,221.216,31.4592,44.776,0.265
681000000,39,242.362,32.3787,37.033,0.24
682000000,38,215.686,41.5609,35.9867,0.243125
683000000,26,156.724,29.424,25.9196,0.2665
684000000,59,351.992,37.4108,55.7422,0.258
685000000,42,246.164,28.3693,44.4415,0.2415
686000000,51,307.054,31.528,55.6673,0.26
687000000,45,263.636,77.1663,45.2905,0.227
688000000,53,324.908,46.5414,41.1673,0.2476
689000000,31,178.428,-23.8,30.1221,0.2605
690000000,66,382.011,51.4339,62.8334,0.249
691000000,44,256.431,17.3745,43.584,0.2405
692000000,42,257.741,48.9049,35.9592,0.247
693000000,31,189.465,37.277,34.9067,0.267
694000000,30,178.661,52.0374,23.9275,0.238
695000000,30,174.899,53.5086,31.6899,0.2435
696000000,40,240.481,20.5856,37.7378,0.237
697000000,41,233.812,26.433,47.1798,0.287
698000000,36,202.729,5.24488,37.8642,0.255
699000000,20,115.569,-0.456501,13.1324,0.262
700000000,37,223.683,49.9235,34.7177,0.245
701000000,70,397.741,37.044,64.749,0.226
702000000,59,357.222,-0.649299,63.2085,0.259
703000000,35,207.337,14.7015,37.925,0.2725
704000000,24,146.051,69.9192,26.1896,0.2205
705000000,56,340.014,43.5772,49.6656,0.252
706000000,31,191.964,39.6375,33.4026,0.2335
707000000,65,382.524,54.6437,77.2044,0.252
708000000,35,205.298,11.1417,31.125,0.249
709000000,56,350.063,58.5177,52.2932,0.227
710000000,50,296.105,21.1521,59.6188,0.267
711000000,59,361.009,16.3853,60.5661,0.264
712000000,43,255.101,24.0889,44.9027,0.2485
713000000,42,247.29,53.7472,47.6386,0.249
714000000,41,238.05,30.1147,37.1789,0.253
715000000,38,229.929,35.4192,32.62,0.242
716000000,41,246.34,44.0451,49.3509,0.2452
717000000,33,203.238,43.9537,32.0843,0.222
718000000,34,208.727,18.2734,39.0576,0.2425
719000000,46,283.076,38.4384,52.2717,0.246
720000000,25,154.883,11.5399,30.2076,0.2625
721000000,47,279.195,41.9126,50.2694,0.2595
722000000,68,424.752,48.6005,66.6263,0.244
723000000,37,217.615,31.8718,37.5525,0.236
724000000,23,131.455,1.56941,20.8558,0.257
725000000,20,122.531,-0.175268,24.9925,0.2595
726000000,26,150.439,-8.45388,33.4759,0.2725
727000000,30,171.416,47.5481,25.3323,0.222
728000000,44,263.26,32.8369,46.9677,0.2345
729000000,41,248.672,39.258,40.1245,0.225
730000000,42,258.007,55.4595,48.7046,0.249
731000000,31,192.947,27.6612,30.1311,0.2225
732000000,52,314.043,10.2202,61.2388,0.265
733000000,58,344.453,41.137,60.6074,0.242
734000000,41,232.35,50.24,39.6028,0.241
735000000,47,286.196,62.9149,44.2156,0.236
736000000,49,298.977,47.4614,55.9438,0.236
737000000,62,372.658,51.2092,59.3604,0.253
738000000,28,175.348,-0.32908,29.6968,0.2715
739000000,55,335.146,37.5563,57.6905,0.256
740000000,67,400.221,50.3976,54.7459,0.266
741000000,52,317.96,-6.168,46.2224,0.2695
742000000,32,200.858,12.5958,20.1337,0.2475
743000000,48,291.222,62.5141,54.5758,0.24
744000000,47,290.148,24.5365,50.838,0.245
745000000,52,304.675,54.0848,54.7218,0.2235
746000000,46,285.043,47.8037,38.0344,0.261
747000000,45,270.406,24.7016,43.9663,0.2495
748000000,31,186.75,37.4217,31.2463,0.2425
749000000,51,301.038,39.8461,51.777,0.237
750000000,42,252.534,30.1083,39.0065,0.2365
751000000,48,293.977,25.1503,58.8718,0.2565
752000000,37,225.516,8.62934,34.533,0.247
753000000,54,316.975,57.9118,72.471,0.237
754000000,40,230.017,66.8765,53.375,0.232
755000000,42,253.704,27.4148,34.7048,0.254
756000000,30,182.329,26.0303,30.3921,0.247
757000000,56,323.273,9.01407,57.6958,0.254
758000000,49,293.139,54.9644,47.5627,0.23
759000000,66,406.651,45.0422,64.3804,0.266
760000000,42,242.765,25.3066,43.0695,0.250333
761000000,74,431.394,39.5254,67.65,0.236
762000000,43,271.677,63.3032,40.2161,0.247
763000000,71,431.109,29.9151,79.2326,0.269
764000000,28,168.834,33.0365,27.4233,0.2492
765000000,40,236.242,63.3835,40.8466,0.2125
766000000,40,233.109,69.3299,33.3443,0.235
767000000,34,204.334,14.7892,39.7128,0.24
768000000,52,301.336,31.7159,57.2034,0.255
769000000,33,194.509,31.0253,36.1535,0.261
770000000,39,237.446,26.9869,45.6601,0.249
771000000,59,349.759,44.1745,66.0843,0.229
772000000,38,222.658,33.252,28.2859,0.24
773000000,34,202.279,2.72197,28.2763,0.279
774000000,33,185.265,19.5057,33.384,0.240667
775000000,38,238.309,49.5287,30.5116,0.239
776000000,36,207.917,54.1768,42.3981,0.214
777000000,33,197.838,18.5409,32.1315,0.26375
778000000,49,297.202,45.023,43.3626,0.25
779000000,53,328.531,52.7382,47.4915,0.217
780000000,62,364.675,53.6414,64.4349,0.234
781000000,48,285.407,9.43671,49.3818,0.265
782000000,23,135.337,-11.3174,14.2696,0.256
783000000,25,145.36,28.1665,35.0454,0.238333
784000000,34,200.622,45.709,38.4899,0.238
785000000,37,223.484,30.1765,46.0439,0.26
786000000,32,188.765,35.0736,23.9114,0.235625
787000000,23,143.016,40.9359,22.7074,0.247833
788000000,42,251.139,51.3674,40.8635,0.253
789000000,41,243.814,43.5962,39.6089,0.2435
790000000,27,148.258,-0.912925,34.0164,0.25125
791000000,41,248.749,39.7728,35.7757,0.263
792000000,43,262.624,20.1835,41.5639,0.259667
793000000,51,299.569,54.1783,51.3945,0.2245
794000000,51,288.736,68.1827,49.8209,0.237
795000000,28,169.439,34.9069,26.2292,0.261
796000000,32,196.709,23.6207,29.0817,0.258
797000000,70,422.147,43.3331,61.1624,0.254
798000000,49,275.875,38.0231,54.1122,0.2395
799000000,41,240.932,40.4756,55.21,0.221
800000000,45,270.137,39.8529,40.3808,0.243
801000000,58,347.821,33.4176,55.1793,0.216
802000000,54,332.64,64.001,69.4803,0.232
803000000,27,160.562,44.4363,30.5702,0.2385
804000000,63,386.399,34.8251,75.8675,0.257
805000000,47,279.063,70.2565,44.4672,0.212
806000000,80,480.697,40.6455,74.7823,0.228
807000000,39,229.518,60.1173,29.7994,0.225
808000000,67,411.609,36.6798,71.1373,0.275
809000000,52,314.788,47.2607,53.7584,0.25
810000000,54,323.188,2.92126,63.2021,0.2575
811000000,57,348.113,35.3714,61.5931,0.253
812000000,38,220.086,45.415,47.3306,0.2455
813000000,45,265.557,63.0307,52.0902,0.2295
814000000,31,183.206,64.0052,34.8535,0.226
815000000,49,302.202,72.5543,47.6763,0.235
816000000,31,179.572,4.95569,26.4212,0.2815
817000000,30,188.682,11.3971,33.7243,0.273
818000000,25,152.336,22.0328,21.6529,0.236
819000000,28,164.55,65.4042,28.8635,0.207
820000000,34,222.411,14.8664,46.2893,0.244
821000000,47,284.523,30.1567,37.8701,0.236
822000000,48,291.98,20.2698,51.8224,0.251
823000000,60,344.845,56.2949,60.9993,0.261
824000000,67,395.303,26.4656,60.3096,0.256
825000000,41,244.741,0.313256,22.3908,0.26
826000000,32,195.516,13.9881,31.7681,0.244
827000000,34,201.343,24.0392,34.4241,0.24
828000000,51,298.582,50.5285,59.6048,0.241
829000000,66,392.807,68.4596,63.7283,0.253
830000000,48,300.721,34.7593,45.0614,0.259
831000000,57,333.672,42.7714,59.0461,0.266
832000000,29,172.711,39.1676,31.2003,0.2325
833000000,64,395.325,46.0144,60.4619,0.2625
834000000,35,215.452,48.2271,34.7299,0.2495
835000000,42,255.648,8.71859,45.4281,0.2475
836000000,36,213.21,45.0736,39.7007,0.226
837000000,29,161.484,48.6816,24.6562,0.238
838000000,41,247.798,42.2336,48.9972,0.236
839000000,44,245.007,50.3963,40.8711,0.228
840000000,48,292.673,26.4792,51.3701,0.2615
841000000,45,266.616,29.4672,38.4625,0.253
842000000,50,307.473,11.9615,50.3181,0.261
843000000,84,510.859,58.9995,85.0149,0.226
844000000,33,195.015,38.6458,39.4136,0.2365
845000000,24,141.936,3.74617,24.8002,0.242
846000000,35,215.221,44.0846,31.8449,0.2305
847000000,41,238.846,64.0911,40.3735,0.253
848000000,25,151.741,36.4706,23.0873,0.2595
849000000,45,282.221,-7.99654,33.2048,0.283
850000000,47,286.083,41.7129,45.5189,0.234
851000000,34,213.843,81.1456,32.0263,0.2225
852000000,16,94.0063,61.5278,16.3032,0.2295
853000000,40,236.521,38.5157,31.7656,0.2465
854000000,37,211.031,15.7913,32.8489,0.238
855000000,47,280.297,0.981181,46.9916,0.2665
856000000,40,250.603,10.8538,37.8673,0.2425
857000000,28,166.7,58.7874,29.2651,0.228
858000000,31,178.847,41.9764,25.3461,0.224
859000000,59,352.897,53.814,70.3418,0.24
860000000,55,329.93,51.6206,45.2921,0.252
861000000,68,407.317,52.2053,62.3684,0.246
862000000,44,259.336,16.2531,51.7418,0.25
863000000,52,316.745,53.5182,54.6427,0.263
864000000,55,326.854,35.3177,62.569,0.2615
865000000,43,254.356,36.3774,39.6237,0.234
866000000,48,272.656,30.3276,52.4353,0.258
867000000,43,271.005,33.0044,53.3697,0.229
868000000,31,189.486,47.1812,30.8104,0.2425
869000000,17,101.953,-2.2995,21.4513,0.2745
870000000,77,456.773,76.9058,65.8783,0.211
871000000,33,182.525,16.994,27.6746,0.231
872000000,54,316.115,38.129,53.0969,0.238
873000000,55,339.867,57.4264,60.6606,0.25
874000000,41,244.795,39.5755,54.6635,0.2275
875000000,25,152.863,41.0148,22.0299,0.242
876000000,31,176.008,79.7294,39.4177,0.234
877000000,34,201.382,6.17076,29.229,0.25
878000000,34,212.731,23.2015,31.4948,0.266
879000000,34,196.314,35.6731,44.2546,0.247
880000000,41,247.247,32.8929,42.7565,0.2275
881000000,59,361.117,35.8358,53.324,0.222
882000000,44,265.984,24.1592,48.6265,0.2635
883000000,55,319.679,69.6378,56.3037,0.21
884000000,30,174.804,59.0093,28.3992,0.2285
885000000,42,252.857,2.00609,39.4609,0.2595
886000000,75,444.858,77.4505,79.4603,0.217
887000000,42,250.318,59.5941,39.5925,0.254
888000000,30,188.404,39.435,49.4157,0.2405
889000000,45,270.898,47.9814,51.0663,0.243
890000000,26,153.512,70.8659,31.1776,0.235
891000000,43,256.54,78.9478,50.133,0.2265
892000000,58,355.511,42.1095,63.5873,0.245
893000000,53,323.187,37.6326,51.4898,0.2635
894000000,66,389.211,45.9949,61.9576,0.258
895000000,51,307.552,52.2642,36.5666,0.2485
896000000,43,271.264,27.552,49.2452,0.247
897000000,34,198.604,42.3433,26.1805,0.253
898000000,62,373.878,-1.60405,65.4027,0.262
899000000,33,199.79,28.1283,36.6562,0.236667
900000000,30,169.768,43.3874,34.2128,0.241857
901000000,49,283.608,57.623,39.6072,0.212
902000000,49,283.62,41.2087,48.3514,0.238
903000000,26,152.863,7.99991,17.7654,0.253
904000000,35,215.328,47.7428,42.0508,0.24
905000000,41,246.965,36.488,40.8852,0.2535
906000000,33,208.344,8.06958,34.2525,0.2505
907000000,22,134.2,35.8385,26.0087,0.256
908000000,33,192.376,26.1928,24.6098,0.266
909000000,96,569.599,43.9773,93.5105,0.261
910000000,56,321.398,31.3265,46.5984,0.261
911000000,29,167.608,20.3262,33.1176,0.2385
912000000,54,300.058,51.9713,57.3756,0.2645
913000000,59,360.082,50.7609,52.1667,0.267
914000000,17,101.655,30.0502,19.1927,0.245
915000000,47,270.443,30.0887,49.6505,0.2525
916000000,42,242.479,30.2628,44.6283,0.262
917000000,59,344.821,38.5641,57.4703,0.264667
918000000,42,247.769,74.0579,53.9437,0.2165
919000000,43,249.582,69.6823,40.9336,0.241
920000000,42,246.363,29.5163,43.2226,0.252
921000000,45,283.362,41.2245,44.0764,0.239
922000000,64,385.705,49.7449,75.9599,0.239
923000000,41,247.986,41.1292,33.9027,0.244
924000000,52,319.825,43.7035,62.4899,0.251
925000000,28,159.877,35.1686,17.1146,0.232
926000000,74,455.347,48.8326,74.106,0.263
927000000,39,243.209,23.7949,44.3401,0.251
928000000,35,209.884,65.0244,28.8524,0.2335
929000000,20,121.646,9.6102,18.5799,0.249
930000000,35,208.577,41.7718,41.4553,0.253
931000000,41,258.368,13.925,42.2957,0.238
932000000,42,250.859,8.56415,36.6994,0.246167
933000000,29,168.863,5.05522,25.8984,0.245
934000000,18,113.253,35.4102,21.6004,0.239
935000000,38,227.943,14.7669,29.9934,0.2495
936000000,38,223.03,45.4292,44.8062,0.2625
937000000,63,374.807,45.8296,71.1783,0.246
938000000,22,130.676,30.6397,25.8128,0.2495
939000000,48,280.508,43.0692,44.6201,0.27
940000000,28,169.872,27.4273,21.9086,0.254
941000000,43,257.259,38.8036,44.9377,0.2385
942000000,47,292.524,19.7298,40.1634,0.256
943000000,45,266.384,7.701,41.8865,0.2435
944000000,35,195.008,53.5815,28.7689,0.251
945000000,20,117.677,16.6503,19.496,0.2555
946000000,40,232.198,52.705,36.9193,0.2655
947000000,59,365.807,20.7034,42.8432,0.262
948000000,30,176.494,50.8654,18.2347,0.2365
949000000,32,195.081,50.9627,30.7244,0.2372
950000000,38,238.136,61.3455,47.5756,0.238
951000000,34,194.264,41.297,37.318,0.227
952000000,21,119.76,38.5301,17.8691,0.239
953000000,56,339.789,46.4329,52.8533,0.2705
954000000,55,333.983,58.2937,41.3854,0.251
955000000,29,165.93,50.7234,26.3259,0.236
956000000,28,172.881,13.8172,30.6362,0.272
957000000,49,298.256,58.4946,37.1951,0.25
958000000,32,194.964,75.9299,36.833,0.226
959000000,45,257.205,65.3647,40.3685,0.235
960000000,36,222.198,68.6886,28.89,0.2215
961000000,34,215.759,36.2099,35.9248,0.2425
962000000,45,261.769,27.5225,46.7083,0.257
963000000,27,165.857,16.5103,22.5216,0.221
964000000,43,248.952,8.22755,39.9195,0.243
965000000,32,195.309,18.9569,29.9509,0.239
966000000,44,262.1,29.9988,45.111,0.241
967000000,45,265.752,4.16065,40.3896,0.257
968000000,47,277.578,41.351,46.959,0.246
969000000,39,236.787,54.6853,34.993,0.236
970000000,37,225.183,51.9819,55.6405,0.228
971000000,36,219.894,57.103,39.771,0.236
972000000,34,201.034,51.444,33.9781,0.234
973000000,34,198.619,25.5645,25.4819,0.2505
974000000,42,246.878,79.9926,34.6324,0.231
975000000,45,264.637,44.7673,46.6602,0.242
976000000,38,226.737,3.09793,32.3917,0.2805
977000000,47,277.418,30.6871,50.189,0.23
978000000,53,317.017,24.3192,57.2136,0.245
979000000,46,288.037,30.5432,48.3726,0.2525
980000000,49,293.498,64.669,55.1143,0.232
981000000,34,214.092,31.5794,31.0659,0.238
982000000,27,161.745,21.5153,36.7034,0.2595
983000000,41,236.187,23.1855,56.1587,0.2485
984000000,46,258.655,71.6006,43.479,0.241
985000000,41,244.564,38.9659,43.0008,0.2525
986000000,49,292.15,35.7716,55.486,0.2565
987000000,31,183.448,8.71899,32.178,0.253
988000000,35,207.979,32.9896,27.822,0.2435
989000000,39,238.306,41.9934,32.3723,0.252
990000000,31,172.591,44.1961,40.588,0.255
991000000,34,204.068,16.0148,39.6567,0.2515
992000000,61,376.142,20.3614,63.9168,0.26
993000000,36,200.684,25.354,42.4467,0.235
994000000,54,334.229,40.2495,56.2777,0.2575
995000000,62,382.623,73.4954,74.5722,0.247
996000000,83,467.043,41.803,88.6663,0.237
997000000,52,301.393,34.7738,43.0346,0.243
998000000,37,218.016,24.4081,33.8745,0.2385
999000000,43,248.478,30.4233,42.7836,0.247
