generation,N_shifts,logPrior,logLik,eventRate,preservationRate,acceptRate
0,0,0.678787,-3194.92,200,0.013422,0
500000,9,57.8209,-2995.51,11.0164,0.00555534,0.382
1000000,7,38.3199,-2998.34,10.7576,0.00529612,0.378
1500000,15,94.6463,-2987.17,15.1486,0.00497005,0.381
2000000,10,65.2181,-2991.92,11.9543,0.00442619,0.33
2500000,18,113.496,-2990.77,13.2956,0.00478963,0.352
3000000,11,65.0795,-2993.73,12.8268,0.0048393,0.3675
3500000,9,54.1399,-3006.71,9.58973,0.00484625,0.371
4000000,8,53.0397,-3003.03,16.2329,0.00506598,0.347
4500000,5,30.1058,-3012.32,7.59121,0.00473431,0.357778
5000000,6,32.5765,-3005.08,9.748,0.00426545,0.360714
5500000,8,50.1548,-2999.61,5.34256,0.00487361,0.373
6000000,10,61.0381,-2990.64,10.7524,0.00496312,0.387
6500000,8,46.8516,-2997.97,5.13738,0.00383125,0.362
7000000,10,68.1793,-3003.36,16.2075,0.00429666,0.372
7500000,9,57.0244,-3004.34,7.01654,0.00439969,0.369
8000000,10,61.9558,-2999.04,16.0726,0.00439002,0.39
8500000,10,59.5252,-2992.17,9.72405,0.00477108,0.3585
9000000,10,59.4225,-2988.19,16.8063,0.00429947,0.391
9500000,9,58.4828,-2989.27,4.95814,0.0046898,0.341
10000000,9,55.8288,-3004.91,7.71526,0.0051057,0.371
10500000,15,88.583,-2991.28,20.1801,0.00475416,0.338
11000000,10,59.1885,-2994.46,8.7452,0.005169,0.332
11500000,12,70.7676,-2984.7,17.8353,0.00477648,0.357
12000000,8,51.8995,-3004.67,7.62194,0.0053717,0.353
12500000,8,49.1913,-2994.41,13.299,0.00458287,0.3652
13000000,12,73.9964,-2993.91,20.3146,0.00486646,0.342
13500000,12,76.6716,-2981.26,9.14209,0.0063213,0.35
14000000,5,31.6827,-3021.59,8.94137,0.00507652,0.349
14500000,13,82.864,-2988.45,10.2066,0.00382132,0.421
15000000,10,63.5555,-2993.32,13.8069,0.00566604,0.375
15500000,10,61.2617,-2994.78,18.6295,0.00465321,0.3575
16000000,9,54.8374,-2994.69,4.22448,0.00612915,0.371
16500000,12,74.301,-2993.03,10.537,0.00404177,0.345
17000000,15,93.1754,-2984.62,14.875,0.00509477,0.388
17500000,10,63.0183,-2996.56,9.81897,0.00456197,0.389
18000000,12,68.5129,-2994.41,10.9296,0.00490895,0.343
18500000,11,68.6317,-3003.77,12.1672,0.00545041,0.328
19000000,6,38.0478,-3011.03,2.6597,0.00565532,0.352333
19500000,7,45.933,-3007.68,11.6297,0.00438269,0.363
20000000,13,84.4428,-3001.16,19.7852,0.00536581,0.369
20500000,8,50.5043,-3000.87,9.65299,0.0041184,0.382
21000000,15,89.866,-3000.32,16.5712,0.00687061,0.369
21500000,10,57.7,-2986.65,14.2659,0.0047952,0.352
22000000,8,51.2693,-2991.57,10.4692,0.00479625,0.349
22500000,9,53.67,-2991.96,6.41756,0.00502248,0.328
23000000,7,41.5322,-2997.91,6.68895,0.00551357,0.353
23500000,13,78.6352,-2995.02,16.3085,0.00429353,0.353
24000000,13,73.513,-2996.42,5.88746,0.00498842,0.362
24500000,8,45.1999,-2997.46,8.45331,0.00549064,0.343
25000000,11,62.0945,-3003.89,10.3344,0.00544433,0.371
25500000,7,41.411,-3002.53,14.7643,0.00495394,0.3545
26000000,10,65.3189,-3004.65,9.92052,0.00516044,0.372
26500000,19,113.24,-2994.39,27.5229,0.00486071,0.377
27000000,12,75.4643,-2999.41,11.011,0.00454194,0.357
27500000,11,66.0438,-2995.46,14.256,0.004191,0.39
28000000,9,45.7451,-2997.94,12.9753,0.00476904,0.358
28500000,11,69.5159,-2992.49,16.7232,0.00567091,0.342
29000000,10,59.6405,-2998.09,6.4413,0.00482045,0.3535
29500000,9,53.846,-2997.9,8.87373,0.00525157,0.3495
30000000,13,79.1428,-2996.43,13.9121,0.00442485,0.383
30500000,10,66.1964,-2997.65,9.10358,0.00577501,0.361333
31000000,13,69.603,-2983.88,11.3717,0.00514694,0.343
31500000,12,70.2155,-3001.72,10.8825,0.00365196,0.35
32000000,10,62.6152,-3004.93,18.6674,0.00490885,0.32
32500000,11,68.328,-2990.54,9.02003,0.00509008,0.381
33000000,8,45.9038,-3001.82,11.3223,0.00518823,0.353
33500000,8,47.4441,-2998.62,6.32426,0.00504645,0.317
34000000,11,70.8005,-2993.94,12.6437,0.00552926,0.366
34500000,13,80.3331,-2989.05,13.6756,0.00525137,0.363
35000000,8,50.9094,-2995.87,9.71083,0.00436586,0.333
35500000,17,107.164,-2987.21,19.7454,0.00508006,0.363
36000000,14,85.2337,-2988.57,18.616,0.00404541,0.358
36500000,8,48.9085,-2997.46,5.92954,0.00464797,0.361167
37000000,9,57.9194,-2995.24,10.5721,0.00594224,0.366
37500000,10,65.5296,-2997.79,11.8736,0.00485151,0.381
38000000,13,77.976,-2994.45,16.6276,0.004882,0.382
38500000,17,95.2915,-2986.54,16.3912,0.00454965,0.386
39000000,14,80.0888,-2989.5,12.0219,0.0049703,0.354
39500000,9,58.8901,-3004.19,14.0089,0.00472184,0.364
40000000,10,66.5826,-3003.58,15.5641,0.00517571,0.375
40500000,12,71.0635,-3001.47,21.1867,0.00512238,0.349
41000000,10,59.6478,-2995.65,8.9901,0.0041109,0.397
41500000,13,72.5813,-2987.84,14.9275,0.0053898,0.364
42000000,9,55.8718,-2990.98,8.68589,0.00481184,0.358333
42500000,9,49.1682,-2989.15,10.2918,0.00502783,0.385
43000000,11,68.2115,-2984.56,8.25435,0.00518613,0.345
43500000,11,71.4549,-3016.89,11.106,0.00505241,0.374
44000000,15,99.1116,-2994.44,12.1156,0.00640852,0.33
44500000,11,70.4964,-2998.76,9.74738,0.0057386,0.385
45000000,8,46.5926,-2994.35,10.2052,0.00472812,0.334
45500000,10,60.6043,-2985.34,11.31,0.00476217,0.336
46000000,18,107.795,-2997.11,22.9354,0.00512307,0.376
46500000,7,40.4607,-3005.81,6.93997,0.00426473,0.353
47000000,9,52.784,-3000.89,13.9887,0.00433679,0.336
47500000,11,63.6817,-2989.84,9.14319,0.00585816,0.351
48000000,8,48.2605,-2994.97,9.31916,0.00501662,0.355667
48500000,13,76.5894,-3000.58,10.4041,0.00375759,0.357
49000000,11,65.7637,-3005.6,9.43477,0.00524278,0.361
49500000,9,48.2489,-2989.32,14.0797,0.00425893,0.3505
50000000,12,73.6707,-2998.25,9.00052,0.00429988,0.39
50500000,16,92.6465,-3005.68,18.1976,0.0040466,0.394
51000000,8,39.7298,-3001.52,19.5408,0.00557553,0.3915
51500000,12,67.0443,-2983.39,6.17252,0.00477554,0.363
52000000,9,46.7455,-2995.8,6.40903,0.00549675,0.368
52500000,15,83.3447,-2997.08,13.2992,0.00457526,0.355
53000000,14,87.2825,-3005.1,9.1466,0.00531139,0.358
53500000,11,68.2306,-2992.12,9.78975,0.0056448,0.382
54000000,9,53.1362,-2992.99,10.5073,0.00564441,0.369
54500000,13,74.7294,-3002.99,16.9577,0.0046215,0.39
55000000,11,64.8674,-2998.93,10.6993,0.00446712,0.334
55500000,9,51.6885,-2985.58,6.90513,0.00529572,0.362
56000000,9,54.4766,-3000.38,8.32595,0.00519854,0.376
56500000,9,56.5187,-2995.14,10.9745,0.00574362,0.375
57000000,12,70.4316,-2985.52,7.61277,0.00426673,0.378
57500000,10,60.1404,-2994.02,9.95507,0.00591121,0.352
58000000,13,72.5877,-2991.67,17.8385,0.00474084,0.344
58500000,12,71.1279,-2997.77,12.6949,0.00554891,0.382
59000000,11,67.5924,-2992.98,9.73774,0.00446544,0.357
59500000,13,81.1324,-2995.78,11.2984,0.00447671,0.369
60000000,7,44.4317,-3011.13,10.1817,0.00577861,0.362
60500000,15,85.6312,-2982.46,11.0033,0.00541945,0.362
61000000,10,60.5823,-2995.91,6.28266,0.0052719,0.361
61500000,14,93.5898,-2985.26,18.0961,0.00494488,0.396
62000000,10,59.8845,-2993.41,12.1098,0.00500238,0.357
62500000,11,70.3153,-2995.21,11.6531,0.00526987,0.359
63000000,11,61.5503,-2993.07,8.84264,0.00452603,0.363
63500000,14,86.7435,-2997.44,19.4716,0.00449059,0.314
64000000,12,73.5657,-3000.79,16.3914,0.00488758,0.349
64500000,7,38.757,-2993.73,4.504,0.00385775,0.3615
65000000,8,50.0095,-3000.63,7.5596,0.00458453,0.3715
65500000,7,40.848,-3012.85,8.76953,0.00421209,0.361429
66000000,13,83.1173,-2991.84,21.239,0.00480989,0.354
66500000,15,88.6918,-2993.02,18.0248,0.00430785,0.381
67000000,10,58.6906,-2987.77,10.6039,0.00456836,0.327
67500000,11,60.1809,-2986.09,13.9828,0.00530744,0.344
68000000,10,60.9785,-3004.8,14.9596,0.00465888,0.356083
68500000,9,42.5718,-2997.87,8.60177,0.00469853,0.337
69000000,11,63.2498,-3001.36,19.869,0.00543047,0.393
69500000,9,53.2858,-3000.35,10.1855,0.00433659,0.337
70000000,11,73.2438,-2994.01,8.53554,0.00447016,0.343
70500000,9,57.9146,-3005.01,10.2116,0.00466412,0.368
71000000,14,90.0506,-2985.73,19.4764,0.00471101,0.362
71500000,7,47.6179,-3014.71,5.55703,0.0049553,0.363063
72000000,13,79.3783,-2990.24,8.57987,0.00507537,0.36
72500000,8,48.7032,-2999.71,7.64281,0.00504326,0.3725
73000000,9,60.3554,-3005.68,10.0977,0.00390743,0.343
73500000,10,54.797,-3001.86,13.7583,0.00488346,0.35
74000000,12,73.7487,-2987.18,11.8536,0.00458569,0.375
74500000,8,49.3751,-2998.77,6.53816,0.00518529,0.3725
75000000,9,51.9442,-3004.7,12.6187,0.00446609,0.341
75500000,10,64.2591,-2998.24,10.6402,0.00505754,0.33
76000000,7,39.6393,-3002.58,5.30071,0.00494467,0.373
76500000,11,70.8254,-3003.34,10.907,0.00579314,0.336
77000000,12,68.7709,-2991.21,13.7711,0.00386304,0.351
77500000,10,64.1126,-2992.84,6.50553,0.00475439,0.361
78000000,10,64.6172,-3005.84,9.1822,0.00496681,0.352
78500000,9,58.9844,-2997.46,15.871,0.00527381,0.37125
79000000,15,94.3991,-2995.9,16.1522,0.00527661,0.384
79500000,8,52.8206,-2997.16,10.7655,0.00490377,0.358
80000000,7,40.9156,-3003.53,7.1127,0.00417341,0.360667
80500000,13,80.4864,-2996.88,12.5067,0.00560522,0.363
81000000,16,97.4966,-2996.09,16.512,0.00604139,0.391
81500000,8,45.9845,-2998.39,12.4715,0.00513151,0.37
82000000,9,53.0999,-3001.87,9.31701,0.00470286,0.3775
82500000,10,48.8175,-3000.09,12.7816,0.00553863,0.3615
83000000,10,62.1854,-2997.55,16.2627,0.00449725,0.34575
83500000,5,32.5006,-3009.4,4.62186,0.00519976,0.366714
84000000,8,42.2398,-2998.72,8.36667,0.00460797,0.366
84500000,11,65.2196,-2998.23,19.5439,0.00520827,0.391
85000000,12,72.9846,-2991.81,13.6961,0.00554507,0.358
85500000,10,66.3822,-2992.51,11.294,0.00481822,0.383
86000000,9,61.3926,-2997.86,12.0873,0.00441121,0.353
86500000,10,55.0112,-2992.13,9.28309,0.00481025,0.384
87000000,13,81.8951,-2993.98,14.8806,0.00476434,0.364
87500000,9,50.8432,-2988.48,9.55327,0.00498177,0.377
88000000,12,70.8489,-2991.87,10.7537,0.004214,0.374
88500000,12,67.7595,-2985.62,8.88625,0.00432008,0.393
