generation,N_shifts,logPrior,logLik,eventRate,acceptRate
0,0,-7.3249,-nan,200,0
1000000,0,-6.33638,-nan,2.29689,0.021
2000000,0,-6.33135,-nan,1.2905,0.021
3000000,0,-6.3275,-nan,0.521603,0.015
4000000,0,-6.32696,-nan,0.413464,0.021
5000000,0,-6.32925,-nan,0.869984,0.023
6000000,0,-6.32519,-nan,0.0588975,0.0205
7000000,0,-6.32763,-nan,0.546336,0.023
8000000,0,-6.32957,-nan,0.933803,0.02
9000000,0,-6.32782,-nan,0.585288,0.0205
10000000,0,-6.32927,-nan,0.873828,0.021
11000000,0,-6.32778,-nan,0.576273,0.026
12000000,0,-6.3313,-nan,1.28143,0.0255
13000000,0,-6.33124,-nan,1.269,0.0155
14000000,0,-6.3347,-nan,1.96046,0.032
15000000,0,-6.32518,-nan,0.05653,0.026
16000000,0,-6.3259,-nan,0.201693,0.0215
17000000,0,-6.32816,-nan,0.652187,0.0225
18000000,0,-6.33872,-nan,2.76557,0.021
19000000,0,-6.33303,-nan,1.62746,0.019
20000000,0,-6.33171,-nan,1.36264,0.0095
21000000,0,-6.32521,-nan,0.0629668,0.0225
22000000,0,-6.33246,-nan,1.51229,0.0155
23000000,0,-6.32802,-nan,0.624282,0.0225
24000000,0,-6.34089,-nan,3.19818,0.029
25000000,0,-6.3313,-nan,1.27993,0.0305
26000000,0,-6.33353,-nan,1.7268,0.0245
27000000,0,-6.33181,-nan,1.3833,0.025
28000000,0,-6.33061,-nan,1.14286,0.0245
29000000,0,-6.32524,-nan,0.069319,0.0215
30000000,0,-6.32667,-nan,0.355362,0.021
31000000,0,-6.34096,-nan,3.2119,0.0195
32000000,0,-6.32822,-nan,0.663999,0.027
33000000,0,-6.32849,-nan,0.718373,0.0235
34000000,0,-6.33352,-nan,1.72522,0.025
35000000,0,-6.32792,-nan,0.604111,0.019
36000000,0,-6.32561,-nan,0.142614,0.0235
37000000,0,-6.33302,-nan,1.62388,0.0225
38000000,0,-6.32929,-nan,0.879113,0.0215
39000000,0,-6.32716,-nan,0.45178,0.019
40000000,0,-6.33612,-nan,2.24497,0.024
41000000,0,-6.32516,-nan,0.0533099,0.02
42000000,0,-6.32713,-nan,0.445775,0.017
43000000,0,-6.32742,-nan,0.504035,0.0185
44000000,0,-6.33476,-nan,1.97271,0.019
45000000,0,-6.33029,-nan,1.07919,0.02
46000000,0,-6.32523,-nan,0.0658232,0.024
47000000,0,-6.32696,-nan,0.41243,0.0205
48000000,0,-6.32649,-nan,0.319495,0.0265
49000000,0,-6.32606,-nan,0.232495,0.026
50000000,0,-6.32894,-nan,0.808243,0.026
51000000,0,-6.32858,-nan,0.736228,0.018
52000000,0,-6.32662,-nan,0.343928,0.02
53000000,0,-6.33073,-nan,1.1667,0.02
54000000,0,-6.33072,-nan,1.16438,0.0195
55000000,0,-6.33763,-nan,2.54725,0.019
56000000,0,-6.32879,-nan,0.778691,0.0245
57000000,0,-6.32521,-nan,0.0620916,0.0245
58000000,0,-6.33112,-nan,1.24425,0.0235
59000000,0,-6.32607,-nan,0.235457,0.022
60000000,0,-6.33789,-nan,2.59827,0.019
61000000,0,-6.33324,-nan,1.66866,0.0185
62000000,0,-6.32929,-nan,0.878496,0.022
63000000,0,-6.32773,-nan,0.565811,0.0215
64000000,0,-6.33119,-nan,1.25816,0.0235
65000000,0,-6.32569,-nan,0.15879,0.0245
66000000,0,-6.32658,-nan,0.336205,0.0205
67000000,0,-6.34395,-nan,3.81159,0.0245
68000000,0,-6.33826,-nan,2.67232,0.0215
69000000,0,-6.3381,-nan,2.64117,0.0275
70000000,0,-6.32675,-nan,0.371261,0.026
71000000,0,-6.32515,-nan,0.0510095,0.025
72000000,0,-6.32709,-nan,0.438882,0.0195
73000000,0,-6.32702,-nan,0.424545,0.023
74000000,0,-6.3249,-nan,0.00033219,0.0275
75000000,0,-6.32702,-nan,0.425442,0.0205
76000000,0,-6.33394,-nan,1.80933,0.019
77000000,0,-6.32703,-nan,0.42587,0.0205
78000000,0,-6.32759,-nan,0.539355,0.0235
79000000,0,-6.32754,-nan,0.528672,0.018
80000000,0,-6.32667,-nan,0.353822,0.0265
81000000,0,-6.3329,-nan,1.60043,0.024
82000000,0,-6.33588,-nan,2.1959,0.022
83000000,0,-6.33283,-nan,1.58758,0.022
84000000,0,-6.32862,-nan,0.745564,0.024
85000000,0,-6.33067,-nan,1.15442,0.0195
86000000,0,-6.32535,-nan,0.0916317,0.0255
87000000,0,-6.3278,-nan,0.579872,0.0265
88000000,0,-6.32608,-nan,0.236335,0.023
89000000,0,-6.33312,-nan,1.64393,0.0195
90000000,0,-6.3278,-nan,0.581679,0.0295
91000000,0,-6.3252,-nan,0.05997,0.017
92000000,0,-6.35483,-nan,5.98773,0.026
93000000,0,-6.32628,-nan,0.276171,0.0245
94000000,0,-6.32793,-nan,0.606054,0.0205
95000000,0,-6.32602,-nan,0.224087,0.0325
96000000,0,-6.32845,-nan,0.710409,0.0225
97000000,0,-6.32662,-nan,0.344734,0.0185
98000000,0,-6.32739,-nan,0.4996,0.0185
99000000,0,-6.32657,-nan,0.335037,0.0155
100000000,0,-6.32606,-nan,0.233482,0.022
101000000,0,-6.32547,-nan,0.113872,0.021
102000000,0,-6.32635,-nan,0.291564,0.0275
103000000,0,-6.33362,-nan,1.74449,0.023
104000000,0,-6.32808,-nan,0.637698,0.0295
105000000,0,-6.32754,-nan,0.528427,0.0265
106000000,0,-6.32748,-nan,0.516328,0.0235
107000000,0,-6.35727,-nan,6.47524,0.0175
108000000,0,-6.33271,-nan,1.56323,0.0205
109000000,0,-6.32756,-nan,0.532756,0.029
110000000,0,-6.3319,-nan,1.39981,0.023
111000000,0,-6.33417,-nan,1.85505,0.028
112000000,0,-6.32591,-nan,0.202696,0.0215
113000000,0,-6.32749,-nan,0.518326,0.0265
114000000,0,-6.32953,-nan,0.926847,0.0195
115000000,0,-6.33502,-nan,2.02382,0.0185
116000000,0,-6.32542,-nan,0.105319,0.0225
117000000,0,-6.32543,-nan,0.107061,0.026
118000000,0,-6.32541,-nan,0.103531,0.0185
119000000,0,-6.33526,-nan,2.07195,0.02
120000000,0,-6.32655,-nan,0.330644,0.0195
121000000,0,-6.32669,-nan,0.359352,0.0195
122000000,0,-6.32925,-nan,0.87115,0.026
123000000,0,-6.3295,-nan,0.921308,0.03
124000000,0,-6.32781,-nan,0.582541,0.0175
125000000,0,-6.32601,-nan,0.222584,0.0195
126000000,0,-6.32673,-nan,0.367208,0.029
127000000,0,-6.32977,-nan,0.974229,0.017
128000000,0,-6.34044,-nan,3.10899,0.0265
129000000,0,-6.32937,-nan,0.894848,0.0235
130000000,0,-6.33141,-nan,1.30225,0.0245
131000000,0,-6.33389,-nan,1.79939,0.023
132000000,0,-6.32589,-nan,0.19782,0.0195
133000000,0,-6.33195,-nan,1.41012,0.0165
134000000,0,-6.32527,-nan,0.0747224,0.027
135000000,0,-6.32561,-nan,0.142518,0.023
136000000,0,-6.3273,-nan,0.480686,0.029
137000000,0,-6.3257,-nan,0.161366,0.019
138000000,0,-6.3277,-nan,0.559794,0.024
139000000,0,-6.32527,-nan,0.0749662,0.0195
140000000,0,-6.32537,-nan,0.0943244,0.0215
141000000,0,-6.32523,-nan,0.0663879,0.0245
142000000,0,-6.33858,-nan,2.73723,0.032
143000000,0,-6.33522,-nan,2.06551,0.016
144000000,0,-6.33484,-nan,1.98878,0.0195
145000000,0,-6.32605,-nan,0.231129,0.0215
146000000,0,-6.33033,-nan,1.08765,0.017
147000000,0,-6.33744,-nan,2.50778,0.018
148000000,0,-6.32911,-nan,0.842061,0.022
149000000,0,-6.33016,-nan,1.05317,0.024
150000000,0,-6.32685,-nan,0.391168,0.0225
151000000,0,-6.32898,-nan,0.816738,0.0235
152000000,0,-6.32493,-nan,0.00707358,0.0175
153000000,0,-6.32525,-nan,0.0717217,0.0225
154000000,0,-6.32558,-nan,0.136392,0.017
155000000,0,-6.3259,-nan,0.200639,0.0195
156000000,0,-6.32978,-nan,0.977062,0.0215
157000000,0,-6.32714,-nan,0.448294,0.022
158000000,0,-6.329,-nan,0.821616,0.0235
159000000,0,-6.33216,-nan,1.45216,0.029
160000000,0,-6.32524,-nan,0.0680785,0.0255
161000000,0,-6.32778,-nan,0.576413,0.028
162000000,0,-6.32725,-nan,0.469883,0.0175
163000000,0,-6.32509,-nan,0.0388998,0.017
164000000,0,-6.32537,-nan,0.0939047,0.019
165000000,0,-6.32825,-nan,0.671721,0.0235
166000000,0,-6.32508,-nan,0.0366241,0.0175
167000000,0,-6.32591,-nan,0.201881,0.02
168000000,0,-6.32645,-nan,0.310426,0.026
169000000,0,-6.32716,-nan,0.452602,0.021
170000000,0,-6.3267,-nan,0.360272,0.0175
171000000,0,-6.32642,-nan,0.305182,0.022
172000000,0,-6.33148,-nan,1.31769,0.0175
173000000,0,-6.32598,-nan,0.21716,0.0195
174000000,0,-6.32613,-nan,0.247331,0.0275
175000000,0,-6.33427,-nan,1.87412,0.025
176000000,0,-6.32768,-nan,0.556043,0.019
177000000,0,-6.32722,-nan,0.464247,0.019
178000000,0,-6.32887,-nan,0.795638,0.015
179000000,0,-6.33042,-nan,1.1044,0.0265
180000000,0,-6.32608,-nan,0.23615,0.0215
181000000,0,-6.32702,-nan,0.42454,0.0175
182000000,0,-6.32751,-nan,0.522756,0.0185
183000000,0,-6.33523,-nan,2.06672,0.02
184000000,0,-6.32492,-nan,0.0051293,0.0205
185000000,0,-6.32866,-nan,0.753755,0.025
186000000,0,-6.3601,-nan,7.04068,0.0175
187000000,0,-6.33169,-nan,1.35889,0.0235
188000000,0,-6.32533,-nan,0.0858053,0.019
189000000,0,-6.3268,-nan,0.381409,0.0215
190000000,0,-6.3351,-nan,2.04087,0.022
191000000,0,-6.32717,-nan,0.454463,0.0215
192000000,0,-6.33091,-nan,1.20374,0.021
193000000,0,-6.32889,-nan,0.799014,0.0205
194000000,0,-6.32781,-nan,0.582088,0.022
195000000,0,-6.32802,-nan,0.624429,0.02
196000000,0,-6.32613,-nan,0.247104,0.022
197000000,0,-6.32547,-nan,0.115021,0.023
198000000,0,-6.32633,-nan,0.286977,0.0235
199000000,0,-6.325,-nan,0.0204989,0.023
200000000,0,-6.33706,-nan,2.43331,0.0165
201000000,0,-6.3279,-nan,0.601092,0.0215
202000000,0,-6.34189,-nan,3.39821,0.026
203000000,0,-6.32644,-nan,0.309621,0.0255
204000000,0,-6.33212,-nan,1.44395,0.021
205000000,0,-6.32552,-nan,0.124553,0.0205
206000000,0,-6.32526,-nan,0.0733155,0.0215
207000000,0,-6.32707,-nan,0.435454,0.0205
208000000,0,-6.33755,-nan,2.53139,0.0195
209000000,0,-6.32544,-nan,0.108766,0.0195
210000000,0,-6.33059,-nan,1.1394,0.024
211000000,0,-6.3284,-nan,0.700656,0.019
212000000,0,-6.33427,-nan,1.87526,0.0165
213000000,0,-6.33938,-nan,2.89606,0.023
214000000,0,-6.32718,-nan,0.456543,0.0185
215000000,0,-6.33087,-nan,1.19552,0.022
216000000,0,-6.32767,-nan,0.554846,0.027
217000000,0,-6.32805,-nan,0.630981,0.025
218000000,0,-6.32804,-nan,0.628904,0.026
219000000,0,-6.33031,-nan,1.08199,0.024
220000000,0,-6.32767,-nan,0.555257,0.0235
221000000,0,-6.325,-nan,0.0205237,0.026
222000000,0,-6.34754,-nan,4.52863,0.025
223000000,0,-6.34254,-nan,3.52859,0.013
224000000,0,-6.32842,-nan,0.705344,0.024
225000000,0,-6.32956,-nan,0.933369,0.023
226000000,0,-6.32683,-nan,0.386088,0.0155
227000000,0,-6.34134,-nan,3.28797,0.0205
228000000,0,-6.32932,-nan,0.885594,0.018
229000000,0,-6.32669,-nan,0.359386,0.0325
230000000,0,-6.32785,-nan,0.590925,0.0275
231000000,0,-6.34095,-nan,3.21101,0.019
232000000,0,-6.32636,-nan,0.293305,0.0235
233000000,0,-6.32624,-nan,0.268377,0.0275
234000000,0,-6.32512,-nan,0.0453748,0.018
235000000,0,-6.33044,-nan,1.10826,0.0205
236000000,0,-6.33786,-nan,2.59247,0.029
237000000,0,-6.33156,-nan,1.33363,0.0215
238000000,0,-6.32565,-nan,0.150588,0.0245
239000000,0,-6.32713,-nan,0.447281,0.021
240000000,0,-6.32702,-nan,0.423822,0.0215
241000000,0,-6.33622,-nan,2.26521,0.0195
242000000,0,-6.33056,-nan,1.13229,0.018
243000000,0,-6.32716,-nan,0.451905,0.02
244000000,0,-6.32521,-nan,0.0635585,0.0185
245000000,0,-6.32603,-nan,0.226855,0.0195
246000000,0,-6.32537,-nan,0.0950607,0.017
247000000,0,-6.3263,-nan,0.280439,0.019
248000000,0,-6.32526,-nan,0.0737007,0.0215
249000000,0,-6.33361,-nan,1.74233,0.0255
250000000,0,-6.33988,-nan,2.99737,0.021
251000000,0,-6.32637,-nan,0.293787,0.016
252000000,0,-6.32582,-nan,0.184041,0.025
253000000,0,-6.32659,-nan,0.339564,0.023
254000000,0,-6.32572,-nan,0.163928,0.027
255000000,0,-6.32608,-nan,0.237187,0.02
256000000,0,-6.32705,-nan,0.429832,0.0245
257000000,0,-6.32718,-nan,0.457633,0.031
258000000,0,-6.32712,-nan,0.445111,0.016
259000000,0,-6.3273,-nan,0.48092,0.0275
260000000,0,-6.32831,-nan,0.682027,0.0245
261000000,0,-6.32623,-nan,0.266467,0.0145
262000000,0,-6.32821,-nan,0.662822,0.0245
263000000,0,-6.32656,-nan,0.332429,0.024
264000000,0,-6.33224,-nan,1.46793,0.0225
265000000,0,-6.32629,-nan,0.27806,0.0215
266000000,0,-6.33377,-nan,1.77496,0.022
267000000,0,-6.32861,-nan,0.742269,0.0235
268000000,0,-6.32779,-nan,0.5797,0.0235
269000000,0,-6.3287,-nan,0.759834,0.024
270000000,0,-6.32518,-nan,0.0576451,0.024
271000000,0,-6.32808,-nan,0.636394,0.016
272000000,0,-6.3286,-nan,0.741608,0.0195
273000000,0,-6.32542,-nan,0.104019,0.0255
274000000,0,-6.32661,-nan,0.342362,0.0195
275000000,0,-6.32649,-nan,0.318531,0.02
276000000,0,-6.34613,-nan,4.24657,0.019
277000000,0,-6.33589,-nan,2.19881,0.0225
278000000,0,-6.33083,-nan,1.18728,0.0215
279000000,0,-6.3335,-nan,1.72044,0.017
280000000,0,-6.32577,-nan,0.174179,0.021
281000000,0,-6.33628,-nan,2.27618,0.02
282000000,0,-6.32704,-nan,0.427907,0.0215
283000000,0,-6.32505,-nan,0.0311984,0.0215
284000000,0,-6.33829,-nan,2.67923,0.0265
285000000,0,-6.33129,-nan,1.2791,0.0235
286000000,0,-6.33107,-nan,1.23435,0.0225
287000000,0,-6.32589,-nan,0.199081,0.0185
288000000,0,-6.32579,-nan,0.178309,0.0225
289000000,0,-6.32843,-nan,0.706553,0.0215
290000000,0,-6.32846,-nan,0.713418,0.0245
291000000,0,-6.32537,-nan,0.0948252,0.017
292000000,0,-6.32876,-nan,0.773018,0.0205
293000000,0,-6.33804,-nan,2.62911,0.0245
294000000,0,-6.33338,-nan,1.69581,0.0185
295000000,0,-6.32734,-nan,0.488879,0.0275
296000000,0,-6.326,-nan,0.220537,0.023
297000000,0,-6.32703,-nan,0.426291,0.0225
298000000,0,-6.33921,-nan,2.86323,0.028
299000000,0,-6.32911,-nan,0.842519,0.0235
300000000,0,-6.33536,-nan,2.09349,0.0205
301000000,0,-6.32747,-nan,0.515187,0.0205
302000000,0,-6.32594,-nan,0.208135,0.026
303000000,0,-6.32563,-nan,0.147218,0.024
304000000,0,-6.32901,-nan,0.823256,0.0185
305000000,0,-6.32714,-nan,0.449406,0.0155
306000000,0,-6.33089,-nan,1.19876,0.018
307000000,0,-6.34005,-nan,3.03099,0.0245
308000000,0,-6.32996,-nan,1.01261,0.0255
309000000,0,-6.32621,-nan,0.262432,0.0285
310000000,0,-6.32555,-nan,0.129772,0.021
311000000,0,-6.33121,-nan,1.26304,0.0175
312000000,0,-6.33111,-nan,1.24265,0.027
313000000,0,-6.32941,-nan,0.901985,0.0235
314000000,0,-6.33344,-nan,1.70839,0.017
315000000,0,-6.3287,-nan,0.760659,0.024
316000000,0,-6.3307,-nan,1.16098,0.023
317000000,0,-6.33386,-nan,1.79357,0.0255
318000000,0,-6.32523,-nan,0.0662009,0.0205
319000000,0,-6.33157,-nan,1.33566,0.024
320000000,0,-6.3292,-nan,0.861128,0.025
321000000,0,-6.33841,-nan,2.70184,0.023
322000000,0,-6.32551,-nan,0.123086,0.019
323000000,0,-6.32563,-nan,0.145985,0.023
324000000,0,-6.33404,-nan,1.82849,0.0265
325000000,0,-6.32576,-nan,0.173256,0.0195
326000000,0,-6.32661,-nan,0.342467,0.0215
327000000,0,-6.32503,-nan,0.026008,0.0285
328000000,0,-6.33721,-nan,2.46279,0.016
329000000,0,-6.32562,-nan,0.143907,0.0215
330000000,0,-6.33047,-nan,1.11392,0.0205
331000000,0,-6.32761,-nan,0.542537,0.0205
332000000,0,-6.32549,-nan,0.119651,0.0215
333000000,0,-6.32727,-nan,0.475588,0.03
334000000,0,-6.33386,-nan,1.79327,0.023
335000000,0,-6.32924,-nan,0.868606,0.0195
336000000,0,-6.32659,-nan,0.337896,0.019
337000000,0,-6.33967,-nan,2.95425,0.0215
338000000,0,-6.33942,-nan,2.90516,0.0225
339000000,0,-6.32571,-nan,0.161869,0.0265
340000000,0,-6.32959,-nan,0.93902,0.018
341000000,0,-6.3323,-nan,1.48158,0.024
342000000,0,-6.32915,-nan,0.851658,0.025
343000000,0,-6.32716,-nan,0.453407,0.0175
344000000,0,-6.32863,-nan,0.747474,0.026
345000000,0,-6.32654,-nan,0.328328,0.0205
346000000,0,-6.32653,-nan,0.327745,0.02
347000000,0,-6.32814,-nan,0.649019,0.0255
348000000,0,-6.32574,-nan,0.169173,0.0215
349000000,0,-6.32826,-nan,0.671815,0.018
350000000,0,-6.32844,-nan,0.707895,0.0265
351000000,0,-6.32601,-nan,0.222224,0.018
352000000,0,-6.32781,-nan,0.582062,0.025
353000000,0,-6.32728,-nan,0.47579,0.0235
354000000,0,-6.32864,-nan,0.749388,0.0205
355000000,0,-6.32682,-nan,0.383915,0.0225
356000000,0,-6.33081,-nan,1.18345,0.0205
357000000,0,-6.33917,-nan,2.85416,0.0145
358000000,0,-6.32814,-nan,0.648616,0.0225
359000000,0,-6.33128,-nan,1.27604,0.0185
360000000,0,-6.32664,-nan,0.349219,0.0235
361000000,0,-6.32613,-nan,0.245823,0.0245
362000000,0,-6.3266,-nan,0.341029,0.0295
363000000,0,-6.3376,-nan,2.54163,0.0265
364000000,0,-6.33286,-nan,1.59303,0.021
365000000,0,-6.33667,-nan,2.355,0.021
366000000,0,-6.32871,-nan,0.762253,0.022
367000000,0,-6.32731,-nan,0.482928,0.02
368000000,0,-6.32631,-nan,0.283148,0.0185
369000000,0,-6.33323,-nan,1.66698,0.024
370000000,0,-6.32912,-nan,0.844427,0.0225
371000000,0,-6.34122,-nan,3.26503,0.021
372000000,0,-6.3348,-nan,1.9798,0.023
373000000,0,-6.32992,-nan,1.00492,0.019
374000000,0,-6.33582,-nan,2.18408,0.019
375000000,0,-6.32549,-nan,0.119458,0.0225
376000000,0,-6.33131,-nan,1.28266,0.0175
377000000,0,-6.32948,-nan,0.917311,0.0195
378000000,0,-6.33243,-nan,1.50673,0.021
379000000,0,-6.33925,-nan,2.87016,0.0195
380000000,0,-6.3263,-nan,0.280337,0.0235
381000000,0,-6.32802,-nan,0.625536,0.0255
382000000,0,-6.33071,-nan,1.16325,0.0175
383000000,0,-6.33353,-nan,1.72588,0.0225
384000000,0,-6.32683,-nan,0.387667,0.0235
385000000,0,-6.32519,-nan,0.0593486,0.0235
386000000,0,-6.33108,-nan,1.23699,0.0235
387000000,0,-6.32589,-nan,0.199008,0.0235
388000000,0,-6.32695,-nan,0.410885,0.026
389000000,0,-6.3252,-nan,0.0603198,0.021
390000000,0,-6.33394,-nan,1.80963,0.02
391000000,0,-6.32522,-nan,0.0645833,0.017
392000000,0,-6.33033,-nan,1.08745,0.019
393000000,0,-6.33776,-nan,2.57302,0.026
394000000,0,-6.32677,-nan,0.374179,0.025
395000000,0,-6.32534,-nan,0.0883935,0.0245
396000000,0,-6.32779,-nan,0.578652,0.0165
397000000,0,-6.32523,-nan,0.0664381,0.024
398000000,0,-6.32622,-nan,0.264689,0.0275
399000000,0,-6.32711,-nan,0.443257,0.02
400000000,0,-6.32548,-nan,0.117029,0.018
401000000,0,-6.32787,-nan,0.595081,0.023
402000000,0,-6.32569,-nan,0.159584,0.0225
403000000,0,-6.33729,-nan,2.47879,0.0265
404000000,0,-6.32709,-nan,0.439149,0.026
405000000,0,-6.32514,-nan,0.0487967,0.0225
406000000,0,-6.33304,-nan,1.62784,0.0225
407000000,0,-6.32708,-nan,0.436091,0.0175
408000000,0,-6.32616,-nan,0.253414,0.0215
409000000,0,-6.32549,-nan,0.119598,0.024
410000000,0,-6.32955,-nan,0.930985,0.025
411000000,0,-6.32529,-nan,0.0787779,0.022
412000000,0,-6.32678,-nan,0.376979,0.025
413000000,0,-6.32956,-nan,0.932558,0.023
414000000,0,-6.32747,-nan,0.515475,0.023
415000000,0,-6.32601,-nan,0.222484,0.03
416000000,0,-6.32909,-nan,0.839512,0.0205
417000000,0,-6.32596,-nan,0.211873,0.0235
418000000,0,-6.32679,-nan,0.378574,0.018
419000000,0,-6.32706,-nan,0.433061,0.0215
420000000,0,-6.32932,-nan,0.885023,0.0165
421000000,0,-6.34594,-nan,4.20886,0.017
422000000,0,-6.33436,-nan,1.89207,0.0215
423000000,0,-6.32586,-nan,0.193248,0.023
424000000,0,-6.32593,-nan,0.207344,0.0175
425000000,0,-6.32566,-nan,0.151819,0.025
426000000,0,-6.33194,-nan,1.40967,0.021
427000000,0,-6.3251,-nan,0.0400705,0.028
428000000,0,-6.3323,-nan,1.4805,0.0215
429000000,0,-6.32509,-nan,0.0390054,0.02
430000000,0,-6.33195,-nan,1.40982,0.024
431000000,0,-6.32724,-nan,0.469121,0.0245
432000000,0,-6.33046,-nan,1.11251,0.0175
433000000,0,-6.32881,-nan,0.782152,0.0215
434000000,0,-6.33126,-nan,1.27308,0.032
435000000,0,-6.3287,-nan,0.760576,0.02
436000000,0,-6.32834,-nan,0.687869,0.02
437000000,0,-6.32518,-nan,0.0562803,0.0185
438000000,0,-6.33158,-nan,1.33585,0.024
439000000,0,-6.32597,-nan,0.21386,0.0225
440000000,0,-6.33383,-nan,1.78616,0.0245
441000000,0,-6.3275,-nan,0.520697,0.016
442000000,0,-6.33985,-nan,2.99015,0.0235
443000000,0,-6.32659,-nan,0.338103,0.0215
444000000,0,-6.32814,-nan,0.648271,0.0195
445000000,0,-6.32612,-nan,0.24383,0.016
446000000,0,-6.33773,-nan,2.56609,0.027
447000000,0,-6.32999,-nan,1.01959,0.0265
448000000,0,-6.3327,-nan,1.56094,0.0245
449000000,0,-6.32717,-nan,0.45521,0.023
450000000,0,-6.32593,-nan,0.206448,0.0235
451000000,0,-6.32735,-nan,0.490892,0.017
452000000,0,-6.33436,-nan,1.89357,0.0255
453000000,0,-6.32904,-nan,0.828038,0.019
454000000,0,-6.32849,-nan,0.71887,0.019
455000000,0,-6.33074,-nan,1.16814,0.026
456000000,0,-6.33756,-nan,2.5319,0.0245
457000000,0,-6.32713,-nan,0.447112,0.024
458000000,0,-6.32546,-nan,0.112644,0.0215
459000000,0,-6.32505,-nan,0.0310913,0.0225
460000000,0,-6.32632,-nan,0.284932,0.021
461000000,0,-6.32722,-nan,0.465747,0.02
462000000,0,-6.33077,-nan,1.17486,0.0195
463000000,0,-6.32661,-nan,0.342695,0.0195
464000000,0,-6.32981,-nan,0.982837,0.024
465000000,0,-6.32765,-nan,0.550794,0.02
466000000,0,-6.32714,-nan,0.448477,0.0225
467000000,0,-6.35168,-nan,5.35762,0.021
468000000,0,-6.35522,-nan,6.06477,0.0195
469000000,0,-6.32582,-nan,0.183985,0.022
470000000,0,-6.32573,-nan,0.166218,0.025
471000000,0,-6.32625,-nan,0.271086,0.0225
472000000,0,-6.32794,-nan,0.608115,0.025
473000000,0,-6.33722,-nan,2.46485,0.016
474000000,0,-6.32653,-nan,0.327737,0.022
475000000,0,-6.32777,-nan,0.575494,0.0205
476000000,0,-6.32993,-nan,1.0062,0.0255
477000000,0,-6.33701,-nan,2.42209,0.018
478000000,0,-6.33158,-nan,1.33677,0.025
479000000,0,-6.33398,-nan,1.81582,0.0195
480000000,0,-6.3459,-nan,4.20123,0.0225
481000000,0,-6.3259,-nan,0.201481,0.0195
482000000,0,-6.32693,-nan,0.406663,0.02
483000000,0,-6.33405,-nan,1.83042,0.021
484000000,0,-6.32584,-nan,0.18864,0.017
485000000,0,-6.32491,-nan,0.00177893,0.0225
486000000,0,-6.33723,-nan,2.46645,0.02
487000000,0,-6.32669,-nan,0.358744,0.0205
488000000,0,-6.33265,-nan,1.55105,0.016
489000000,0,-6.33531,-nan,2.08353,0.026
490000000,0,-6.33535,-nan,2.09108,0.024
491000000,0,-6.32763,-nan,0.547209,0.021
492000000,0,-6.32507,-nan,0.0347438,0.021
493000000,0,-6.32521,-nan,0.0629699,0.02
494000000,0,-6.32773,-nan,0.566172,0.024
495000000,0,-6.32775,-nan,0.571282,0.026
496000000,0,-6.32699,-nan,0.418045,0.0285
497000000,0,-6.32972,-nan,0.963771,0.0235
498000000,0,-6.36324,-nan,7.66925,0.0255
499000000,0,-6.32497,-nan,0.0156173,0.0285
500000000,0,-6.33117,-nan,1.25483,0.0205
501000000,0,-6.33105,-nan,1.23085,0.0215
502000000,0,-6.33294,-nan,1.60953,0.0195
503000000,0,-6.32559,-nan,0.138874,0.021
504000000,0,-6.3271,-nan,0.4407,0.023
505000000,0,-6.33372,-nan,1.76495,0.0225
506000000,0,-6.32669,-nan,0.35953,0.0185
507000000,0,-6.32791,-nan,0.60355,0.0205
508000000,0,-6.32881,-nan,0.7829,0.0235
509000000,0,-6.3284,-nan,0.700857,0.024
510000000,0,-6.32755,-nan,0.530349,0.02
511000000,0,-6.32562,-nan,0.145219,0.0165
512000000,0,-6.32863,-nan,0.746856,0.024
513000000,0,-6.32603,-nan,0.227567,0.019
514000000,0,-6.32797,-nan,0.614985,0.026
515000000,0,-6.32633,-nan,0.287279,0.0215
516000000,0,-6.32583,-nan,0.187139,0.02
517000000,0,-6.32841,-nan,0.701852,0.021
518000000,0,-6.32703,-nan,0.427393,0.0265
519000000,0,-6.33133,-nan,1.28717,0.0185
520000000,0,-6.32579,-nan,0.178885,0.0235
521000000,0,-6.32651,-nan,0.322479,0.0225
522000000,0,-6.32977,-nan,0.974009,0.024
523000000,0,-6.32941,-nan,0.902519,0.024
524000000,0,-6.32491,-nan,0.00178676,0.0245
525000000,0,-6.33298,-nan,1.61764,0.019
526000000,0,-6.32608,-nan,0.235777,0.02
527000000,0,-6.32743,-nan,0.507145,0.023
528000000,0,-6.33191,-nan,1.40201,0.02
529000000,0,-6.32562,-nan,0.144218,0.0225
530000000,0,-6.32643,-nan,0.306578,0.025
531000000,0,-6.32824,-nan,0.669289,0.021
532000000,0,-6.33223,-nan,1.46611,0.026
533000000,0,-6.33209,-nan,1.43959,0.0225
534000000,0,-6.3253,-nan,0.0802865,0.0185
535000000,0,-6.32582,-nan,0.18379,0.021
536000000,0,-6.32665,-nan,0.351318,0.027
537000000,0,-6.32621,-nan,0.262018,0.0225
538000000,0,-6.3274,-nan,0.50136,0.0215
539000000,0,-6.32648,-nan,0.315988,0.0245
540000000,0,-6.32874,-nan,0.768278,0.0265
541000000,0,-6.33533,-nan,2.08578,0.0215
542000000,0,-6.32766,-nan,0.553446,0.0155
543000000,0,-6.32934,-nan,0.889526,0.021
544000000,0,-6.33076,-nan,1.17296,0.0165
545000000,0,-6.32705,-nan,0.430708,0.0215
546000000,0,-6.32721,-nan,0.462951,0.026
547000000,0,-6.32961,-nan,0.943667,0.018
548000000,0,-6.32676,-nan,0.372522,0.0225
549000000,0,-6.32974,-nan,0.969551,0.024
550000000,0,-6.33559,-nan,2.13964,0.019
551000000,0,-6.33439,-nan,1.89846,0.0185
552000000,0,-6.32932,-nan,0.885731,0.021
553000000,0,-6.33196,-nan,1.41219,0.0225
554000000,0,-6.32651,-nan,0.322308,0.024
555000000,0,-6.33155,-nan,1.33112,0.024
556000000,0,-6.32724,-nan,0.469697,0.022
557000000,0,-6.3363,-nan,2.28088,0.0165
558000000,0,-6.33115,-nan,1.25075,0.0285
559000000,0,-6.32942,-nan,0.905397,0.022
560000000,0,-6.32972,-nan,0.96399,0.026
561000000,0,-6.33355,-nan,1.7312,0.025
562000000,0,-6.32855,-nan,0.730645,0.0225
563000000,0,-6.33159,-nan,1.33831,0.0225
564000000,0,-6.32494,-nan,0.00824013,0.011
565000000,0,-6.32989,-nan,0.998084,0.024
566000000,0,-6.32697,-nan,0.414894,0.0185
567000000,0,-6.33169,-nan,1.35794,0.02
568000000,0,-6.33718,-nan,2.4558,0.0205
569000000,0,-6.32814,-nan,0.648141,0.0235
570000000,0,-6.32713,-nan,0.446029,0.0205
571000000,0,-6.33856,-nan,2.73314,0.022
572000000,0,-6.32573,-nan,0.167404,0.0175
573000000,0,-6.32801,-nan,0.622199,0.023
574000000,0,-6.33384,-nan,1.78948,0.0245
575000000,0,-6.32668,-nan,0.35637,0.018
576000000,0,-6.32533,-nan,0.0857604,0.019
577000000,0,-6.32677,-nan,0.373965,0.0185
578000000,0,-6.33333,-nan,1.68654,0.02
579000000,0,-6.34611,-nan,4.24197,0.0295
580000000,0,-6.33486,-nan,1.9924,0.0225
581000000,0,-6.32499,-nan,0.0189937,0.026
582000000,0,-6.33658,-nan,2.33769,0.023
583000000,0,-6.32532,-nan,0.083828,0.0175
584000000,0,-6.32514,-nan,0.0494518,0.0225
585000000,0,-6.32671,-nan,0.362503,0.021
586000000,0,-6.32931,-nan,0.88216,0.0225
587000000,0,-6.32729,-nan,0.478111,0.027
588000000,0,-6.32767,-nan,0.553864,0.0195
589000000,0,-6.32847,-nan,0.715092,0.018
590000000,0,-6.32707,-nan,0.435566,0.024
591000000,0,-6.32879,-nan,0.779687,0.02
592000000,0,-6.32975,-nan,0.971356,0.0195
593000000,0,-6.32727,-nan,0.474642,0.0185
594000000,0,-6.32963,-nan,0.946201,0.028
595000000,0,-6.35377,-nan,5.77542,0.0295
596000000,0,-6.32947,-nan,0.915666,0.02
597000000,0,-6.32519,-nan,0.0597169,0.0185
598000000,0,-6.32764,-nan,0.547932,0.023
599000000,0,-6.3257,-nan,0.161127,0.0235
600000000,0,-6.32568,-nan,0.156243,0.0245
601000000,0,-6.33323,-nan,1.66761,0.0265
602000000,0,-6.32567,-nan,0.153793,0.0265
603000000,0,-6.32946,-nan,0.913106,0.0235
604000000,0,-6.33236,-nan,1.49334,0.025
605000000,0,-6.34447,-nan,3.9149,0.023
606000000,0,-6.3316,-nan,1.34133,0.0225
607000000,0,-6.32629,-nan,0.279013,0.022
608000000,0,-6.33616,-nan,2.2536,0.023
609000000,0,-6.32771,-nan,0.562149,0.023
610000000,0,-6.32508,-nan,0.0373921,0.025
611000000,0,-6.3414,-nan,3.30168,0.0235
612000000,0,-6.33896,-nan,2.81328,0.0255
613000000,0,-6.34033,-nan,3.08678,0.022
614000000,0,-6.32771,-nan,0.563652,0.025
615000000,0,-6.32849,-nan,0.719516,0.0215
616000000,0,-6.32492,-nan,0.00448789,0.0175
617000000,0,-6.32571,-nan,0.163552,0.026
618000000,0,-6.32659,-nan,0.339498,0.023
619000000,0,-6.32547,-nan,0.114464,0.015
620000000,0,-6.32745,-nan,0.510062,0.022
621000000,0,-6.32672,-nan,0.365017,0.0195
622000000,0,-6.32654,-nan,0.329458,0.0255
623000000,0,-6.32502,-nan,0.0254641,0.0195
624000000,0,-6.32912,-nan,0.844,0.019
625000000,0,-6.33009,-nan,1.03891,0.02
626000000,0,-6.34919,-nan,4.85896,0.0245
627000000,0,-6.33686,-nan,2.39357,0.021
628000000,0,-6.32502,-nan,0.0238507,0.028
629000000,0,-6.3481,-nan,4.64027,0.02
630000000,0,-6.32843,-nan,0.70667,0.0195
631000000,0,-6.32715,-nan,0.449757,0.0205
632000000,0,-6.32512,-nan,0.0455504,0.022
633000000,0,-6.32671,-nan,0.362309,0.0255
634000000,0,-6.33306,-nan,1.63367,0.025
635000000,0,-6.3255,-nan,0.120143,0.0215
636000000,0,-6.32644,-nan,0.309147,0.0285
637000000,0,-6.32721,-nan,0.462994,0.021
638000000,0,-6.32639,-nan,0.299324,0.022
639000000,0,-6.32561,-nan,0.141868,0.021
640000000,0,-6.33112,-nan,1.24526,0.026
641000000,0,-6.34382,-nan,3.78519,0.0175
642000000,0,-6.32685,-nan,0.391005,0.0195
643000000,0,-6.34759,-nan,4.53877,0.024
644000000,0,-6.32667,-nan,0.355037,0.028
645000000,0,-6.35088,-nan,5.1965,0.0235
646000000,0,-6.33603,-nan,2.22762,0.022
647000000,0,-6.33403,-nan,1.82603,0.017
648000000,0,-6.33162,-nan,1.34526,0.028
649000000,0,-6.32888,-nan,0.797634,0.0225
650000000,0,-6.32806,-nan,0.633065,0.022
651000000,0,-6.33156,-nan,1.3322,0.026
652000000,0,-6.34462,-nan,3.94398,0.021
653000000,0,-6.3264,-nan,0.300614,0.028
654000000,0,-6.32808,-nan,0.636841,0.0215
655000000,0,-6.32523,-nan,0.0671737,0.022
656000000,0,-6.32573,-nan,0.16673,0.0205
657000000,0,-6.32875,-nan,0.77026,0.02
658000000,0,-6.32671,-nan,0.362226,0.0195
659000000,0,-6.32601,-nan,0.221867,0.019
660000000,0,-6.32828,-nan,0.677134,0.0215
661000000,0,-6.32598,-nan,0.215957,0.0235
662000000,0,-6.32948,-nan,0.916396,0.02
663000000,0,-6.33273,-nan,1.5659,0.0225
664000000,0,-6.32642,-nan,0.305196,0.0225
665000000,0,-6.32908,-nan,0.83594,0.025
666000000,0,-6.33592,-nan,2.2055,0.0255
667000000,0,-6.32927,-nan,0.875258,0.025
668000000,0,-6.33649,-nan,2.3196,0.02
669000000,0,-6.33476,-nan,1.9737,0.0205
670000000,0,-6.32592,-nan,0.205463,0.021
671000000,0,-6.32612,-nan,0.245211,0.0235
672000000,0,-6.33092,-nan,1.20471,0.019
673000000,0,-6.34102,-nan,3.22429,0.0185
674000000,0,-6.32843,-nan,0.707498,0.0235
675000000,0,-6.32586,-nan,0.191946,0.0245
676000000,0,-6.32692,-nan,0.404258,0.027
677000000,0,-6.32518,-nan,0.0563345,0.023
678000000,0,-6.32599,-nan,0.217933,0.0215
679000000,0,-6.32957,-nan,0.935429,0.0255
680000000,0,-6.32505,-nan,0.0301226,0.021
681000000,0,-6.32784,-nan,0.58895,0.0235
682000000,0,-6.32967,-nan,0.955177,0.0165
683000000,0,-6.32718,-nan,0.456703,0.024
684000000,0,-6.33385,-nan,1.79073,0.0235
685000000,0,-6.32597,-nan,0.215174,0.0195
686000000,0,-6.34388,-nan,3.79604,0.024
687000000,0,-6.3251,-nan,0.0414443,0.0245
688000000,0,-6.32731,-nan,0.483002,0.0245
689000000,0,-6.32762,-nan,0.545142,0.0235
690000000,0,-6.3289,-nan,0.800239,0.0175
691000000,0,-6.32548,-nan,0.116895,0.021
692000000,0,-6.32553,-nan,0.126856,0.024
693000000,0,-6.33939,-nan,2.89937,0.025
694000000,0,-6.32976,-nan,0.973053,0.0175
695000000,0,-6.32635,-nan,0.289838,0.018
696000000,0,-6.32975,-nan,0.97066,0.023
697000000,0,-6.33177,-nan,1.37399,0.0185
698000000,0,-6.32547,-nan,0.114754,0.032
699000000,0,-6.32552,-nan,0.124898,0.0225
700000000,0,-6.33216,-nan,1.45331,0.0215
701000000,0,-6.32503,-nan,0.025994,0.0325
702000000,0,-6.33374,-nan,1.76864,0.0235
703000000,0,-6.33037,-nan,1.09505,0.023
704000000,0,-6.32517,-nan,0.0550846,0.0285
705000000,0,-6.33076,-nan,1.17323,0.0225
706000000,0,-6.33285,-nan,1.59076,0.0205
707000000,0,-6.33845,-nan,2.71017,0.0225
708000000,0,-6.32622,-nan,0.265274,0.0185
709000000,0,-6.32616,-nan,0.252705,0.0165
710000000,0,-6.3263,-nan,0.280472,0.0225
711000000,0,-6.32814,-nan,0.648194,0.021
712000000,0,-6.32589,-nan,0.198778,0.021
713000000,0,-6.32802,-nan,0.624298,0.0225
714000000,0,-6.32565,-nan,0.151028,0.022
715000000,0,-6.32752,-nan,0.52499,0.0225
716000000,0,-6.33267,-nan,1.55544,0.0255
717000000,0,-6.32941,-nan,0.902158,0.0205
718000000,0,-6.33045,-nan,1.10984,0.0275
719000000,0,-6.32777,-nan,0.574653,0.013
720000000,0,-6.33165,-nan,1.35057,0.027
721000000,0,-6.32538,-nan,0.0959104,0.0195
722000000,0,-6.32739,-nan,0.498923,0.0245
723000000,0,-6.32767,-nan,0.554592,0.023
724000000,0,-6.32696,-nan,0.412258,0.0225
725000000,0,-6.32737,-nan,0.494057,0.023
726000000,0,-6.32554,-nan,0.128823,0.0275
727000000,0,-6.32984,-nan,0.98803,0.021
728000000,0,-6.32712,-nan,0.443994,0.0265
729000000,0,-6.32731,-nan,0.482726,0.0245
730000000,0,-6.34886,-nan,4.79368,0.022
731000000,0,-6.33097,-nan,1.21456,0.0215
732000000,0,-6.3252,-nan,0.0599982,0.018
733000000,0,-6.3286,-nan,0.739904,0.0205
734000000,0,-6.32568,-nan,0.156842,0.0255
735000000,0,-6.32602,-nan,0.223988,0.0195
736000000,0,-6.3289,-nan,0.800191,0.016
737000000,0,-6.34724,-nan,4.46876,0.026
738000000,0,-6.33294,-nan,1.60791,0.021
739000000,0,-6.3286,-nan,0.741386,0.023
740000000,0,-6.33382,-nan,1.78541,0.0175
741000000,0,-6.33397,-nan,1.8138,0.025
742000000,0,-6.32815,-nan,0.650103,0.031
743000000,0,-6.32562,-nan,0.14482,0.0215
744000000,0,-6.3439,-nan,3.80171,0.0185
745000000,0,-6.33251,-nan,1.52236,0.021
746000000,0,-6.33348,-nan,1.71625,0.019
747000000,0,-6.33283,-nan,1.58596,0.024
748000000,0,-6.32599,-nan,0.218351,0.0255
749000000,0,-6.33175,-nan,1.37073,0.0265
750000000,0,-6.32906,-nan,0.832026,0.023
751000000,0,-6.3266,-nan,0.340853,0.0225
752000000,0,-6.326,-nan,0.219786,0.022
753000000,0,-6.32884,-nan,0.788574,0.023
754000000,0,-6.32966,-nan,0.952268,0.0245
755000000,0,-6.33224,-nan,1.46813,0.0235
756000000,0,-6.3267,-nan,0.359853,0.0235
757000000,0,-6.32858,-nan,0.737092,0.0165
758000000,0,-6.33133,-nan,1.28706,0.0255
759000000,0,-6.33006,-nan,1.0329,0.022
760000000,0,-6.35536,-nan,6.09355,0.0245
761000000,0,-6.32621,-nan,0.263509,0.0215
762000000,0,-6.32779,-nan,0.579588,0.0225
763000000,0,-6.32577,-nan,0.174816,0.03
764000000,0,-6.32639,-nan,0.299628,0.0185
765000000,0,-6.32769,-nan,0.559202,0.0235
766000000,0,-6.32923,-nan,0.86721,0.0155
767000000,0,-6.32983,-nan,0.987374,0.021
768000000,0,-6.32574,-nan,0.168677,0.021
769000000,0,-6.32916,-nan,0.853681,0.027
770000000,0,-6.33803,-nan,2.62673,0.0215
771000000,0,-6.33018,-nan,1.05771,0.0235
772000000,0,-6.32666,-nan,0.352303,0.03
773000000,0,-6.32956,-nan,0.93317,0.022
774000000,0,-6.32502,-nan,0.0237852,0.027
775000000,0,-6.32917,-nan,0.855604,0.018
776000000,0,-6.32655,-nan,0.330862,0.0215
777000000,0,-6.32509,-nan,0.0377856,0.0185
778000000,0,-6.33064,-nan,1.14898,0.0265
779000000,0,-6.33729,-nan,2.47951,0.0215
780000000,0,-6.3363,-nan,2.28041,0.0185
781000000,0,-6.32817,-nan,0.655694,0.0165
782000000,0,-6.32503,-nan,0.0272794,0.021
783000000,0,-6.32522,-nan,0.0650875,0.025
784000000,0,-6.32674,-nan,0.36782,0.0255
785000000,0,-6.32862,-nan,0.744048,0.0165
786000000,0,-6.3303,-nan,1.0815,0.027
787000000,0,-6.32971,-nan,0.963123,0.022
788000000,0,-6.33204,-nan,1.42893,0.029
789000000,0,-6.32698,-nan,0.415849,0.019
790000000,0,-6.3273,-nan,0.481623,0.0225
791000000,0,-6.33579,-nan,2.1782,0.0165
792000000,0,-6.32768,-nan,0.557335,0.028
793000000,0,-6.32942,-nan,0.905629,0.022
794000000,0,-6.33225,-nan,1.46996,0.025
795000000,0,-6.32962,-nan,0.944082,0.0295
796000000,0,-6.33039,-nan,1.09956,0.0225
797000000,0,-6.33508,-nan,2.03645,0.0205
798000000,0,-6.33387,-nan,1.79508,0.02
799000000,0,-6.32729,-nan,0.479028,0.0215
800000000,0,-6.32746,-nan,0.513315,0.0255
801000000,0,-6.32531,-nan,0.0825039,0.025
802000000,0,-6.32568,-nan,0.155822,0.025
803000000,0,-6.32858,-nan,0.736779,0.024
804000000,0,-6.32511,-nan,0.0419355,0.022
805000000,0,-6.33506,-nan,2.03236,0.0245
806000000,0,-6.3258,-nan,0.180358,0.02
807000000,0,-6.32692,-nan,0.404202,0.0245
808000000,0,-6.3339,-nan,1.80087,0.025
809000000,0,-6.32774,-nan,0.567829,0.0235
810000000,0,-6.32956,-nan,0.932419,0.0175
811000000,0,-6.32805,-nan,0.630074,0.024
812000000,0,-6.32525,-nan,0.0712424,0.017
813000000,0,-6.32913,-nan,0.8462,0.022
814000000,0,-6.33454,-nan,1.92867,0.0235
815000000,0,-6.33182,-nan,1.38508,0.0205
816000000,0,-6.33233,-nan,1.48775,0.021
817000000,0,-6.33215,-nan,1.45124,0.0205
818000000,0,-6.32966,-nan,0.953279,0.0225
819000000,0,-6.32554,-nan,0.127888,0.022
820000000,0,-6.33293,-nan,1.60604,0.0215
821000000,0,-6.33311,-nan,1.64358,0.0265
822000000,0,-6.3303,-nan,1.07993,0.021
823000000,0,-6.32606,-nan,0.231999,0.022
824000000,0,-6.33508,-nan,2.03656,0.0265
825000000,0,-6.33091,-nan,1.2031,0.0205
826000000,0,-6.3275,-nan,0.520003,0.0165
827000000,0,-6.32881,-nan,0.78243,0.0205
828000000,0,-6.32908,-nan,0.836195,0.023
829000000,0,-6.32629,-nan,0.278562,0.028
830000000,0,-6.33525,-nan,2.07012,0.027
831000000,0,-6.32746,-nan,0.512621,0.0245
832000000,0,-6.33722,-nan,2.46517,0.0185
833000000,0,-6.32906,-nan,0.832918,0.0225
834000000,0,-6.33183,-nan,1.38719,0.024
835000000,0,-6.32603,-nan,0.225938,0.0225
836000000,0,-6.32548,-nan,0.117511,0.026
837000000,0,-6.32671,-nan,0.363245,0.027
838000000,0,-6.32641,-nan,0.30302,0.0265
839000000,0,-6.32925,-nan,0.871415,0.0205
840000000,0,-6.32503,-nan,0.0270407,0.0245
841000000,0,-6.32652,-nan,0.325581,0.023
842000000,0,-6.33015,-nan,1.05071,0.02
843000000,0,-6.33119,-nan,1.25946,0.018
844000000,0,-6.32791,-nan,0.603025,0.0175
845000000,0,-6.32745,-nan,0.510552,0.026
846000000,0,-6.33706,-nan,2.43307,0.0305
847000000,0,-6.33731,-nan,2.48234,0.0215
848000000,0,-6.32728,-nan,0.477503,0.019
849000000,0,-6.3258,-nan,0.180236,0.0235
850000000,0,-6.33046,-nan,1.11269,0.0175
851000000,0,-6.33623,-nan,2.26648,0.025
852000000,0,-6.33732,-nan,2.48508,0.0215
853000000,0,-6.33468,-nan,1.95695,0.022
854000000,0,-6.32973,-nan,0.966734,0.019
855000000,0,-6.33247,-nan,1.51435,0.02
856000000,0,-6.3336,-nan,1.74078,0.025
857000000,0,-6.32737,-nan,0.494644,0.026
858000000,0,-6.32709,-nan,0.438277,0.0285
859000000,0,-6.32663,-nan,0.346964,0.02
860000000,0,-6.32868,-nan,0.756058,0.0265
861000000,0,-6.33961,-nan,2.94263,0.024
862000000,0,-6.32597,-nan,0.214556,0.019
863000000,0,-6.33311,-nan,1.64289,0.02
864000000,0,-6.325,-nan,0.0213728,0.02
865000000,0,-6.32503,-nan,0.0275332,0.019
866000000,0,-6.3338,-nan,1.78042,0.0215
867000000,0,-6.32625,-nan,0.271133,0.023
868000000,0,-6.32615,-nan,0.251523,0.0245
869000000,0,-6.32697,-nan,0.413875,0.027
870000000,0,-6.32531,-nan,0.081938,0.0175
871000000,0,-6.32574,-nan,0.16959,0.022
872000000,0,-6.35083,-nan,5.18749,0.025
873000000,0,-6.32959,-nan,0.939118,0.0235
874000000,0,-6.3294,-nan,0.901436,0.0195
875000000,0,-6.35551,-nan,6.12216,0.0215
876000000,0,-6.32591,-nan,0.202459,0.014
877000000,0,-6.32645,-nan,0.31039,0.0205
878000000,0,-6.32533,-nan,0.0867167,0.0255
879000000,0,-6.33154,-nan,1.32888,0.031
880000000,0,-6.34391,-nan,3.80356,0.0245
881000000,0,-6.32755,-nan,0.530266,0.0185
882000000,0,-6.32804,-nan,0.629074,0.0215
883000000,0,-6.33062,-nan,1.14427,0.024
884000000,0,-6.32555,-nan,0.131668,0.021
885000000,0,-6.32637,-nan,0.294073,0.02
886000000,0,-6.33782,-nan,2.58479,0.022
887000000,0,-6.32933,-nan,0.886035,0.0275
888000000,0,-6.33995,-nan,3.01169,0.018
889000000,0,-6.3389,-nan,2.80029,0.025
890000000,0,-6.32883,-nan,0.787587,0.025
891000000,0,-6.33306,-nan,1.63352,0.0185
892000000,0,-6.3291,-nan,0.840898,0.019
893000000,0,-6.33358,-nan,1.73671,0.0205
894000000,0,-6.32862,-nan,0.744897,0.0195
895000000,0,-6.32847,-nan,0.715446,0.022
896000000,0,-6.32544,-nan,0.108001,0.022
897000000,0,-6.33712,-nan,2.44385,0.024
898000000,0,-6.32678,-nan,0.377507,0.0195
899000000,0,-6.33423,-nan,1.86758,0.017
900000000,0,-6.33125,-nan,1.27036,0.0175
901000000,0,-6.32937,-nan,0.894486,0.022
902000000,0,-6.32816,-nan,0.653035,0.026
903000000,0,-6.32986,-nan,0.992997,0.02
904000000,0,-6.32729,-nan,0.479425,0.018
905000000,0,-6.33476,-nan,1.97298,0.019
906000000,0,-6.33252,-nan,1.52419,0.018
907000000,0,-6.33151,-nan,1.32202,0.02
908000000,0,-6.32848,-nan,0.717082,0.022
909000000,0,-6.32716,-nan,0.453202,0.0235
910000000,0,-6.33337,-nan,1.69472,0.0165
911000000,0,-6.3366,-nan,2.34054,0.0205
912000000,0,-6.32526,-nan,0.0721474,0.0225
913000000,0,-6.32988,-nan,0.996742,0.0245
914000000,0,-6.32668,-nan,0.356993,0.0265
915000000,0,-6.32504,-nan,0.0285985,0.026
916000000,0,-6.326,-nan,0.221307,0.0225
917000000,0,-6.32603,-nan,0.227352,0.0205
918000000,0,-6.33153,-nan,1.32579,0.018
919000000,0,-6.32802,-nan,0.625368,0.0245
920000000,0,-6.33278,-nan,1.57637,0.0175
921000000,0,-6.32955,-nan,0.930561,0.0325
922000000,0,-6.32531,-nan,0.0821593,0.02
923000000,0,-6.32784,-nan,0.589275,0.0195
924000000,0,-6.32617,-nan,0.255254,0.024
925000000,0,-6.33305,-nan,1.63098,0.021
926000000,0,-6.32934,-nan,0.888513,0.0225
927000000,0,-6.33636,-nan,2.29293,0.026
928000000,0,-6.33476,-nan,1.97207,0.0165
929000000,0,-6.3489,-nan,4.8014,0.0275
930000000,0,-6.32801,-nan,0.623191,0.023
931000000,0,-6.32892,-nan,0.804765,0.0255
932000000,0,-6.3257,-nan,0.160733,0.0215
933000000,0,-6.32491,-nan,0.00234751,0.0205
934000000,0,-6.3338,-nan,1.78105,0.0185
935000000,0,-6.32769,-nan,0.558198,0.0245
936000000,0,-6.33476,-nan,1.97247,0.0225
937000000,0,-6.33225,-nan,1.47077,0.021
938000000,0,-6.3286,-nan,0.739873,0.024
939000000,0,-6.32594,-nan,0.209333,0.017
940000000,0,-6.33407,-nan,1.83504,0.02
941000000,0,-6.32511,-nan,0.0427338,0.0255
942000000,0,-6.32591,-nan,0.201904,0.025
943000000,0,-6.34314,-nan,3.64832,0.0145
944000000,0,-6.32656,-nan,0.333414,0.0205
945000000,0,-6.32969,-nan,0.958483,0.019
946000000,0,-6.3335,-nan,1.72003,0.0195
947000000,0,-6.32945,-nan,0.910508,0.029
948000000,0,-6.32767,-nan,0.553963,0.0285
949000000,0,-6.32581,-nan,0.1829,0.0255
950000000,0,-6.33201,-nan,1.42342,0.0225
951000000,0,-6.33327,-nan,1.67504,0.021
952000000,0,-6.32838,-nan,0.696723,0.0285
953000000,0,-6.34012,-nan,3.04408,0.024
954000000,0,-6.32618,-nan,0.257144,0.0215
955000000,0,-6.33314,-nan,1.64896,0.025
956000000,0,-6.32645,-nan,0.311097,0.0185
957000000,0,-6.32632,-nan,0.284479,0.0255
958000000,0,-6.33163,-nan,1.34624,0.0225
959000000,0,-6.32799,-nan,0.618095,0.027
960000000,0,-6.3273,-nan,0.480176,0.0205
961000000,0,-6.32667,-nan,0.353855,0.0205
962000000,0,-6.32717,-nan,0.455667,0.0275
963000000,0,-6.34176,-nan,3.37307,0.0265
964000000,0,-6.32631,-nan,0.282939,0.0265
965000000,0,-6.33234,-nan,1.48901,0.0235
966000000,0,-6.33774,-nan,2.5695,0.018
967000000,0,-6.32555,-nan,0.129845,0.0235
968000000,0,-6.32674,-nan,0.367876,0.02
969000000,0,-6.3258,-nan,0.1804,0.0275
970000000,0,-6.32499,-nan,0.0187956,0.0195
971000000,0,-6.32732,-nan,0.485381,0.0245
972000000,0,-6.32671,-nan,0.363744,0.0175
973000000,0,-6.32575,-nan,0.170908,0.0135
974000000,0,-6.33352,-nan,1.72502,0.022
975000000,0,-6.33535,-nan,2.09122,0.0205
976000000,0,-6.3317,-nan,1.36128,0.0235
977000000,0,-6.32572,-nan,0.16383,0.0175
978000000,0,-6.33089,-nan,1.19804,0.0215
979000000,0,-6.33125,-nan,1.2698,0.0315
980000000,0,-6.32593,-nan,0.206031,0.02
981000000,0,-6.32996,-nan,1.01296,0.0165
982000000,0,-6.32875,-nan,0.771106,0.0185
983000000,0,-6.32754,-nan,0.529115,0.023
984000000,0,-6.33649,-nan,2.31777,0.0215
985000000,0,-6.32638,-nan,0.295772,0.022
986000000,0,-6.32741,-nan,0.50355,0.019
987000000,0,-6.32496,-nan,0.0121918,0.0185
988000000,0,-6.32516,-nan,0.0532993,0.0205
989000000,0,-6.3313,-nan,1.28029,0.026
990000000,0,-6.32535,-nan,0.090166,0.026
991000000,0,-6.32646,-nan,0.313166,0.016
992000000,0,-6.32734,-nan,0.489684,0.026
993000000,0,-6.32616,-nan,0.252038,0.024
994000000,0,-6.32783,-nan,0.586177,0.0195
995000000,0,-6.32492,-nan,0.00531966,0.026
996000000,0,-6.32496,-nan,0.0117895,0.0185
997000000,0,-6.32579,-nan,0.178008,0.0155
998000000,0,-6.32714,-nan,0.449175,0.0265
999000000,0,-6.32493,-nan,0.00674908,0.0215
