generation,N_shifts,logPrior,logLik,eventRate,acceptRate
0,0,-7.33309,-773.707,200,0
1000000,51,319.993,59.3531,53.4193,0.241
2000000,42,244.85,38.3108,32.0887,0.229
3000000,49,281.74,10.6452,52.4934,0.242333
4000000,54,319.063,53.6156,55.3246,0.247
5000000,43,265.83,13.0487,34.3241,0.229
6000000,36,213.267,28.7028,32.0627,0.256
7000000,47,281.679,21.8037,36.6613,0.245
8000000,45,258.327,10.6254,50.3558,0.248
9000000,16,92.1548,-0.632218,15.7002,0.257
10000000,41,250.317,53.7639,35.8346,0.241
11000000,45,256.935,54.0004,59.0905,0.263
12000000,33,192.037,9.61034,33.0762,0.2435
13000000,49,290.086,42.3055,54.9586,0.2305
14000000,17,102.144,11.8847,12.9466,0.2485
15000000,51,317.539,56.7373,53.0032,0.254
16000000,42,229.6,-3.06136,45.0583,0.268
17000000,70,416.753,60.5071,75.3852,0.234
18000000,52,310.924,19.6628,59.7088,0.235
19000000,41,255.661,3.63387,56.6641,0.244
20000000,16,100.397,15.2436,16.6848,0.233
21000000,20,126.904,12.0916,22.558,0.2285
22000000,36,211.66,36.1381,39.0806,0.2215
23000000,33,191.787,20.7017,31.3425,0.247667
24000000,57,343.663,36.9021,58.2537,0.273
25000000,29,170.925,18.8677,29.8857,0.2425
26000000,94,555.771,42.6061,96.6239,0.243
27000000,43,256.573,27.7994,41.6318,0.2375
28000000,37,224.477,49.0354,36.4926,0.227
29000000,41,235.232,20.8653,35.2125,0.253333
30000000,36,207.606,44.5053,32.4628,0.2435
31000000,42,252.529,-24.9295,43.8483,0.286
32000000,16,96.5557,-24.9889,25.2193,0.251
33000000,40,229.722,48.1464,42.4071,0.2365
34000000,37,221.633,-16.4093,39.0723,0.2635
35000000,29,175.505,23.0912,29.2186,0.2415
36000000,14,86.8942,-32.9739,15.0165,0.25825
37000000,41,255.691,31.7586,36.847,0.255
38000000,55,330.607,2.34576,54.282,0.2585
39000000,27,158.009,40.3565,30.2961,0.252
40000000,29,175.209,-23.8227,41.7149,0.259333
41000000,28,172.529,1.30213,26.9376,0.259
42000000,54,322.168,2.47099,59.2889,0.246
43000000,18,103.314,3.70411,16.3094,0.242
44000000,42,256.355,18.7127,35.487,0.228
45000000,61,366.412,13.0967,56.0365,0.241
46000000,22,131.246,14.444,12.0904,0.251
47000000,56,332.811,20.7838,51.125,0.224
48000000,50,312.391,35.4614,58.7017,0.244
49000000,38,226.275,0.597574,36.6688,0.2475
50000000,24,136.978,32.9259,31.711,0.233
51000000,50,295.557,48.2934,48.674,0.2275
52000000,36,209.832,33.6369,38.7576,0.249
53000000,51,302.596,-5.69025,55.6351,0.227
54000000,45,264.994,-9.94553,39.0753,0.260714
55000000,63,375.993,41.5699,62.6028,0.259
56000000,51,318.684,60.2826,42.378,0.2355
57000000,47,288.79,21.1204,58.5735,0.224
58000000,40,247.358,65.5293,49.0645,0.204
59000000,48,290.276,56.9952,55.6689,0.235
60000000,48,292.721,15.3873,72.2213,0.268
61000000,42,251.319,3.03688,40.6125,0.262
62000000,53,308.832,8.09534,50.7054,0.258
63000000,20,116.485,22.3508,23.4932,0.2485
64000000,46,269.607,3.69082,40.7838,0.2515
65000000,39,237.644,1.41234,43.3701,0.253
66000000,37,203.739,10.9218,41.5477,0.2725
67000000,40,241.614,48.0907,49.3264,0.257
68000000,37,229.266,43.215,37.1103,0.227
69000000,49,295.571,19.2343,54.8385,0.291
70000000,43,263.941,4.12387,36.7874,0.279
71000000,54,314.438,28.2539,48.4903,0.258
72000000,33,192.9,16.1207,43.2243,0.254
73000000,53,321.543,45.2513,58.5703,0.249
74000000,57,346.536,-35.9494,63.2877,0.275
75000000,27,159.406,14.7316,37.8401,0.249
76000000,57,335.775,7.2679,49.558,0.242
77000000,34,205.84,28.1302,39.0133,0.262
78000000,47,268.014,-19.5731,50.402,0.266
79000000,31,188.11,-6.08679,29.2903,0.248
80000000,27,160.326,10.1147,29.8015,0.2395
81000000,28,178.371,-9.21353,29.8296,0.261
82000000,67,396.461,-4.12204,73.1015,0.273
83000000,49,292.501,1.0069,61.3574,0.266
84000000,35,211.718,8.33363,36.2289,0.2555
85000000,38,213.896,39.4434,31.6791,0.247
86000000,31,190.143,15.4839,34.8887,0.2445
87000000,48,286.569,19.6612,45.3626,0.244
88000000,37,225.589,-0.981205,41.2386,0.239
89000000,26,143.94,9.24852,31.1602,0.2525
90000000,34,197.038,29.8337,35.9075,0.252
91000000,46,273.677,61.717,51.1282,0.245
92000000,47,289.424,39.9686,55.6504,0.239
93000000,71,423.537,3.36841,68.7434,0.2615
94000000,38,228.484,14.3915,34.258,0.251
95000000,47,277.603,47.1122,50.7659,0.251
96000000,34,198.586,15.5571,31.9555,0.2462
97000000,21,126.004,7.79771,24.4179,0.263
98000000,47,278.418,31.9219,54.3132,0.2485
99000000,15,86.2455,8.65552,11.8514,0.2555
100000000,38,229.059,17.657,41.2262,0.225
101000000,53,319.701,9.27232,63.44,0.251
102000000,37,205.535,46.2363,32.8666,0.248
103000000,24,143.508,5.87711,27.0673,0.2345
104000000,50,310.441,36.9918,46.2476,0.22
105000000,24,139.104,-0.874483,20.1124,0.2645
106000000,62,373.387,30.7641,67.8604,0.252
107000000,68,409.897,26.1854,70.8423,0.2365
108000000,31,186.345,30.8708,30.9089,0.2385
109000000,28,167.661,25.3232,32.2911,0.2245
110000000,26,156.816,23.2358,22.9755,0.253
111000000,54,316.14,19.4408,65.4547,0.247
112000000,36,201.512,31.5873,26.8502,0.226
113000000,68,413.426,53.5743,56.4153,0.256
114000000,26,158.844,10.7156,22.6971,0.2395
115000000,62,382.677,46.8879,85.2187,0.2225
116000000,26,156.552,-3.67539,22.0338,0.262
117000000,46,284.082,37.3034,37.521,0.249
118000000,13,75.9375,-30.2574,4.62531,0.2645
119000000,37,220.925,5.83699,49.5292,0.232
120000000,31,182.085,18.4675,25.77,0.239333
121000000,50,303.921,23.8948,51.2836,0.2465
122000000,19,119.833,34.036,14.8491,0.233
123000000,36,217.501,-15.878,37.1054,0.267
124000000,49,283.562,16.7634,53.7056,0.251
125000000,43,261.874,38.6912,47.7067,0.246
126000000,44,258.386,25.8312,41.8412,0.2545
127000000,57,360.643,28.2863,59.7805,0.231
128000000,35,211.734,44.1717,28.7661,0.2625
129000000,35,203.067,6.05138,34.7653,0.245
130000000,34,209.444,4.78358,25.6307,0.261
131000000,39,233.02,32.3513,42.6104,0.2375
132000000,29,181.546,11.5894,34.1246,0.236
133000000,49,290.984,13.4811,47.1729,0.239
134000000,31,180.717,-4.879,25.0069,0.2495
135000000,51,318.894,46.8388,55.7208,0.2285
136000000,16,95.3953,-3.17502,21.4209,0.25
137000000,51,312.544,-13.2621,50.3422,0.251
138000000,60,346.843,15.2952,53.311,0.252
139000000,54,314.664,41.0943,54.1472,0.258
140000000,39,229.275,-15.4244,30.5619,0.268
141000000,35,204.508,15.3978,32.5467,0.251
142000000,46,276.405,-4.54476,43.7606,0.242
143000000,45,250.653,23.2494,43.6243,0.2185
144000000,43,257.613,35.2452,50.7974,0.239
145000000,46,273.057,42.7415,42.8753,0.234
146000000,53,321.095,46.7309,55.6176,0.253
147000000,36,212.147,45.8424,36.4155,0.24
148000000,44,257.993,44.8062,42.8701,0.235667
149000000,13,75.5709,13.5561,18.8969,0.243
150000000,43,267.062,38.9566,51.4126,0.244
151000000,21,129.007,28.0389,21.839,0.2445
152000000,45,278.033,43.0559,58.6179,0.243
153000000,50,308.367,20.2346,46.1347,0.2415
154000000,53,320.327,35.9013,54.8515,0.253
155000000,16,101.085,-26.3795,14.1376,0.2565
156000000,64,390.206,26.6896,61.9838,0.236
157000000,68,408.529,28.5358,78.8041,0.25
158000000,52,321.605,13.6989,43.9394,0.246
159000000,34,207.373,7.42447,23.9045,0.27
160000000,43,259.892,38.7248,35.2607,0.244
161000000,59,349.534,30.3588,62.5213,0.251
162000000,50,300.697,49.6667,49.3536,0.243
163000000,56,326.906,31.2028,52.1525,0.249
164000000,22,128.9,5.70252,15.7788,0.262
165000000,48,284.799,25.3286,56.5024,0.2485
166000000,43,264.295,14.7287,47.6637,0.246
167000000,47,276.83,41.9503,59.2714,0.233
168000000,39,235.957,49.0487,44.4526,0.2248
169000000,50,318.444,19.2697,50.0789,0.2535
170000000,65,396.988,82.3862,62.0395,0.222
171000000,46,277.051,21.2868,45.2877,0.246
172000000,51,308.781,40.7669,45.3009,0.244
173000000,25,146.528,4.55502,22.1121,0.2515
174000000,35,205.098,43.1039,32.8094,0.2295
175000000,52,310.773,43.3058,42.4174,0.222
176000000,62,376.786,34.6358,53.2578,0.258
177000000,40,230.514,10.6132,43.1733,0.257
178000000,29,168.711,39.5432,22.6832,0.232
179000000,43,266.457,35.7723,42.4756,0.254
180000000,47,282.143,22.6992,42.5567,0.249
181000000,37,213.502,20.9364,53.2573,0.253
182000000,42,245.353,-38.947,44.9666,0.28
183000000,42,257.09,16.6081,43.4077,0.256
184000000,61,370.699,41.2564,62.1074,0.236
185000000,22,130.802,20.1057,20.2811,0.2495
186000000,66,394.36,38.6981,58.7672,0.2345
187000000,56,349.585,61.9797,54.4319,0.249
188000000,57,340.656,5.93992,45.6981,0.2505
189000000,44,266.073,-21.9997,49.5735,0.257
190000000,64,386.554,33.6962,73.3035,0.223
191000000,36,220.021,82.5891,32.4843,0.234
192000000,57,333.506,13.2957,53.6404,0.262
193000000,16,99.2219,-13.6657,18.1788,0.263667
194000000,36,208.177,4.19602,49.0626,0.2405
195000000,33,193.492,12.9249,37.6556,0.236
196000000,47,288.287,-29.1203,40.9224,0.275
197000000,22,131.713,36.9012,18.2623,0.2235
198000000,27,164.797,37.9498,18.6574,0.211
199000000,43,265.25,20.2668,42.347,0.259
200000000,36,215.039,3.03925,42.119,0.236333
201000000,26,153.97,-8.05331,26.0111,0.26
202000000,26,159.626,-3.57778,20.0802,0.254
203000000,27,166.913,23.8125,18.9519,0.228
204000000,29,176.796,49.7765,28.7119,0.224
205000000,56,337.744,-4.72934,66.5823,0.281
206000000,77,464.784,19.1302,66.3799,0.261
207000000,47,281.767,28.9494,53.4622,0.231
208000000,73,448.823,39.3564,76.346,0.226
209000000,55,318.198,7.94391,42.7389,0.264
210000000,47,284.814,27.8391,43.5163,0.247
211000000,40,239.683,-6.73923,43.2956,0.2565
212000000,37,215.646,14.9762,48.2851,0.241
213000000,38,221.354,1.99718,43.8419,0.255333
214000000,42,261.589,-39.3527,38.6788,0.246
215000000,69,428.029,53.3024,84.8991,0.255
216000000,33,201.68,35.9447,37.0878,0.2585
217000000,42,246.544,69.4432,47.9428,0.232
218000000,55,330.113,38.7927,53.8776,0.257
219000000,42,247.817,-2.45906,45.1512,0.249333
220000000,61,362.217,38.6793,59.083,0.21
221000000,47,296.826,41.7267,46.0016,0.264
222000000,46,271.421,5.29739,35.0959,0.239
223000000,46,275.184,-11.9897,41.7571,0.28
224000000,41,247.118,40.1224,38.9313,0.266
225000000,43,273.964,36.7794,35.2281,0.231333
226000000,39,230.422,25.2728,30.2801,0.2525
227000000,38,231.885,41.0092,39.3255,0.229
228000000,40,236.188,9.04439,57.1355,0.264
229000000,29,174.685,23.8378,30.7578,0.2485
230000000,43,244.335,28.1366,36.2922,0.2455
231000000,35,203.507,-5.34374,36.731,0.244
232000000,41,230.577,43.0563,34.7545,0.245
233000000,35,210.878,25.1239,41.1856,0.254
234000000,54,323.879,63.2403,53.805,0.22825
235000000,41,242.255,14.4947,46.8479,0.2535
236000000,44,265.902,47.0218,58.1518,0.227
237000000,35,213.957,24.6735,36.4035,0.242
238000000,35,209.889,-3.00252,31.1427,0.255
239000000,50,299.52,33.2581,61.1596,0.233
240000000,47,263.112,-1.52034,66.6178,0.255
241000000,45,262.966,46.429,38.4336,0.238
242000000,29,171.362,12.8885,25.2338,0.231
243000000,46,281.933,14.0142,39.7253,0.24
244000000,48,284.079,46.2921,54.4228,0.233
245000000,34,209.144,9.68339,29.2756,0.2495
246000000,27,167.644,22.9037,31.7053,0.2435
247000000,27,158.826,14.3301,23.7618,0.236
248000000,31,187.242,19.3219,29.2378,0.266
249000000,56,345.662,15.2872,70.1248,0.258
250000000,42,258.686,9.56006,51.8702,0.267
251000000,76,458.718,33.5454,75.9286,0.242
252000000,71,433.852,32.7451,89.2132,0.263
253000000,50,288.408,32.8898,39.2648,0.239
254000000,19,117.189,-10.2032,23.3445,0.264
255000000,87,527.987,34.3767,84.7411,0.221
256000000,29,174.383,-21.1777,44.1006,0.263
257000000,29,176.253,-10.8586,30.9996,0.247
258000000,74,439.639,38.796,66.3598,0.246
259000000,47,273.248,26.1175,47.7349,0.256
260000000,20,120.646,26.6723,18.837,0.24
261000000,60,359.159,6.70516,53.9341,0.26
262000000,28,155.373,-3.91642,22.993,0.2455
263000000,65,395.855,58.276,54.6936,0.236
264000000,35,215.317,-6.89684,41.7115,0.2735
265000000,64,390.512,16.0273,73.5079,0.2468
266000000,32,200.914,51.9321,41.999,0.2285
267000000,53,317.47,36.7081,58.5096,0.257
268000000,64,395.41,75.7932,65.066,0.23
269000000,24,154.101,19.482,29.1807,0.241
270000000,40,250.146,16.1896,40.0619,0.242
271000000,15,90.2505,30.8202,18.18,0.2425
272000000,44,257.549,18.519,40.2873,0.257
273000000,33,192.482,49.2091,26.9418,0.227
274000000,65,378.735,61.0246,66.1293,0.225
275000000,21,121.454,8.78718,22.8681,0.262
276000000,52,311.977,19.5181,57.8602,0.255
277000000,50,303.027,29.7656,48.0417,0.246
278000000,44,276.318,11.4175,48.3033,0.263
279000000,55,342.925,40.7589,57.717,0.262
280000000,37,215.796,-1.11834,30.6334,0.266
281000000,24,148.409,-7.25669,36.5749,0.2685
282000000,47,273.891,33.5547,40.9106,0.26
283000000,35,217.173,7.14172,29.8622,0.2565
284000000,53,318.697,58.0751,50.9212,0.229
285000000,36,207.887,-3.69062,30.3257,0.259
286000000,56,323.603,4.18182,55.0207,0.253667
287000000,41,252.557,35.7563,49.4336,0.236
288000000,52,314.372,3.00003,54.0069,0.2465
289000000,21,121.022,-16.1692,20.7571,0.281
290000000,62,372.51,11.1584,71.4823,0.249
291000000,66,376.787,28.8727,63.2247,0.251
292000000,30,174.574,55.5733,16.9986,0.214
293000000,52,320.732,-14.3502,59.8184,0.293
294000000,31,175.286,29.7207,27.5075,0.263
295000000,55,335.996,28.4258,69.6751,0.2485
296000000,49,279.948,48.4383,42.7206,0.243
297000000,49,287.343,28.3156,68.051,0.2465
298000000,70,428.453,7.94881,85.6984,0.238
299000000,50,291.804,14.625,54.6992,0.2645
300000000,52,322.922,25.8622,47.3431,0.2375
301000000,45,268.614,14.1511,40.713,0.25
302000000,23,145.727,-16.8505,19.3017,0.2435
303000000,32,185.64,-15.0606,23.0313,0.2585
304000000,36,215.809,-0.301899,37.8697,0.2375
305000000,65,382.16,49.3723,70.4662,0.254
306000000,37,219.038,5.74693,44.2979,0.237667
307000000,24,145.629,3.46791,27.7915,0.260333
308000000,45,278.169,-1.56364,43.6588,0.242
309000000,39,229.577,63.3508,37.65,0.24
310000000,39,237.678,13.869,39.8177,0.24
311000000,62,369.305,-0.944894,63.8242,0.259333
312000000,41,243.917,38.753,33.678,0.254
313000000,56,340.347,44.0593,45.4215,0.219
314000000,37,225.747,41.6723,42.9233,0.2645
315000000,28,165.02,20.9602,30.7185,0.251667
316000000,40,249.11,67.6088,33.6958,0.235
317000000,42,258.959,51.6284,39.2389,0.254
318000000,46,275.542,23.0909,46.8049,0.26
319000000,19,106.721,-35.4017,21.0037,0.2645
320000000,64,383.495,22.2202,64.9074,0.244
321000000,56,349.556,52.7772,68.4004,0.2505
322000000,65,398.161,1.84343,70.4306,0.2765
323000000,31,180.116,24.2677,44.8146,0.2435
324000000,55,334.003,89.65,56.6651,0.213
325000000,43,250.197,16.8408,45.8855,0.24
326000000,35,204.131,12.1734,27.1389,0.2535
327000000,29,177.589,27.3712,27.8866,0.252
328000000,53,312.196,46.3772,42.2181,0.228
329000000,28,170.696,48.4805,32.2392,0.23
330000000,45,264.641,33.3247,48.8707,0.25
331000000,36,229.554,2.9551,51.2905,0.2315
332000000,43,257.235,36.4031,40.4588,0.242667
333000000,42,245.126,9.31085,41.4461,0.255
334000000,48,302.701,-19.3426,36.753,0.2625
335000000,36,214.812,44.9726,37.8469,0.2255
336000000,51,317.068,34.4317,45.0589,0.237
337000000,49,290.279,25.8641,46.5654,0.243
338000000,34,203.014,24.8411,36.7883,0.2495
339000000,46,277.215,7.62936,48.4436,0.268
340000000,36,213.161,6.84456,29.5336,0.2595
341000000,50,314.794,10.2936,46.8386,0.274
342000000,50,299.043,23.1225,61.6775,0.2315
343000000,50,303.352,40.0936,38.7,0.245
344000000,34,204.071,54.037,34.2303,0.216
345000000,44,264.775,23.8994,36.6869,0.258
346000000,48,287.438,21.4408,41.9931,0.252
347000000,65,375.275,14.1037,71.7096,0.277
348000000,33,191.489,70.1332,34.4506,0.2465
349000000,56,336.859,-11.2034,46.5027,0.275
350000000,33,197.819,39.6656,31.879,0.25
351000000,28,158.543,47.671,27.9192,0.2362
352000000,57,328.602,39.8045,53.3285,0.252
353000000,58,339.152,38.9697,60.5643,0.258
354000000,31,192.413,3.89601,32.2626,0.262
355000000,17,106.186,-6.25349,23.0159,0.233667
356000000,53,330.94,-9.10568,38.0203,0.262
357000000,58,349.524,36.5532,66.8225,0.237
358000000,71,435.014,41.872,59.1402,0.228
359000000,50,294.08,10.0979,45.7403,0.246
360000000,41,242.513,57.2409,43.7931,0.243
361000000,26,161.658,-7.32444,22.1213,0.2664
362000000,51,317.242,28.4814,53.1958,0.226
363000000,33,204.24,10.3524,27.0715,0.2515
364000000,33,201.586,21.7554,33.4199,0.26
365000000,50,313.616,21.6704,50.0732,0.261
366000000,30,177.672,6.48954,33.3355,0.2545
367000000,41,251.549,24.8164,45.6245,0.2462
368000000,81,489.273,50.6222,88.9747,0.257
369000000,52,316.835,16.9712,51.4113,0.276
370000000,64,394.574,4.72542,47.2751,0.255
371000000,28,171.744,23.7203,28.1029,0.257
372000000,42,251.523,16.1292,32.1203,0.246
373000000,13,76.9275,-18.8681,8.61217,0.252
374000000,20,109.25,-15.0484,16.6058,0.2775
375000000,35,205.332,22.5513,36.3733,0.231
376000000,38,233.29,-9.60705,37.6665,0.24
377000000,36,218.549,6.03997,34.0643,0.2515
378000000,18,105.137,14.5285,24.8752,0.244
379000000,52,334.07,23.5663,44.0566,0.263
380000000,28,162.113,5.87961,20.4429,0.238
381000000,52,308.348,27.4403,65.5631,0.231
382000000,39,227.317,23.8007,37.7482,0.2565
383000000,64,369.839,-13.7764,61.3704,0.247
384000000,48,277.259,6.06203,46.647,0.257
385000000,47,281.301,0.506796,46.2998,0.2555
386000000,80,482.593,38.843,73.3954,0.228
387000000,73,432.478,22.3613,62.0675,0.252
388000000,27,163.978,5.92473,24.0226,0.2245
389000000,41,247.786,-0.254631,49.1819,0.265
390000000,34,204.167,20.7834,37.5881,0.2635
391000000,39,220.628,28.2502,40.9581,0.247
392000000,40,233.709,10.6504,40.5176,0.2602
393000000,36,217.891,37.6498,37.1323,0.262
394000000,40,240.482,5.47372,42.2572,0.227
395000000,60,358.1,11.7511,68.3002,0.261
396000000,78,487.698,42.4913,95.0638,0.246
397000000,33,193.128,42.4223,30.9348,0.231
398000000,35,227.462,-7.58214,37.6582,0.242
399000000,50,302.632,53.5262,55.8626,0.224
400000000,73,454.922,53.5513,66.2603,0.209
401000000,32,198.46,56.9927,29.7782,0.232
402000000,43,257.47,35.7494,41.7102,0.24
403000000,32,192.157,37.8478,36.6939,0.242
404000000,43,255.979,13.1312,31.3043,0.254
405000000,25,142.189,-11.5124,17.4358,0.275
406000000,50,296.525,62.0365,52.2055,0.211
407000000,48,280.163,78.7975,48.3514,0.235
408000000,33,205.575,44.4735,32.7865,0.2365
409000000,25,149.58,-5.65389,21.4056,0.254625
410000000,30,173.134,-13.8332,32.8079,0.265
411000000,44,274.764,20.4027,56.4807,0.2365
412000000,62,361.069,25.4912,72.9096,0.228
413000000,57,349.04,36.6709,57.3983,0.246
414000000,44,261.901,4.12356,46.816,0.267176
415000000,73,429.32,19.0638,73.1185,0.242
416000000,67,412.131,70.521,66.4978,0.265
417000000,32,193.601,13.9924,34.8892,0.252
418000000,34,201.252,49.6373,35.3929,0.225
419000000,61,367.761,49.2307,55.2103,0.22
420000000,37,228.85,20.0269,41.9634,0.2715
421000000,32,199.275,34.4001,34.7547,0.238
422000000,50,299.829,14.3431,37.9259,0.255
423000000,44,276.541,26.1092,44.2595,0.239
424000000,55,330.91,-2.93795,57.0078,0.254
425000000,40,238.149,5.42099,44.7281,0.2655
426000000,45,279.238,0.292036,38.8844,0.2595
427000000,27,150.8,-0.452233,32.261,0.2425
428000000,55,325.137,9.31713,43.6839,0.268
429000000,78,457.457,33.8852,100.312,0.226
430000000,31,185.317,53.1344,43.2626,0.2365
431000000,65,389.972,6.93123,61.2401,0.259
432000000,50,299.314,-9.53527,46.3243,0.2725
433000000,47,278.326,46.7288,56.1392,0.241
434000000,33,199.121,5.06194,39.4038,0.2505
435000000,30,181.95,-11.3065,27.9401,0.262
436000000,45,261.819,28.0943,61.1565,0.237
437000000,35,201.34,-18.5858,44.9787,0.2395
438000000,59,358.827,46.6776,51.1146,0.251
439000000,41,232.369,23.7348,38.4764,0.248
440000000,40,250.546,74.5834,42.4549,0.228667
441000000,45,276.196,39.3685,33.66,0.2545
442000000,32,181.531,14.0998,20.0028,0.2585
443000000,41,230.104,36.2514,42.5972,0.23
444000000,28,152.035,-29.6942,21.3851,0.2615
445000000,73,421.616,13.4453,62.0219,0.2315
446000000,33,194.125,25.0142,34.8056,0.258
447000000,36,216.971,-29.4819,40.35,0.257
448000000,30,177.679,11.1206,30.325,0.232
449000000,25,135.03,-21.049,15.1924,0.2895
450000000,61,366.038,26.1802,73.1957,0.244
451000000,21,137.462,-6.81294,30.5545,0.26125
452000000,34,203.128,5.72449,32.2613,0.283
453000000,43,265.478,41.6746,41.3098,0.24
454000000,22,128.9,35.2922,26.7099,0.243
455000000,37,224.501,54.2422,38.3535,0.2315
456000000,36,223.383,11.4271,59.5696,0.255792
457000000,29,163.502,58.8355,33.0129,0.218
458000000,50,289.122,11.0979,45.1269,0.23
459000000,28,176.495,2.51699,28.3202,0.251
460000000,47,274.221,11.1775,40.1787,0.2335
461000000,19,102.139,-12.708,25.8343,0.25
462000000,36,208.4,3.53725,38.0226,0.2465
463000000,39,233.829,33.148,38.4492,0.249
464000000,33,190.9,17.4835,26.3947,0.24
465000000,52,313.611,30.5608,45.0691,0.2485
466000000,38,230.565,-1.03923,47.8989,0.2605
467000000,48,291.133,7.83216,49.1012,0.2445
468000000,19,116.471,31.6846,16.3922,0.257
469000000,51,312.57,44.0171,47.9823,0.232
470000000,48,296.487,8.21097,42.4619,0.2665
471000000,27,163.272,-23.3304,25.6711,0.271333
472000000,51,308.405,41.8918,49.4751,0.259
473000000,45,246.749,11.782,47.5514,0.245
474000000,50,288.729,1.94254,58.6261,0.258
475000000,48,299.886,10.3103,39.8774,0.263
476000000,37,226.293,13.8624,31.263,0.2575
477000000,54,339.541,13.2008,61.5615,0.262
478000000,58,332.228,25.5966,59.7316,0.267
479000000,45,268.03,-17.9029,44.7069,0.272
480000000,28,168.389,-19.966,20.2181,0.2415
481000000,48,285.098,7.89275,40.6302,0.276
482000000,31,172.033,1.38533,23.2499,0.249
483000000,32,195.598,42.0672,40.3004,0.249333
484000000,67,392.252,2.6653,79.7727,0.262
485000000,30,170.753,12.4084,38.5083,0.235333
486000000,42,253.676,31.3297,33.48,0.253
487000000,49,282.384,32.8937,49.5059,0.222
488000000,14,79.8205,-32.9586,10.1652,0.2698
489000000,38,222.105,-20.4979,42.5127,0.2645
490000000,63,366.094,16.9204,50.2434,0.234
491000000,25,156.075,-6.21336,31.3602,0.2395
492000000,29,174.601,33.3183,34.785,0.2725
493000000,46,261.451,14.1266,41.7091,0.229
494000000,41,243.715,12.38,60.3612,0.286
495000000,30,181.214,37.1433,22.6356,0.236
496000000,59,348.619,16.7216,59.6556,0.232
497000000,30,164.507,-5.93424,33.1671,0.272
498000000,38,232.811,21.8559,26.9801,0.261667
499000000,41,254.933,-2.04435,50.4705,0.2465
500000000,36,212.796,18.1946,31.5774,0.2365
501000000,48,296,-0.200367,42.181,0.263
502000000,25,141.735,19.6411,21.6774,0.248
503000000,49,295.609,32.0523,38.8066,0.227
504000000,34,201.099,51.9862,28.1464,0.221
505000000,34,201.744,0.791686,42.7778,0.259333
506000000,19,119.915,-1.30837,19.0108,0.244
507000000,50,304.984,34.4395,48.4884,0.255
508000000,42,249.629,51.9294,31.5214,0.245
509000000,26,154.185,33.1371,29.8118,0.262
510000000,51,293.184,2.73187,51.7075,0.242
511000000,36,224.747,5.95185,32.5194,0.276
512000000,70,419.077,0.619883,60.878,0.2595
513000000,40,243.319,25.1679,42.3156,0.226
514000000,45,275.75,47.0279,41.9281,0.251
515000000,48,293.637,37.4933,68.1743,0.2305
516000000,30,167.612,34.3162,30.7698,0.232
517000000,49,305.381,-3.92468,60.403,0.2705
518000000,24,149.196,-13.3708,23.0323,0.2545
519000000,15,84.8245,13.9915,15.6132,0.253
520000000,56,328.588,65.5454,54.9729,0.232
521000000,28,163.33,-13.1711,31.3952,0.2525
522000000,58,329.838,14.434,49.0594,0.237
523000000,26,151.213,-0.0552815,35.5756,0.262667
524000000,39,235.903,10.7218,46.2207,0.281
525000000,41,252.999,-11.2061,45.1454,0.288
526000000,37,226.142,38.1356,32.4955,0.259
527000000,51,310.624,-22.5533,53.4073,0.242
528000000,64,394.78,37.0296,69.8075,0.27
529000000,40,240.835,32.3315,30.684,0.23
530000000,70,424.463,64.4957,72.2819,0.256
531000000,33,192.176,-9.09361,32.2197,0.266
532000000,44,266.182,9.17394,49.373,0.247
533000000,58,344.466,58.6314,63.999,0.214
534000000,44,262.402,10.0316,53.8562,0.2425
535000000,40,243.892,19.6643,33.4028,0.234
536000000,29,162.464,16.3588,24.4197,0.2635
537000000,25,150.716,-34.0473,20.4579,0.2755
538000000,19,104.17,4.40435,20.4683,0.249333
539000000,28,157.123,7.98055,25.6883,0.24675
540000000,36,209.772,-8.97664,31.9054,0.25825
541000000,55,329.412,38.8416,42.534,0.255
542000000,34,207.661,-2.34499,26.5157,0.268
543000000,32,194.658,-1.07335,50.4091,0.266889
544000000,39,230.148,54.6048,34.4601,0.24125
545000000,32,183.754,0.514133,43.5376,0.2725
546000000,51,310.966,13.0758,44.8794,0.254
547000000,32,190.051,24.4436,32.0275,0.2395
548000000,38,219.732,18.8705,33.0966,0.243
549000000,41,245.986,-15.4285,41.4401,0.234
550000000,44,272.505,52.4309,54.1611,0.239
551000000,35,216.594,74.0362,35.64,0.216
552000000,39,230.227,2.63991,29.4204,0.255
553000000,50,290.11,-10.141,54.974,0.252
554000000,51,311.112,44.0833,49.3787,0.246
555000000,43,255.271,62.3935,32.7363,0.2285
556000000,62,373.556,1.69355,60.9503,0.27
557000000,44,261.448,8.10124,47.78,0.262
558000000,45,269.742,44.0519,48.1815,0.231
559000000,25,154.744,13.4961,27.8655,0.236
560000000,51,297.781,75.4886,52.8186,0.2475
561000000,23,141.096,27.6664,34.6712,0.2385
562000000,25,128.795,9.91735,38.5555,0.242
563000000,42,250.513,8.04664,66.7219,0.2705
564000000,70,420.252,37.1525,71.9745,0.241
565000000,49,275.87,49.8081,46.3894,0.238
566000000,35,216.178,36.9152,30.0935,0.256
567000000,44,263.952,-10.0352,44.6946,0.246
568000000,26,159.942,-22.2134,26.4084,0.2618
569000000,32,190.883,3.95321,32.6896,0.257571
570000000,49,296.327,27.2138,51.2861,0.2525
571000000,37,223.188,24.3079,42.8438,0.241
572000000,33,198.48,8.97106,35.5444,0.25
573000000,30,181.532,19.7809,38.6566,0.245
574000000,25,154.188,11.8988,31.0212,0.246
575000000,50,290.281,-2.15366,50.6835,0.271
576000000,35,215.426,24.4766,38.7203,0.2475
577000000,46,288.412,14.2196,43.5111,0.261
578000000,37,217.136,11.6559,45.2486,0.2405
579000000,38,222.737,33.157,36.4855,0.24
580000000,24,144.875,25.2375,21.6839,0.2355
581000000,65,384.632,18.9797,52.3237,0.256
582000000,39,223.214,-4.37696,37.8923,0.2605
583000000,52,311.595,19.7235,59.762,0.2295
584000000,23,147.662,-2.7817,34.9167,0.244
585000000,50,307.017,17.725,43.4517,0.244
586000000,32,201.299,13.5871,30.5253,0.2505
587000000,32,183.369,36.6997,25.0318,0.2235
588000000,31,190.464,0.237553,31.8409,0.2705
589000000,37,219.196,18.8885,35.1422,0.247
590000000,62,372.263,-16.6064,65.9207,0.2565
591000000,52,328.139,40.051,52.8735,0.252
592000000,48,299.243,25.5003,44.6068,0.231
593000000,59,353.405,40.8933,63.0171,0.2485
594000000,29,173.065,-0.591688,32.2062,0.258
595000000,35,199.644,42.8557,32.2801,0.239
596000000,56,336.118,34.6544,63.6723,0.2475
597000000,52,305.643,21.0548,55.025,0.234
598000000,46,267.249,21.5365,56.6961,0.282
599000000,61,378.389,-17.3969,55.6568,0.276
600000000,49,294.989,25.4047,43.2663,0.259
601000000,34,213.365,18.4534,29.285,0.2365
602000000,50,301.705,15.4684,59.1694,0.251
603000000,35,208.679,54.115,25.3169,0.229
604000000,34,198.093,29.3067,31.5759,0.242333
605000000,31,169.602,29.6595,29.4135,0.248
606000000,59,350.266,44.1384,56.6156,0.253
607000000,27,166.469,1.90573,29.2826,0.252
608000000,41,239.154,-3.87596,43.1757,0.2585
609000000,53,309.682,69.4136,57.4099,0.239
610000000,22,128.577,7.88537,31.0065,0.2595
611000000,20,117.913,-11.9272,17.0695,0.253667
612000000,58,351.888,18.8431,60.6678,0.254
613000000,33,191.342,-12.0233,43.6479,0.2635
614000000,57,340.765,24.0979,62.1396,0.215
615000000,31,188.007,-8.02476,29.9769,0.28
616000000,40,247.897,46.0944,39.8884,0.243
617000000,19,104.882,-27.8406,20.0201,0.253
618000000,51,310.62,34.5315,44.9281,0.252
619000000,29,163.825,-27.7921,19.8825,0.2714
620000000,24,138.319,34.5312,23.9602,0.2215
621000000,23,129.956,12.5288,27.1604,0.2715
622000000,39,231.018,31.0726,35.6961,0.241
623000000,45,269.502,21.8826,42.4339,0.254833
624000000,38,239.238,36.1552,33.7984,0.224
625000000,46,280.236,25.157,56.2718,0.255
626000000,35,205.159,-5.80189,36.2981,0.253
627000000,29,173.349,0.0136274,25.4031,0.2735
628000000,23,141.756,-7.82475,24.7406,0.248
629000000,47,282.439,49.6493,48.6998,0.2155
630000000,55,330.968,33.6986,56.3698,0.246
631000000,34,190.432,50.7529,37.6866,0.239
632000000,43,261.49,-9.76529,46.3985,0.251
633000000,41,247.774,40.9426,34.9528,0.241
634000000,26,162.79,-6.45189,24.8027,0.254
635000000,46,280.652,6.28281,57.3354,0.282
636000000,17,98.6311,-16.5995,10.9845,0.259
637000000,33,207.376,-1.44119,24.5923,0.2535
638000000,43,259.209,52.2068,40.1805,0.2275
639000000,71,423.821,70.6706,65.9776,0.203
640000000,42,252.202,-5.39559,36.7981,0.2645
641000000,33,205.326,20.4099,33.7601,0.243
642000000,31,189.419,19.1842,29.8377,0.268333
643000000,19,110.549,13.2613,23.463,0.248
644000000,37,230.862,-14.22,25.4328,0.2505
645000000,43,255.284,28.332,42.1003,0.24
646000000,24,142.224,-40.1431,19.5661,0.257
647000000,33,202.572,8.49968,32.2667,0.253
648000000,38,234.864,26.5598,28.1714,0.233
649000000,89,529.319,42.9105,76.8466,0.239
650000000,47,276.816,-11.1604,49.2735,0.253
651000000,44,243.495,23.8349,47.5813,0.236
652000000,80,475.155,16.9165,81.4203,0.255
653000000,52,327.832,9.36381,43.7792,0.259
654000000,57,342.829,45.5655,59.9985,0.238
655000000,37,218.515,-10.1504,39.5467,0.242
656000000,64,387.3,2.11373,61.2585,0.242
657000000,47,278.287,-8.07787,47.1594,0.2515
658000000,61,382.973,36.1045,44.4813,0.249
659000000,40,234.977,60.2592,53.0701,0.217
660000000,75,460.855,47.9286,76.7267,0.239
661000000,49,295.819,27.821,63.0438,0.241
662000000,19,107.691,36.1836,22.5251,0.248
663000000,27,159.949,25.7823,22.4033,0.2485
664000000,40,242.738,42.8189,31.5008,0.242
665000000,36,204.467,11.2694,39.8109,0.255
666000000,36,209.851,1.85376,25.6325,0.237667
667000000,44,259.548,12.9858,51.3526,0.2585
668000000,48,283.574,10.7268,61.0335,0.259
669000000,29,180.31,0.902656,41.8459,0.247667
670000000,42,254.642,11.1706,52.1346,0.25
671000000,69,394.144,40.2711,70.2519,0.246
672000000,36,209.265,-11.524,44.0706,0.258
673000000,44,256.864,52.823,45.7685,0.239
674000000,19,111.01,-19.3223,28.0342,0.252
675000000,32,188.873,-1.75085,27.3683,0.271
676000000,39,234.926,16.8936,31.559,0.2565
677000000,25,145.824,6.17319,16.3693,0.252
678000000,41,247.519,13.4559,49.245,0.2585
679000000,37,219.931,65.046,36.1616,0.215
680000000,30,187.799,20.9518,33.9286,0.244
681000000,22,133.128,6.41779,26.3682,0.2646
682000000,40,238.884,9.90721,38.5081,0.2415
683000000,44,264.824,0.138105,54.1468,0.246
684000000,33,188.648,26.053,34.4299,0.241667
685000000,41,244.578,0.27007,40.3542,0.272
686000000,48,297.997,37.8213,44.8801,0.238
687000000,31,167.731,13.6857,28.837,0.211
688000000,40,238.61,46.4734,52.1099,0.229
689000000,49,295.031,-0.84436,52.8914,0.2655
690000000,43,251.802,-25.9544,42.857,0.278
691000000,53,330.103,8.93937,59.2793,0.238
692000000,36,223.088,-5.21,30.7288,0.269
693000000,55,336.099,7.5059,47.3423,0.256
694000000,17,99.1952,31.5698,20.8236,0.239
695000000,44,246.539,-3.2304,51.9444,0.248
696000000,33,208.178,3.21524,36.5568,0.26
697000000,48,291.58,57.032,38.56,0.22
698000000,43,276.452,38.4218,43.6966,0.215
699000000,18,99.8281,19.1981,14.0834,0.2195
700000000,38,224.909,33.8362,58.0524,0.255
701000000,43,253.072,-5.93346,39.5825,0.2605
702000000,20,123.005,45.5595,13.748,0.222
703000000,22,133.242,26.293,17.2589,0.24925
704000000,32,192.11,17.5571,32.3247,0.2395
705000000,60,350.464,27.7416,67.1291,0.245
706000000,39,244.687,13.1976,33.8606,0.257
707000000,40,237.833,17.3542,41.0798,0.2365
708000000,37,222.262,34.3676,34.3518,0.24
709000000,26,156.274,-46.822,28.9856,0.2624
710000000,35,204.077,29.8346,35.7138,0.247
711000000,33,191.025,16.347,32.1602,0.237
712000000,34,199.142,3.87125,34.4553,0.24
713000000,44,262.272,40.8423,49.0768,0.25225
714000000,56,334.253,36.9116,43.7471,0.244
715000000,46,271,-0.0444341,42.3472,0.258
716000000,36,214.1,16.2193,45.9866,0.2495
717000000,56,341.615,-3.90894,66.6023,0.2635
718000000,46,251.997,15.5316,53.0509,0.235
719000000,37,215.438,38.5716,41.2206,0.2255
720000000,46,277.844,-14.865,58.1239,0.271
721000000,28,172.989,32.8312,39.4996,0.2335
722000000,36,209.777,17.0418,42.5375,0.2655
723000000,57,338.935,-3.26965,66.9985,0.236
724000000,38,225.904,3.39121,38.7878,0.248
725000000,31,183.492,42.1832,24.7646,0.236
726000000,66,405.227,41.7527,64.1708,0.251
727000000,32,178.694,38.823,23.8008,0.239
728000000,58,363.029,33.2506,60.6088,0.2605
729000000,19,115.312,-40.1824,17.9545,0.265
730000000,30,189.805,-16.0991,32.843,0.260667
731000000,43,269.313,57.6893,43.7375,0.232
732000000,41,255.681,21.3573,36.3561,0.2535
733000000,37,216.644,31.0139,52.2876,0.2485
734000000,54,328.175,10.9752,42.9075,0.238
735000000,54,325.779,11.582,61.9465,0.246
736000000,27,169.281,22.1093,26.8776,0.25
737000000,38,223.733,15.8559,31.9287,0.237
738000000,67,401.811,3.25353,72.4973,0.285
739000000,33,197.557,11.7228,38.0056,0.2615
740000000,51,305.162,-4.60459,49.889,0.256
741000000,16,92.6927,7.19363,10.2919,0.245
742000000,24,141.909,0.502496,35.8209,0.26275
743000000,28,160.195,19.6399,22.6549,0.2458
744000000,28,172.16,24.7441,24.7589,0.247
745000000,24,143.061,7.87093,16.7289,0.259
746000000,72,422.986,67.9587,88.9927,0.229
747000000,59,362.193,38.215,72.7988,0.2345
748000000,53,331.324,1.82078,64.3937,0.283
749000000,29,160.468,-0.460624,17.0264,0.266
750000000,40,240.714,27.3033,58.0755,0.236
751000000,46,285.72,12.351,49.9254,0.243
752000000,55,323.134,40.21,51.1415,0.216
753000000,53,309.761,45.9116,62.8401,0.245
754000000,54,335.148,39.2222,49.8669,0.24775
755000000,58,346.895,43.8476,52.8135,0.263
756000000,30,184.069,3.43961,32.324,0.246
757000000,46,263.74,-1.77403,36.6668,0.2595
758000000,47,285.761,36.2322,41.0252,0.217
759000000,43,246.371,6.16118,53.9205,0.253
760000000,30,185.88,-12.1645,28.8488,0.253
761000000,77,475.001,32.6158,79.4878,0.248
762000000,59,360.042,59.5835,52.0947,0.214
763000000,38,225.333,18.328,41.1874,0.254
764000000,61,345.807,33.9655,69.9101,0.267
765000000,50,310.096,46.4167,48.6086,0.246
766000000,48,293.869,57.8467,51.8518,0.2285
767000000,43,260.548,39.4024,47.0497,0.2545
768000000,47,283.131,-31.7924,50.4099,0.2795
769000000,40,230.17,8.59771,44.4406,0.267
770000000,22,130.766,23.2821,19.5955,0.2435
771000000,38,235.19,76.1244,35.6176,0.223
772000000,70,429.514,56.3821,73.9518,0.2455
773000000,36,224.063,1.44434,30.5757,0.251
774000000,64,369.563,28.2787,61.7831,0.226
775000000,46,266.423,-20.8875,35.4336,0.228
776000000,28,163.947,32.5129,25.8671,0.231
777000000,27,156.32,-4.23984,23.5228,0.273667
778000000,53,302.023,16.4207,51.6334,0.256
779000000,45,263.088,25.5838,42.198,0.25
780000000,44,267.593,-31.5508,49.5612,0.273
781000000,26,157.914,13.5954,26.2267,0.25
782000000,34,197.116,48.8791,40.0374,0.2435
783000000,43,244.339,-2.37992,42.4107,0.292
784000000,54,315.157,25.7818,51.9566,0.257
785000000,52,291.094,38.7045,48.9154,0.222
786000000,52,314.875,22.4804,53.7576,0.268
787000000,60,365.097,12.4217,62.1756,0.266
788000000,55,326.986,-19.1157,48.6403,0.279
789000000,69,405.253,5.59499,60.0554,0.2815
790000000,16,89.4217,10.0224,14.4275,0.2515
791000000,25,152.249,11.0328,20.9759,0.256
792000000,29,185.341,26.7572,37.166,0.242
793000000,24,140.818,-42.2019,23.3763,0.284333
794000000,29,170.433,4.01473,30.2754,0.249714
795000000,22,136.895,9.95804,19.9199,0.244
796000000,45,271.144,25.4677,42.2064,0.248
797000000,37,218.985,47.76,44.1397,0.235
798000000,75,441.951,33.0203,66.8743,0.2455
799000000,30,187.273,6.21619,29.6194,0.233
800000000,37,217.703,34.0765,32.5103,0.228
801000000,33,202.556,-10.1949,43.4831,0.2628
802000000,33,209.02,-23.7235,32.9954,0.2515
803000000,24,140.275,0.34226,34.4072,0.245
804000000,56,324.89,30.0414,47.0923,0.2445
805000000,61,365.24,57.4153,83.6904,0.253
806000000,39,242.249,23.6261,52.3956,0.2655
807000000,35,217.116,-29.1575,52.6837,0.2666
808000000,36,216.794,47.5003,40.9799,0.2545
809000000,39,244.567,21.3686,48.5337,0.246
810000000,46,277.812,25.2149,51.7762,0.2565
811000000,61,357.438,24.624,61.35,0.267
812000000,53,330.752,31.9007,49.1449,0.24
813000000,62,371.105,75.1678,54.8691,0.243
814000000,42,262.896,13.7063,37.3125,0.2435
815000000,41,239.979,-6.38959,43.2645,0.2525
816000000,44,250.564,31.0441,48.4891,0.24
817000000,26,151.786,-14.0127,21.8121,0.257615
818000000,58,346.655,44.9696,46.429,0.239
819000000,33,203.058,37.8457,36.269,0.2445
820000000,45,245.731,61.766,45.8165,0.2235
821000000,31,182.412,11.2211,25.1341,0.2455
822000000,48,279.257,36.2646,50.6007,0.241
823000000,38,227.502,-28.9721,45.6493,0.25
824000000,40,249.938,17.1353,44.0787,0.237
825000000,28,172.104,25.3494,25.2402,0.224
826000000,56,346.143,23.7513,50.5676,0.26
827000000,48,286.133,40.2944,42.2013,0.234
828000000,38,234.125,20.5839,34.8315,0.2625
829000000,21,122.171,23.0076,20.1093,0.23
830000000,18,108.063,-6.00493,15.5917,0.262
831000000,30,172.355,36.452,37.2718,0.2445
832000000,34,201.523,-3.13636,32.5913,0.2645
833000000,35,197.366,7.57623,41.7461,0.224
834000000,36,223.558,44.2456,30.2033,0.2305
835000000,32,182.595,11.0318,34.777,0.2425
836000000,46,264.075,35.9463,52.6744,0.251
837000000,27,162.973,-2.60218,26.6081,0.243
838000000,74,445.486,29.1102,71.9251,0.226
839000000,38,229.87,19.5499,36.1097,0.233
840000000,30,176.135,-14.9185,41.1919,0.247
841000000,48,288.527,7.69233,47.3104,0.2585
842000000,36,204.794,10.7055,33.982,0.23
843000000,32,192.576,40.1316,35.3824,0.2555
844000000,33,193.718,10.0109,26.9369,0.275
845000000,38,235.104,25.1911,46.8855,0.256
846000000,49,301.135,49.5109,51.3576,0.247
847000000,56,320.517,45.3502,57.7155,0.232
848000000,53,308.771,30.6896,48.619,0.251
849000000,29,178.799,39.9108,31.9292,0.245
850000000,58,352.677,19.7609,78.0111,0.232
851000000,44,259.159,22.206,51.5293,0.233
852000000,50,304.038,17.7612,47.6031,0.244
853000000,57,349.047,28.6484,58.6798,0.251
854000000,65,375.705,37.9856,61.7172,0.238
855000000,64,385.092,4.42269,68.9423,0.243
856000000,37,206.922,-45.4154,33.8118,0.2705
857000000,43,261.332,-18.0681,34.1068,0.287
858000000,60,358.428,20.7355,78.3194,0.231
859000000,26,160.393,30.9537,33.5859,0.2545
860000000,76,461.717,39.5383,75.0788,0.232
861000000,57,327.473,-12.468,64.3431,0.237
862000000,29,176.26,-19.8089,25.9259,0.2565
863000000,28,169.037,1.73458,23.3097,0.257
864000000,45,271.345,38.0868,46.5861,0.248
865000000,84,509.53,92.2482,100.41,0.219
866000000,46,288.849,20.8766,53.9549,0.249
867000000,45,275.35,18.7749,45.4642,0.259
868000000,44,256.648,-27.8119,47.9241,0.2675
869000000,43,247.641,50.451,32.8542,0.2425
870000000,34,206.976,22.8042,33.999,0.2515
871000000,57,346.77,27.2735,57.3884,0.251
872000000,42,262.618,13.2433,41.3716,0.287
873000000,44,270.416,15.5501,56.0528,0.236
874000000,16,98.382,-0.936314,20.1422,0.228
875000000,23,140.943,-7.02686,24.155,0.246667
876000000,32,193.859,28.0228,31.3734,0.248
877000000,51,317.504,13.5363,47.0457,0.273
878000000,44,264.726,6.74207,44.8769,0.26
879000000,41,244.308,9.34526,51.9287,0.2715
880000000,47,285.822,-6.63922,43.376,0.253
881000000,61,365.2,35.443,70.4623,0.2495
882000000,51,309.988,0.71241,61.5751,0.25325
883000000,30,179.24,10.3125,45.3558,0.252667
884000000,28,166.006,12.5863,24.4777,0.258
885000000,37,217.252,21.1995,37.0527,0.241
886000000,35,210.69,6.33508,34.8631,0.244
887000000,35,215.634,38.8526,33.0942,0.2115
888000000,36,224.464,5.60958,29.5738,0.287
889000000,37,217.22,-1.63488,32.4735,0.243
890000000,60,365.894,2.2111,63.1475,0.259
891000000,35,209.092,23.7733,43.4305,0.24
892000000,64,364.919,71.9971,76.2246,0.239
893000000,31,196.908,34.5517,33.5857,0.205
894000000,32,185.015,0.259034,36.4574,0.2566
895000000,23,140.594,2.99387,25.4408,0.2355
896000000,36,218.494,35.8914,26.6924,0.267
897000000,51,284.784,-35.7266,44.7245,0.2785
898000000,25,145.288,4.66044,32.5038,0.2475
899000000,42,235.109,47.1008,49.9801,0.226
900000000,43,254.615,-13.3483,34.9001,0.263222
901000000,26,153.772,-5.79297,15.346,0.2285
902000000,55,338.068,-4.05638,53.3103,0.2645
903000000,46,272.307,44.2792,44.892,0.2475
904000000,33,203.942,34.9231,22.5696,0.2525
905000000,37,233.078,13.641,33.8155,0.259
906000000,43,257.019,0.440062,35.7238,0.235
907000000,58,341.275,37.8913,55.6545,0.263
908000000,47,274.499,-37.1628,35.6864,0.2675
909000000,27,170.46,24.5627,19.1749,0.236
910000000,32,190.188,58.1687,26.128,0.2355
911000000,19,111.073,18.0243,13.8764,0.262375
912000000,31,187.983,3.70408,28.2795,0.2505
913000000,46,290.82,30.2862,43.9658,0.2455
914000000,43,259.767,45.6152,59.9605,0.2205
915000000,44,251.319,35.851,49.1627,0.233
916000000,68,410.347,37.718,67.4605,0.25
917000000,20,120.192,-5.31684,26.0394,0.246429
918000000,24,142.694,-0.642272,16.4399,0.247
919000000,33,203.432,60.2351,29.7256,0.216
920000000,32,193.55,-0.0995496,43.4654,0.261
921000000,38,228.089,22.0909,23.4505,0.259
922000000,28,169.442,32.2123,25.8714,0.234
923000000,89,544.943,25.6881,86.6944,0.244
924000000,21,117.534,18.6221,19.7307,0.2695
925000000,53,310.725,25.4663,50.6032,0.2525
926000000,60,362.412,39.1938,64.5859,0.25
927000000,27,164.442,-10.0944,26.2571,0.2745
928000000,49,279.541,29.0362,46.7857,0.2605
929000000,44,260.082,16.8658,32.3483,0.26
930000000,40,243.012,10.1141,39.9739,0.244
931000000,25,150.483,5.80393,37.7191,0.262
932000000,34,198.319,28.0135,34.6937,0.247
933000000,67,403.277,27.979,74.6999,0.246
934000000,46,286.739,35.7411,51.7419,0.231
935000000,36,217.43,5.44641,20.5674,0.2605
936000000,45,261.032,9.02987,45.793,0.243
937000000,29,168.867,6.59163,25.3834,0.236375
938000000,47,291.311,5.39232,51.9977,0.262
939000000,44,267.785,38.4356,36.2711,0.24
940000000,51,305.32,23.5603,50.4125,0.245
941000000,49,297.393,20.3041,49.7154,0.271
942000000,45,260.769,30.9253,41.0437,0.238
943000000,35,211.57,15.6629,30.1311,0.2665
944000000,45,263.912,23.7542,48.1791,0.2405
945000000,31,180.486,-23.3088,28.4082,0.262
946000000,39,238.092,-9.44587,42.9797,0.2595
947000000,65,392.54,16.8925,73.9292,0.24
948000000,51,306.006,46.078,55.2425,0.26
949000000,36,209.296,12.7529,41.9635,0.243
950000000,18,100.32,-14.4369,21.6415,0.245333
951000000,46,258.037,11.6967,36.5382,0.2525
952000000,50,306.591,27.9639,51.3951,0.2585
953000000,38,226.097,21.1801,31.2497,0.258
954000000,48,286.266,-3.92735,39.2106,0.256
955000000,34,196.544,14.014,27.1716,0.241
956000000,42,258.928,14.1883,44.6784,0.244
957000000,41,251.26,34.4024,47.3725,0.238
958000000,36,214.179,45.3094,35.426,0.236
959000000,73,441.539,21.8117,70.9859,0.269
960000000,43,248.152,52.692,53.1294,0.256
961000000,54,313.855,43.4072,49.6103,0.246
962000000,54,319.383,35.8791,49.0581,0.239
963000000,49,288.856,9.39841,50.7846,0.2365
964000000,33,206.002,37.3666,41.6884,0.214
965000000,33,207.5,32.0168,31.4117,0.254
966000000,35,208.178,38.0452,39.4473,0.2415
967000000,126,780.895,0.798088,116.947,0.238
968000000,55,332.85,59.4534,52.3046,0.236
969000000,50,306.895,-17.4068,43.1743,0.252
970000000,48,298.658,33.4142,42.6196,0.2455
971000000,28,166.83,4.90125,41.313,0.266
972000000,69,407.203,73.1261,85.9821,0.238
973000000,35,208.848,43.3694,27.5974,0.232
974000000,30,174.708,-7.15684,25.3027,0.237
975000000,63,377.809,20.6046,47.5036,0.31
976000000,33,206.919,22.5803,34.8942,0.2365
977000000,18,114.082,30.1772,18.5083,0.236667
978000000,23,134.746,-19.1644,21.0173,0.26
979000000,36,222.991,33.9712,33.5538,0.248
980000000,40,245.53,23.3573,48.4976,0.238
981000000,70,418.983,31.8883,73.7185,0.25
982000000,36,230.043,30.4145,43.6642,0.219
983000000,43,259.215,24.2125,39.6073,0.2375
984000000,53,327.174,11.1033,47.4722,0.2485
985000000,35,207.324,52.8944,41.4866,0.222
986000000,35,202.477,-10.9758,35.3286,0.264
987000000,55,324.457,28.262,49.2853,0.2555
988000000,43,248.25,-4.30325,39.1598,0.2665
989000000,49,311.701,24.624,49.9272,0.236
990000000,51,320.134,64.1756,59.7149,0.241
991000000,65,401.635,32.1208,78.2385,0.234
992000000,48,292.093,4.10296,56.2865,0.263
993000000,38,222.36,27.4135,41.8103,0.2955
994000000,46,272.982,36.0952,52.8916,0.245
995000000,39,244.027,34.1772,35.7981,0.237
996000000,24,148.127,-5.78837,20.1225,0.251667
997000000,39,231.841,0.632093,43.8753,0.252
998000000,33,193.919,32.8908,38.3375,0.2425
999000000,44,269.324,49.1853,51.1393,0.2465
