generation,N_shifts,logPrior,logLik,eventRate,preservationRate,acceptRate
0,0,0.702505,-8233.57,200,0.013422,0
500000,11,72.4485,-6796.71,15.1489,0.0942442,0.35
1000000,8,51.2228,-6787.96,7.54655,0.090788,0.373
1500000,9,57.417,-6787.29,8.33244,0.0926364,0.369
2000000,6,35.1878,-6794.77,12.3551,0.0909099,0.345
2500000,9,52.8057,-6791.01,15.8198,0.0935781,0.358
3000000,8,50.6374,-6793.6,11.9147,0.0960206,0.334
3500000,10,62.435,-6796.5,21.4066,0.0888785,0.365
4000000,7,46.0411,-6786.4,8.246,0.0920368,0.331
4500000,8,54.8807,-6787.7,8.93047,0.0872517,0.361
5000000,8,47.2186,-6785.84,8.81048,0.0933688,0.356
5500000,8,51.6472,-6789.65,11.406,0.0896104,0.345
6000000,9,63.2111,-6789.36,7.55783,0.0949765,0.325
6500000,7,47.6238,-6789.19,5.26745,0.0929347,0.3394
7000000,9,60.204,-6787.37,4.89417,0.0973826,0.328
7500000,11,76.4046,-6789.96,10.3642,0.091399,0.3425
8000000,7,44.3815,-6791.94,6.13823,0.0893493,0.328
8500000,11,73.0255,-6793.37,8.68368,0.0965721,0.355
9000000,8,45.887,-6787.72,6.93737,0.0900674,0.3335
9500000,7,46.6345,-6785.8,8.416,0.0917938,0.3545
10000000,7,42.7448,-6787.71,12.431,0.0925451,0.3455
10500000,6,42.0105,-6792.1,10.2852,0.0951162,0.301
11000000,9,52.3847,-6792.34,9.25489,0.0893277,0.335
11500000,8,52.9869,-6783.83,12.5537,0.0903602,0.3345
12000000,7,48.9416,-6798.15,5.10763,0.0905243,0.33
12500000,8,54.754,-6787.97,9.36268,0.0925393,0.328
13000000,6,35.4592,-6790,5.68092,0.091212,0.33125
13500000,8,52.5107,-6789.44,4.84161,0.0950386,0.359
14000000,9,56.8715,-6789.77,6.54396,0.0949552,0.335
14500000,12,70.5544,-6789.03,10.4135,0.0903396,0.337
15000000,8,49.4817,-6788.25,9.45042,0.0933045,0.327
15500000,10,64.9145,-6782.63,6.05454,0.0939106,0.334
16000000,7,46.9936,-6792.62,9.79397,0.0919239,0.3555
16500000,8,56.4948,-6794.19,12.1582,0.0876518,0.3395
17000000,11,67.1084,-6793.3,13.635,0.0872732,0.346
17500000,9,51.181,-6793.1,11.8285,0.0884592,0.3615
18000000,7,46.4277,-6798.96,6.75136,0.0916703,0.347
18500000,8,54.6257,-6784.25,3.03145,0.0921758,0.314
19000000,7,40.1923,-6797.07,4.33913,0.0916856,0.3425
19500000,11,71.3896,-6793.43,10.7227,0.0973135,0.3645
20000000,7,46.8265,-6789.05,5.40312,0.0924601,0.303
20500000,6,40.2373,-6784.2,9.25191,0.0928954,0.3165
21000000,8,51.9592,-6793.21,7.95916,0.0949436,0.345
21500000,8,55.2284,-6792.29,10.0009,0.0887997,0.318
22000000,7,43.9614,-6787.12,5.61547,0.0914452,0.358
22500000,9,60.0614,-6782.32,4.99086,0.095144,0.341
23000000,8,52.4803,-6790.62,10.3135,0.090748,0.328
23500000,9,58.395,-6796.1,11.8188,0.0892732,0.3525
24000000,9,61.8595,-6782.64,6.9604,0.0916168,0.333
24500000,10,55.313,-6776.42,9.41825,0.0902518,0.3315
25000000,9,60.3907,-6791.71,13.5574,0.0903845,0.357
25500000,7,40.4192,-6789.2,9.72398,0.0900575,0.324
26000000,10,63.5183,-6781.48,8.3606,0.0899062,0.33
26500000,8,48.2461,-6785.44,8.74023,0.088893,0.348
27000000,11,74.6813,-6771.93,9.85184,0.0920902,0.33
27500000,10,61.0661,-6779.65,11.5952,0.0903937,0.331
28000000,8,51.6184,-6791.48,11.2671,0.0900645,0.352
28500000,5,35.3226,-6796.16,11.3109,0.0919768,0.344
29000000,9,57.1254,-6782.56,5.24538,0.0893021,0.344
29500000,9,59.0277,-6785.22,12.7629,0.0902149,0.33
30000000,9,56.9255,-6787.53,6.73279,0.0929614,0.3335
30500000,11,66.9052,-6783.31,15.5994,0.0950518,0.366
31000000,6,41.5155,-6788.49,10.3148,0.0938345,0.33375
31500000,9,57.6312,-6782.7,11.9281,0.0936075,0.319
32000000,8,50.3725,-6793.63,7.62339,0.087368,0.3525
32500000,12,81.0171,-6786.64,5.93283,0.0876109,0.333
33000000,8,53.3118,-6793.21,5.09062,0.0960257,0.313
33500000,8,56.2179,-6787.76,8.16208,0.092996,0.344
34000000,9,56.8065,-6784.28,10.2217,0.090472,0.346
34500000,11,67.2547,-6778.29,7.02078,0.0938841,0.34
35000000,9,61.7328,-6790,10.4894,0.0917728,0.337
35500000,10,66.8969,-6780.95,10.5106,0.0927587,0.355
36000000,7,49.2008,-6793.5,12.0525,0.0922419,0.337
36500000,9,54.9253,-6794.11,8.42679,0.0899643,0.336
37000000,9,57.4445,-6778.9,9.05745,0.0893274,0.338
37500000,8,51.1912,-6788.27,10.7832,0.0869103,0.355
38000000,7,44.4734,-6784.87,4.20211,0.0894852,0.345333
38500000,6,35.1319,-6786.46,6.21519,0.0922668,0.295
39000000,8,56.0473,-6788.91,8.43712,0.0908377,0.334
39500000,7,46.7669,-6787.28,4.15556,0.0935191,0.3365
40000000,7,44.7364,-6788.07,5.20506,0.0959178,0.3245
40500000,10,66.8238,-6794.27,8.23342,0.0907758,0.368
41000000,8,51.3729,-6792.99,7.05395,0.0947959,0.332125
41500000,10,61.1955,-6783.99,9.01971,0.0954146,0.366
42000000,7,46.8311,-6790.49,12.3346,0.0905278,0.342
42500000,6,37.3846,-6790.3,7.46343,0.090059,0.3395
43000000,10,61.5885,-6788.33,6.40303,0.0917918,0.353
43500000,8,54.7775,-6786.66,12.8967,0.0886741,0.349143
44000000,6,40.4219,-6794.22,4.00848,0.0930226,0.326
44500000,7,51.18,-6795.51,8.82969,0.0886728,0.3385
45000000,6,39.6196,-6795.17,4.01491,0.092064,0.309
45500000,5,26.0169,-6809.78,5.66638,0.0909361,0.347167
46000000,6,38.3685,-6785.87,8.21453,0.0926631,0.331774
46500000,6,32.4038,-6797.56,8.07728,0.0935769,0.324
47000000,7,47.436,-6791.9,12.6533,0.0909829,0.345
47500000,8,51.7946,-6786.51,10.4417,0.0911516,0.349
48000000,8,52.9224,-6795.89,12.3489,0.0951176,0.344
48500000,8,52.3529,-6790.67,9.76941,0.0929928,0.363
49000000,5,31.7018,-6800.41,16.406,0.0883565,0.322143
49500000,7,43.135,-6787.71,4.70503,0.0915292,0.346
50000000,8,53.7532,-6788.08,9.76266,0.0867464,0.331
50500000,8,54.6839,-6784.46,5.79566,0.0888209,0.316
51000000,7,49.6259,-6798.86,6.9737,0.0972174,0.312
51500000,7,47.2937,-6786.03,8.74015,0.0893496,0.336
52000000,9,60.2484,-6785.92,15.4425,0.0908925,0.334
52500000,8,51.0352,-6788.75,12.6951,0.0972909,0.3255
53000000,6,36.6471,-6788.88,6.45051,0.0909253,0.334444
53500000,8,54.5721,-6791.72,11.1918,0.0943491,0.3665
54000000,6,40.9389,-6793.56,6.30054,0.0904889,0.3265
54500000,7,47.5842,-6789.96,4.18136,0.0929316,0.316
55000000,5,34.9601,-6806.67,5.80492,0.0949068,0.330333
55500000,8,57.5479,-6788.13,7.78025,0.087328,0.312
56000000,9,55.5861,-6792.33,7.69493,0.0925976,0.336
56500000,9,60.3445,-6788.61,12.7018,0.0878413,0.34
57000000,12,79.0024,-6796.88,12.0363,0.0901561,0.364
57500000,9,63.1851,-6782.63,9.35288,0.0905175,0.335
58000000,7,46.3898,-6794.51,8.56044,0.0907522,0.334
58500000,10,63.0247,-6779.4,8.48681,0.0958885,0.335
59000000,6,40.2397,-6787.57,7.34888,0.090936,0.339
59500000,7,37.9563,-6794.01,7.16666,0.0954186,0.344
60000000,9,60.6701,-6778.83,12.6608,0.0914061,0.34
60500000,9,55.7098,-6781.16,9.30735,0.0930253,0.352
61000000,8,51.5724,-6786.56,7.41179,0.0906376,0.319
61500000,7,48.2826,-6784.57,3.67847,0.0950444,0.329667
62000000,6,42.0542,-6797.11,6.44822,0.0881293,0.294
62500000,6,39.9768,-6794.65,6.33234,0.0940124,0.331333
63000000,9,57.2645,-6791.09,9.91822,0.0901322,0.358
63500000,8,51.5341,-6791.3,4.67123,0.0890496,0.343
64000000,10,66.6185,-6793.85,9.69757,0.0907848,0.362
64500000,7,49.3627,-6794.29,9.06274,0.0912481,0.361
65000000,9,61.5222,-6784.38,10.2649,0.087875,0.325
65500000,6,39.7923,-6798.49,7.7007,0.0938533,0.34
66000000,8,51.191,-6794.34,8.11046,0.0915486,0.354
66500000,6,42.8646,-6797.33,8.6216,0.092269,0.3045
67000000,9,63.2481,-6785.99,9.12857,0.0876499,0.313857
67500000,12,72.0962,-6788.74,12.5236,0.0926543,0.332
68000000,6,42.0516,-6784.68,4.87247,0.0942412,0.323
68500000,10,59.9951,-6791.79,4.44399,0.0961848,0.3605
69000000,7,45.0739,-6789.25,8.60106,0.0942013,0.325
69500000,10,66.3758,-6781.56,11.8623,0.0926443,0.348
70000000,11,78.032,-6784.07,14.8766,0.0917938,0.357
70500000,10,63.5983,-6785.43,10.2327,0.0893163,0.365
71000000,10,67.5665,-6779.52,11.9559,0.0935639,0.323
71500000,11,73.5109,-6787.3,9.18525,0.0911059,0.353
72000000,7,46.0655,-6791.59,10.3265,0.0931132,0.308667
72500000,9,56.0162,-6795.34,9.8555,0.0908688,0.3565
73000000,7,39.4,-6789.12,4.55928,0.0912644,0.3485
73500000,6,39.7894,-6789.19,7.5706,0.0916548,0.316
74000000,7,46.4954,-6789.67,9.83684,0.0963808,0.346
74500000,7,42.2706,-6787.92,16.266,0.093491,0.3275
75000000,9,58.8295,-6779.75,16.4372,0.0898671,0.333
75500000,9,60.8503,-6788.17,12.1324,0.0917572,0.353
76000000,6,33.0533,-6791.71,5.31864,0.0986508,0.3325
76500000,6,39.6069,-6794.95,5.50364,0.096345,0.332
77000000,6,39.1184,-6800.26,11.2486,0.0924866,0.3165
77500000,8,53.7851,-6787.25,12.1214,0.0906931,0.343
78000000,14,94.5747,-6783.56,14.3377,0.093977,0.349
78500000,8,45.8535,-6780.9,5.55845,0.0944825,0.304
79000000,5,34.4437,-6804.33,6.06845,0.0886615,0.3238
79500000,7,43.0881,-6795.77,3.27453,0.0885711,0.333
80000000,6,42.4063,-6803.8,12.5673,0.0925384,0.338
80500000,9,59.9997,-6791.54,8.3374,0.0907814,0.3335
81000000,6,37.6696,-6789.03,8.58081,0.0925842,0.289
81500000,9,57.5736,-6786.83,8.07068,0.0956647,0.338
82000000,7,44.0364,-6784.04,4.75884,0.0925603,0.331
82500000,10,66.3716,-6782.64,6.15851,0.0885378,0.336
83000000,12,83.1503,-6792.68,15.2896,0.0920691,0.337
83500000,9,64.8805,-6791.44,8.62354,0.0908861,0.344
84000000,8,45.15,-6782.11,11.0002,0.0917952,0.33
84500000,10,69.0596,-6799.79,9.13397,0.0972374,0.354
85000000,9,60.2027,-6779.71,12.5797,0.0947725,0.333
85500000,13,83.2131,-6792.99,14.4147,0.0947113,0.342
86000000,8,44.2118,-6786.69,9.24235,0.0917337,0.353
86500000,7,45.7071,-6796.65,5.83908,0.0880239,0.3385
87000000,7,47.3544,-6789.17,10.0526,0.0958501,0.304
87500000,6,35.6144,-6793.73,5.662,0.100494,0.3345
