generation,N_shifts,logPrior,logLik,eventRate,acceptRate
0,0,-7.41957,-46062.1,200,1
1000000,31,190.176,21.2369,28.6463,0.244
2000000,51,301.806,38.4992,38.9571,0.255333
3000000,38,240.39,5.14875,40.1575,0.255
4000000,28,167.395,18.3123,19.2021,0.2365
5000000,28,170.092,52.5762,33.0162,0.254
6000000,52,314.946,9.37473,47.3841,0.267
7000000,22,133.402,-21.2454,25.5389,0.2698
8000000,28,167.441,16.4949,32.3744,0.2565
9000000,42,238.446,28.5089,39.9269,0.253
10000000,28,167.618,24.95,29.7786,0.254
11000000,53,312.735,-6.56831,64.1272,0.264
12000000,33,194.697,-1.89642,27.3112,0.246
13000000,16,97.6108,15.6878,13.0018,0.259667
14000000,53,326.891,48.6523,44.438,0.237
15000000,87,525.345,69.8205,83.6638,0.245
16000000,46,271.79,55.7066,43.8483,0.249
17000000,76,461.378,36.3255,82.8075,0.278
18000000,16,101.646,11.9693,14.9569,0.241
19000000,38,222.772,8.49683,36.1669,0.26
20000000,26,159.428,-5.71149,30.2056,0.2675
21000000,61,354.861,39.0831,72.148,0.23
22000000,57,342.215,57.1225,57.9721,0.237
23000000,35,218.4,58.6709,27.6641,0.21
24000000,36,209.099,-2.23044,25.9842,0.245
25000000,57,352.003,35.3267,41.3601,0.2165
26000000,36,217.33,-15.9044,35.5869,0.265
27000000,34,207.065,47.564,45.9992,0.251
28000000,39,221.781,5.58748,39.1557,0.255
29000000,32,191.303,36.6761,39.9458,0.244
30000000,40,243.376,24.8122,50.8238,0.238
31000000,28,181.742,-16.4913,32.3277,0.2675
32000000,43,259.071,6.23816,53.2969,0.269
33000000,49,303.851,14.9245,44.9201,0.225
34000000,42,254.081,0.190417,43.5666,0.277
35000000,69,441.696,13.2007,82.4654,0.265
36000000,21,136.723,-25.3354,20.003,0.269
37000000,15,88.6709,-24.953,19.2792,0.268
38000000,45,273.957,38.7692,42.1828,0.234
39000000,37,238.92,34.9765,44.9593,0.243
40000000,21,115.922,27.2988,17.2707,0.245
41000000,48,293.869,54.9787,58.2129,0.236
42000000,40,245.668,32.8578,39.3141,0.2435
43000000,33,191.03,31.6131,32.3578,0.236
44000000,30,182.8,29.8886,30.8858,0.2442
45000000,31,189.595,-52.7489,30.3657,0.285
46000000,40,246.108,33.853,45.0162,0.24375
47000000,34,207.476,11.9068,30.4645,0.235
48000000,31,194.034,14.6219,22.5401,0.2475
49000000,46,287.035,12.5512,55.2781,0.249
50000000,29,164.823,24.5353,38.3365,0.231
51000000,39,219.938,37.0981,42.9442,0.2475
52000000,41,246.283,35.9277,40.2648,0.245
53000000,34,208.25,-17.8545,39.347,0.26875
54000000,57,344.881,59.2152,54.2316,0.234
55000000,40,243.182,42.634,41.8703,0.2465
56000000,51,297.228,73.6322,50.5278,0.24
57000000,42,247.382,38.3941,39.388,0.239
58000000,37,208.134,9.33032,32.4813,0.259
59000000,41,249.389,30.9427,43.3102,0.2325
60000000,45,276.009,2.95245,34.8232,0.26
61000000,35,199.524,7.55918,37.057,0.26325
62000000,21,122.719,-7.57492,25.2012,0.249
63000000,25,146.431,32.5196,26.1837,0.247
64000000,42,258.199,23.958,48.7905,0.227
65000000,39,227.937,-21.4482,38.0682,0.249
66000000,47,293.672,29.8238,42.6313,0.2405
67000000,42,259.286,10.8482,43.2679,0.26
68000000,56,333.916,68.3268,48.1661,0.203
69000000,54,312.971,51.2627,53.3502,0.232
70000000,33,201.132,16.6874,38.998,0.2484
71000000,51,291.253,37.2791,42.2733,0.2425
72000000,29,180.393,36.3003,31.8283,0.2365
73000000,10,63.4902,-30.6016,9.32553,0.2595
74000000,27,154.354,6.04917,29.3617,0.262
75000000,17,101.917,-7.23044,17.4409,0.251
76000000,28,171.343,-21.587,23.7387,0.2755
77000000,15,87.6256,-16.4768,15.4437,0.2526
78000000,54,322.947,37.6959,59.2574,0.2515
79000000,27,158.83,26.4973,28.3551,0.2545
80000000,43,254.36,22.6853,48.7062,0.2505
81000000,28,165.005,13.9303,25.2795,0.2535
82000000,46,286.279,43.6862,37.4363,0.195
83000000,51,309.31,5.39757,55.924,0.275
84000000,44,270.111,29.1535,43.1721,0.25
85000000,29,173.829,3.26751,24.6769,0.2365
86000000,71,412.314,5.96439,67.4416,0.251
87000000,43,264.869,33.8668,49.2645,0.239
88000000,32,185.863,44.6659,36.7607,0.241
89000000,38,221.334,24.3799,37.7638,0.2415
90000000,49,298.709,47.547,34.2085,0.239
91000000,26,148.204,28.6748,28.1916,0.2405
92000000,79,470.816,48.7687,78.7546,0.225
93000000,22,129.234,36.8602,20.9944,0.256
94000000,56,333.602,50.6547,61.0573,0.222
95000000,77,458.505,42.1912,71.0145,0.2565
96000000,52,311.38,52.6581,42.5084,0.251
97000000,47,263.916,19.7806,50.4578,0.251
98000000,30,186.579,19.9005,28.3513,0.247
99000000,28,166.872,3.25177,27.1924,0.232
100000000,43,262.922,4.72186,40.1419,0.254
101000000,54,315.182,23.0066,43.2479,0.243
102000000,46,272.997,34.7609,39.5535,0.251
103000000,49,304.204,-21.9605,55.6198,0.277
104000000,42,252.554,24.8077,56.9124,0.259
105000000,19,118.331,19.9829,16.2181,0.2475
106000000,48,286.358,14.7223,55.1415,0.255
107000000,65,397.943,23.0931,70.4734,0.223
108000000,43,259.607,71.2126,45.1169,0.229
109000000,50,292.984,50.0311,56.024,0.255
110000000,47,279.26,39.7292,34.8729,0.243
111000000,59,355.993,23.5371,63.6596,0.27
112000000,38,233.627,9.44456,32.9067,0.2495
113000000,34,190.479,14.4459,27.2561,0.261667
114000000,25,147.48,26.6835,20.6934,0.2455
115000000,30,179.962,11.4252,29.3237,0.2405
116000000,28,169.153,-7.56339,24.4505,0.237333
117000000,29,161.487,-4.38267,39.629,0.214
118000000,42,248.533,19.8076,38.3912,0.2445
119000000,32,196.585,12.2646,35.8581,0.2545
120000000,78,463.536,36.0885,90.5009,0.233
121000000,63,387.417,4.60978,62.6266,0.275
122000000,40,242.428,43.559,39.9451,0.242
123000000,21,119.952,-5.86097,20.6668,0.260333
124000000,49,282.787,-9.67203,52.9689,0.255
125000000,97,592.034,4.29917,108.235,0.268
126000000,34,207.838,21.4741,41.329,0.263
127000000,49,277.275,23.6865,44.7383,0.2515
128000000,44,260.229,56.1616,46.7212,0.2235
129000000,44,272.859,30.9812,35.7523,0.253
130000000,65,400.164,-13.76,61.4001,0.264
131000000,35,209.548,45.9386,26.3524,0.248
132000000,34,202.827,3.52134,38.043,0.248
133000000,46,268.723,0.129994,51.7286,0.268
134000000,51,300.503,12.2031,48.1453,0.261
135000000,42,253.688,36.3061,43.5125,0.275
136000000,45,265.825,4.56334,48.3857,0.254
137000000,58,341.669,55.3939,51.9314,0.256
138000000,22,128.233,-18.607,23.5046,0.2646
139000000,46,273.808,33.194,48.5031,0.232
140000000,43,245.024,3.57853,49.3762,0.256
141000000,21,118.824,49.8649,18.6987,0.2045
142000000,31,188.068,28.0406,41.804,0.249
143000000,80,470.088,6.16401,80.0492,0.282
144000000,45,269.007,56.0815,47.3947,0.2285
145000000,47,281.399,34.2377,44.2629,0.258
146000000,30,169.104,-7.77119,31.834,0.2725
147000000,30,176.941,30.8119,35.2871,0.236
148000000,33,211.207,9.27681,39.2425,0.2555
149000000,24,147.642,43.0548,30.9082,0.217
150000000,59,350.44,75.8697,49.1706,0.216
151000000,57,330.236,47.0113,47.481,0.222
152000000,40,238.624,12.5196,36.7734,0.249
153000000,47,284.619,54.8383,51.4868,0.231
154000000,26,152.576,26.1822,31.9619,0.2345
155000000,29,182.615,50.7733,24.906,0.24
156000000,39,232.142,16.4207,34.6069,0.2515
157000000,23,131.079,3.73051,21.6025,0.251
158000000,50,290.542,26.2825,50.2981,0.246
159000000,57,334.924,58.7232,54.4295,0.208
160000000,37,221.793,-29.5446,49.2136,0.273
161000000,33,190.259,27.9456,27.9593,0.2415
162000000,29,177.748,30.1044,33.9893,0.2492
163000000,36,210.904,29.2752,32.4775,0.243
164000000,21,133.892,-30.2926,30.6792,0.2525
165000000,39,229.399,13.2304,40.7749,0.2355
166000000,43,268.673,17.4431,55.7131,0.255
167000000,37,210.307,-31.5184,45.2028,0.248
168000000,33,192.879,33.0875,42.0039,0.233667
169000000,20,125.112,9.52892,17.1331,0.2455
170000000,22,117.471,-14.7601,20.8895,0.255333
171000000,24,144.689,59.7181,26.1268,0.2235
172000000,41,255.274,49.1042,41.3765,0.233
173000000,52,291.66,20.095,52.7277,0.225
174000000,44,263.853,8.94069,45.7983,0.2595
175000000,22,135.474,9.65909,21.6176,0.249
176000000,34,210.562,23.465,41.4828,0.246
177000000,54,327.934,57.8744,52.5821,0.245
178000000,75,444.723,32.8911,81.1037,0.247
179000000,27,166.338,-7.69388,27.181,0.249
180000000,48,296.042,32.6707,44.5878,0.25
181000000,44,257.036,45.3249,44.3823,0.239
182000000,28,166.746,0.906691,35.6614,0.248
183000000,41,241.512,-14.9768,34.3673,0.26075
184000000,39,236.203,47.4339,45.975,0.2375
185000000,30,179.4,24.7004,30.4167,0.249
186000000,33,197.742,43.0296,33.8327,0.243333
187000000,43,257.356,0.234553,47.4841,0.235
188000000,20,112.392,25.8598,17.4914,0.2335
189000000,59,351.482,80.0561,59.1477,0.247
190000000,44,258.927,32.4321,40.5809,0.2545
191000000,34,215.833,24.2145,39.4518,0.2355
192000000,29,174.035,10.8029,32.3045,0.256
193000000,58,333.696,63.7236,49.4278,0.225
194000000,38,225.705,9.41346,50.4888,0.225
195000000,48,284.954,47.5725,41.8796,0.216
196000000,42,251.14,-16.11,48.0767,0.257
197000000,39,238.34,-16.5783,52.455,0.24
198000000,36,225.784,21.516,30.4522,0.237
199000000,66,388.091,20.7338,72.9197,0.238
200000000,53,307.489,33.2096,50.1016,0.2435
201000000,27,165.14,-3.35081,22.5607,0.2496
202000000,49,309.312,-4.59479,49.8229,0.2525
203000000,73,443.028,-0.284025,81.9191,0.235
204000000,46,277.812,39.8832,49.2351,0.2335
205000000,31,183.393,21.8304,36.2486,0.233667
206000000,33,190.772,39.2012,30.3925,0.2345
207000000,28,163.614,31.2796,22.2455,0.248
208000000,45,272.898,-0.155149,49.4857,0.251333
209000000,34,196.243,-6.31165,34.3639,0.266
210000000,46,282.538,59.611,51.1602,0.22
211000000,63,381.81,60.9047,55.0988,0.204
212000000,42,253.309,19.7309,40.8545,0.262
213000000,54,325.609,25.3441,59.631,0.239
214000000,23,134.543,7.67596,19.3797,0.251
215000000,46,279.879,45.3409,53.0681,0.258
216000000,63,390.332,22.6723,69.2498,0.247
217000000,67,386.251,22.747,76.1462,0.242
218000000,12,73.6842,-15.9483,7.43438,0.255286
219000000,47,285.669,50.2289,59.0587,0.237
220000000,54,329.683,44.908,57.8961,0.265
221000000,31,187.442,-30.0871,41.0573,0.2635
222000000,44,271.164,-29.9507,40.7203,0.263
223000000,38,223.233,-3.5635,32.7767,0.278
224000000,44,255.815,34.5997,44.5536,0.243
225000000,42,243.991,11.5233,39.7783,0.24325
226000000,49,304.489,28.9419,46.686,0.245
227000000,56,327.421,42.5257,54.4025,0.2355
228000000,30,189.574,33.8314,30.4028,0.224
229000000,33,203.294,22.4241,30.0512,0.246
230000000,42,261.228,9.29266,41.069,0.256
231000000,27,149.599,35.6671,36.0739,0.231
232000000,69,408.698,31.1591,65.9541,0.232
233000000,27,165.191,-9.62944,31.5744,0.2365
234000000,47,280.205,47.8557,61.1386,0.2505
235000000,20,129.696,42.3994,24.306,0.236
236000000,64,397.751,64.8295,70.4378,0.22
237000000,34,208.032,25.6678,30.8494,0.242
238000000,35,209.465,52.1026,37.7761,0.256
239000000,27,162.147,-3.51473,20.1227,0.279
240000000,28,172.6,-9.64471,31.8169,0.277
241000000,40,239.123,-9.37352,44.0176,0.2445
242000000,51,308.487,58.3144,49.9175,0.226
243000000,34,204.78,21.3935,36.1983,0.2335
244000000,32,198.211,37.399,29.6336,0.232
245000000,21,125.89,11.1394,27.829,0.247
246000000,34,209.459,19.5058,32.5428,0.2385
247000000,31,185.577,-5.45748,38.7642,0.2535
248000000,27,156.477,40.5704,24.652,0.25
249000000,19,108.394,-6.5322,24.2247,0.245
250000000,36,207.358,1.72714,52.0541,0.2685
251000000,33,192.483,31.769,26.1829,0.245
252000000,38,223.34,45.7691,32.9902,0.2275
253000000,26,159.544,-30.4562,27.7848,0.2635
254000000,68,403.518,43.1959,71.2668,0.238
255000000,50,300.364,22.0731,52.3504,0.26
256000000,26,155.973,9.6974,26.0288,0.253
257000000,40,242.578,-7.5313,42.4167,0.2395
258000000,27,156.693,19.0797,33.4883,0.231
259000000,48,284.983,20.8789,52.5197,0.252
260000000,33,197.93,21.3436,29.4459,0.2385
261000000,50,303.429,80.315,71.6039,0.253
262000000,41,247.678,-15.041,41.3531,0.2695
263000000,25,154.325,37.3925,22.3648,0.256
264000000,51,311.314,60.3372,50.8785,0.2345
265000000,10,60.6393,-30.7571,11.9222,0.2605
266000000,30,181.934,4.5333,35.2564,0.2635
267000000,45,264.062,44.2189,39.9509,0.234
268000000,47,288.647,11.3698,48.5194,0.269
269000000,23,141.588,30.3985,21.0769,0.242368
270000000,43,267.319,-3.03515,33.9774,0.232
271000000,24,140.071,25.44,19.6461,0.225
272000000,47,273.352,40.8826,44.3024,0.241
273000000,73,445.094,7.31385,65.5847,0.269
274000000,46,266.597,52.4159,43.0883,0.2395
275000000,37,220.699,6.23368,35.1099,0.2395
276000000,56,334.77,28.8196,64.1529,0.243
277000000,52,315.429,29.5029,72.3388,0.254
278000000,40,232.38,43.2809,58.9704,0.228333
279000000,39,231.205,37.8865,36.9119,0.2405
280000000,31,178.624,-1.10773,28.4031,0.266
281000000,41,240.141,15.3241,41.5314,0.266
282000000,41,247.845,26.6809,51.69,0.245
283000000,14,85.0312,-9.39362,13.538,0.245
284000000,38,236.738,27.4196,41.7794,0.239
285000000,37,224.766,38.4615,39.754,0.245
286000000,35,202.177,14.7584,33.6143,0.237667
287000000,21,134.419,6.51256,27.0193,0.25
288000000,19,113.297,31.4262,17.5908,0.2525
289000000,11,61.0742,11.2211,7.63441,0.234167
290000000,49,302.31,8.86125,47.473,0.222667
291000000,32,194.178,24.1531,42.2456,0.2515
292000000,37,213.489,18.1192,47.0027,0.237
293000000,45,256.714,10.9208,33.4426,0.259
294000000,25,151.046,28.0724,32.9304,0.2205
295000000,41,231.795,56.8966,42.1104,0.2295
296000000,37,224.033,4.53989,45.3046,0.2645
297000000,37,207.787,50.5707,36.0587,0.2395
298000000,25,157.345,20.4611,31.8612,0.2645
299000000,68,400.007,30.5489,64.7284,0.251
300000000,48,274.785,23.2843,57.5727,0.2515
301000000,48,297.311,40.8462,56.6286,0.235
302000000,36,227.545,36.8547,35.7603,0.248
303000000,37,226.696,18.1004,38.207,0.269
304000000,65,380.489,-9.23952,67.985,0.254
305000000,33,205.145,-22.5273,33.3054,0.275
306000000,55,317.019,33.052,63.2994,0.247
307000000,42,245.995,2.11596,48.4852,0.261
308000000,62,363.57,47.0678,63.7887,0.238
309000000,38,219.25,0.209072,39.7811,0.244
310000000,33,204.417,-4.43849,31.7215,0.2425
311000000,28,177.533,1.83227,31.5279,0.239
312000000,37,218.055,14.2104,32.8498,0.260667
313000000,34,206.161,20.46,35.4223,0.2424
314000000,39,232.207,-7.66105,43.4596,0.2445
315000000,53,307.121,8.786,51.4557,0.2555
316000000,50,294.653,43.0846,43.401,0.232
317000000,57,347.008,32.3783,65.47,0.249
318000000,50,285.292,41.6112,55.8696,0.2395
319000000,34,219.08,37.6627,21.8241,0.245
320000000,49,289.897,47.5833,57.1187,0.2375
321000000,36,219.364,63.9306,32.9554,0.257
322000000,33,197.707,32.5814,24.8604,0.2375
323000000,34,202.912,-20.5642,37.1697,0.25
324000000,47,274.483,13.5329,56.2539,0.262333
325000000,37,225.587,39.0583,36.5344,0.215
326000000,35,208.22,22.1471,25.7542,0.2445
327000000,25,159.457,31.6685,35.4997,0.226
328000000,31,176.867,32.7462,33.5864,0.248
329000000,43,248.401,-22.4781,45.5451,0.2705
330000000,27,145.746,-13.1287,31.9647,0.253
331000000,32,197.623,21.5553,33.0846,0.262
332000000,23,129.963,12.7317,19.1581,0.25225
333000000,40,238.54,32.5817,32.7861,0.239
334000000,53,314.743,37.9141,57.4935,0.2595
335000000,27,151.195,11.3693,22.5407,0.2605
336000000,32,204.461,19.6544,34.7677,0.257
337000000,41,239.775,68.5517,37.3886,0.228
338000000,39,241.784,4.45393,42.8283,0.2295
339000000,55,338.121,32.6337,51.4471,0.238
340000000,51,304.225,15.3204,48.7852,0.245
341000000,35,218.229,42.8393,40.8578,0.241
342000000,48,286.753,29.9568,37.5138,0.235
343000000,45,270.714,-6.09116,45.1367,0.271333
344000000,52,323.028,44.4541,57.1217,0.225
345000000,38,223.903,42.933,38.2449,0.249
346000000,49,311.286,52.7693,61.7303,0.218
347000000,46,275.603,-20.3141,39.6183,0.2755
348000000,55,340.835,-4.71915,61.7882,0.2885
349000000,24,147.314,5.4933,22.9887,0.251
350000000,42,254.226,40.1044,39.6101,0.2575
351000000,22,127.365,22.9159,11.5617,0.257
352000000,34,216.297,17.3198,39.629,0.2465
353000000,35,220.24,8.71776,30.5592,0.2345
354000000,34,209.326,-1.25226,25.0609,0.2445
355000000,29,174.948,5.17435,34.8554,0.2445
356000000,17,100.126,-10.0375,21.0465,0.2445
357000000,29,177.21,38.8213,28.5529,0.257
358000000,25,147.956,-40.2997,17.394,0.2605
359000000,39,234.982,56.3985,37.9081,0.2235
360000000,23,140.283,14.5913,26.1816,0.2375
361000000,66,393.434,56.2125,65.5049,0.2245
362000000,51,309.651,-26.8903,43.9429,0.278
363000000,20,116.38,7.94463,30.0939,0.252
364000000,35,205.656,14.026,34.9523,0.245
365000000,34,199.462,2.74875,35.9364,0.261
366000000,46,284.713,44.3984,55.8559,0.215
367000000,25,146.124,0.0627704,27.1392,0.2435
368000000,39,222.689,19.419,29.5067,0.243333
369000000,56,332.287,4.03157,44.232,0.254
370000000,42,249.141,35.6822,39.926,0.221
371000000,27,164.412,7.84558,25.2981,0.249
372000000,42,258.892,16.5859,48.8577,0.251
373000000,21,115.112,9.31353,21.4872,0.2475
374000000,42,252.868,27.6162,45.1164,0.249
375000000,92,565.959,19.1969,87.7233,0.224
376000000,27,167.194,6.70634,29.2011,0.2605
377000000,37,214.662,11.0301,32.4237,0.2355
378000000,24,139.899,39.6484,20.8357,0.2265
379000000,32,199.728,20.5744,31.9707,0.267
380000000,26,155.091,-15.5881,31.9563,0.2645
381000000,29,164.561,50.3844,34.4777,0.225
382000000,33,191.663,18.1359,29.7715,0.227
383000000,34,209.341,9.83311,31.1372,0.257333
384000000,52,312.199,42.5694,47.1189,0.258
385000000,48,289.204,23.2662,51.5674,0.254
386000000,24,144.287,-35.6292,25.4734,0.271
387000000,67,403.681,33.8023,68.1518,0.247
388000000,40,241.367,43.4158,48.6897,0.251
389000000,44,264.058,24.3751,43.9324,0.2675
390000000,21,125.034,5.15778,21.1106,0.254
391000000,38,226.052,-11.2458,35.9162,0.2745
392000000,38,230.763,17.0657,38.3009,0.238
393000000,40,247.291,49.5062,36.3065,0.237
394000000,20,121.076,17.333,24.6968,0.2615
395000000,30,177.916,30.0859,36.9063,0.2345
396000000,28,164.565,33.7041,22.8817,0.225
397000000,17,104.36,-4.97377,20.8433,0.253
398000000,21,128.089,0.240384,20.189,0.222
399000000,48,292.221,32.1285,45.1081,0.254
400000000,36,216.27,44.0827,38.1034,0.263
401000000,54,322.26,33.56,46.3371,0.252
402000000,21,130.484,1.41432,19.5427,0.261
403000000,49,303.683,27.7203,39.8917,0.263
404000000,30,180.805,15.3678,36.1201,0.242
405000000,68,414.564,10.5826,61.1379,0.254
406000000,30,176.084,8.48136,24.0931,0.2595
407000000,33,185.816,-10.3038,27.6473,0.267
408000000,35,225.426,31.0839,34.8644,0.228
409000000,89,515.823,16.585,86.0065,0.255
410000000,41,256.645,16.7203,46.6438,0.228
411000000,31,176.599,-32.2445,27.1439,0.278333
412000000,21,124.726,-0.851973,12.4672,0.2355
413000000,44,258.152,44.4874,42.4479,0.229
414000000,49,293.46,9.51393,52.2942,0.2405
415000000,23,142.804,-6.7431,30.7858,0.267
416000000,47,284.911,37.1399,49.3253,0.242
417000000,60,368.899,36.1677,58.8454,0.249
418000000,50,300.555,-4.52528,63.4077,0.266444
419000000,43,242.629,28.835,40.1803,0.24
420000000,40,236.108,45.5735,54.9636,0.251
421000000,60,353.153,44.6302,64.0867,0.26
422000000,48,285.457,40.7984,42.8456,0.239
423000000,21,124.266,19.5216,34.2513,0.226
424000000,57,346.966,61.6335,56.0726,0.239
425000000,46,268.39,30.6194,34.2298,0.251
426000000,66,394.678,9.45431,76.174,0.272
427000000,39,224.32,44.5196,41.3893,0.252
428000000,30,180.539,37.6238,35.505,0.2555
429000000,32,192.583,22.8724,17.3397,0.209
430000000,52,313.057,30.5245,51.2915,0.225
431000000,28,160.677,26.7884,26.9849,0.252
432000000,56,336.622,23.3905,56.4393,0.244
433000000,48,285.237,7.76077,52.1277,0.261
434000000,36,212.514,41.0334,33.9821,0.24
435000000,29,164.581,46.2608,30.7021,0.245
436000000,23,134.325,24.1244,19.5942,0.235
437000000,44,266.656,47.6385,39.2687,0.213
438000000,36,224.299,-23.0596,29.689,0.2555
439000000,34,194.521,29.7053,27.3235,0.228
440000000,35,219.948,49.5651,32.2268,0.2485
441000000,15,86.7589,54.406,14.01,0.2465
442000000,52,316.191,70.003,47.4889,0.243
443000000,33,197.853,1.10583,41.0813,0.261
444000000,58,348.007,39.0519,56.881,0.249
445000000,52,319.738,15.2625,59.0359,0.227
446000000,48,283.653,6.90913,53.3634,0.262
447000000,40,244.38,52.2946,43.0592,0.234
448000000,33,191.584,11.2987,38.8924,0.2535
449000000,53,317.951,10.7614,51.4579,0.2375
450000000,24,148.04,20.828,28.2249,0.243
451000000,41,240.963,10.5153,50.1546,0.253
452000000,49,301.264,22.6311,44.8135,0.2535
453000000,27,163.239,28.8464,34.6738,0.251
454000000,44,267.247,24.9879,47.135,0.2365
455000000,44,269.275,39.0104,34.6057,0.253
456000000,28,175.429,20.2602,24.8566,0.2445
457000000,44,264.316,48.5453,50.0343,0.219
458000000,19,111.133,17.5451,25.4299,0.271
459000000,34,201.945,10.9566,36.3613,0.2475
460000000,50,301.967,17.6038,51.9947,0.2465
461000000,40,251.267,10.5181,39.6582,0.2525
462000000,24,139.867,-24.6389,23.8149,0.2675
463000000,46,273.368,35.8754,35.0662,0.249
464000000,55,342.475,15.0045,44.9779,0.262
465000000,32,200.763,-1.54815,36.3605,0.26
466000000,77,448.111,25.4846,70.6536,0.241
467000000,43,255.409,36.4913,30.5833,0.2435
468000000,19,110.242,42.0587,16.9967,0.241
469000000,25,150.349,27.4929,23.9597,0.2485
470000000,76,466.831,-18.623,74.036,0.2665
471000000,14,83.0138,-0.681187,13.9073,0.257333
472000000,30,181.993,21.3252,30.0777,0.233
473000000,58,352.934,48.3645,59.5145,0.243
474000000,62,367.655,46.6666,66.6646,0.2485
475000000,38,217.554,-11.0974,43.8422,0.2735
476000000,55,326.912,15.3793,47.5959,0.25
477000000,39,248.861,9.1161,31.4561,0.2608
478000000,23,137.672,-16.9382,17.9938,0.2635
479000000,48,278.52,0.264226,54.7359,0.254
480000000,54,315.913,35.3683,50.173,0.239
481000000,40,246.374,50.257,38.2756,0.247
482000000,32,195.187,39.4304,42.6478,0.2555
483000000,16,94.5857,25.3087,19.0465,0.2295
484000000,25,148.919,46.5907,23.8787,0.26
485000000,44,269.03,3.41434,43.3074,0.2585
486000000,77,453.454,52.6684,81.9825,0.24
487000000,29,171.881,-8.04256,32.6805,0.274
488000000,42,246.952,20.4736,47.1963,0.264
489000000,31,184.188,-2.72419,25.6802,0.256714
490000000,20,108.878,-4.62274,18.2379,0.239
491000000,37,225.629,38.4933,32.5736,0.235333
492000000,39,239.275,41.1658,34.4328,0.229
493000000,30,184.592,6.0344,31.9938,0.2615
494000000,30,176.327,20.8561,29.3995,0.2395
495000000,29,172.891,-3.86573,24.4881,0.264
496000000,56,333.637,37.0966,62.1338,0.214
497000000,45,266.695,32.2069,52.0877,0.235
498000000,34,202.327,41.659,38.1171,0.252
499000000,56,341.634,52.9034,44.1504,0.253
500000000,41,246.226,-1.2633,39.1153,0.2575
501000000,30,181.893,36.7093,29.1162,0.222
502000000,35,205.032,-5.95599,31.2797,0.2725
503000000,44,249.338,45.0259,43.8926,0.2555
504000000,54,329.22,66.5505,65.7245,0.222
505000000,50,306.168,16.5929,48.2721,0.244
506000000,55,343.145,48.6576,67.8751,0.256
507000000,75,451.114,7.17704,71.5442,0.27
508000000,69,401.631,11.0057,71.5889,0.2545
509000000,46,284.561,19.3868,45.5935,0.237
510000000,35,214.901,17.7995,40.3176,0.26
511000000,22,128.11,-5.60283,27.7805,0.2476
512000000,17,94.623,15.3021,23.4624,0.2425
513000000,33,196.033,35.9868,31.3598,0.247
514000000,25,155.752,20.8022,22.5109,0.2385
515000000,24,130.016,-3.24938,38.3763,0.239
516000000,44,266.878,10.1922,43.3759,0.228
517000000,33,198.183,-14.266,32.1119,0.265333
518000000,48,283.469,34.9864,57.4875,0.266
519000000,67,402.508,36.452,72.0319,0.252
520000000,41,246.683,42.4232,31.2025,0.255
521000000,20,121.439,2.64997,23.3858,0.287
522000000,26,158.666,9.81832,21.9021,0.222
523000000,32,183.068,18.516,32.6353,0.249
524000000,60,351.198,39.8888,54.2829,0.24
525000000,28,163.418,-8.62976,27.6613,0.268
526000000,34,197.096,53.7854,30.2031,0.214
527000000,31,182.502,27.7076,31.9708,0.259
528000000,70,435.059,36.3983,91.2802,0.2435
529000000,45,266.576,34.0106,51.6139,0.242
530000000,19,112.44,18.0995,14.9465,0.2504
531000000,56,333.759,26.5577,55.7209,0.2585
532000000,39,242.982,4.75609,42.9522,0.2455
533000000,54,341.78,32.1483,54.4618,0.235
534000000,24,142.872,-0.975223,18.1562,0.2625
535000000,32,185.842,59.5771,32.627,0.224
536000000,38,217.077,35.2419,29.8159,0.2595
537000000,27,163.953,19.8673,23.0254,0.2382
538000000,47,276.456,7.93306,45.0108,0.2565
539000000,42,246.628,43.6288,28.3913,0.23
540000000,32,189.352,-4.35877,26.8232,0.255
541000000,30,182.061,1.50264,32.3289,0.26575
542000000,51,306.485,30.6464,56.6011,0.25
543000000,39,218.966,10.8708,40.149,0.264
544000000,58,347.247,18.8426,56.2345,0.255
545000000,48,288.115,38.2816,40.8679,0.2545
546000000,41,253.742,4.96812,33.5902,0.25725
547000000,45,276.335,-19.7036,38.0012,0.2815
548000000,22,130.589,31.2444,36.1332,0.247
549000000,37,224.161,20.6703,27.5211,0.244
550000000,26,160.766,21.3042,28.6981,0.248
551000000,36,208.412,58.2254,41.54,0.206
552000000,30,186.994,-6.88007,31.8683,0.2525
553000000,29,177.546,14.8741,39.6503,0.2545
554000000,46,260.136,64.7151,43.0503,0.243
555000000,41,259.268,27.5547,35.2755,0.223
556000000,35,204.776,28.9522,41.2878,0.241
557000000,34,206.89,36.9426,41.7211,0.249
558000000,26,159.584,-10.6351,29.9044,0.2375
559000000,32,186.695,15.4175,32.7235,0.251
560000000,44,268.179,42.0586,48.6256,0.251
561000000,51,312.451,50.032,47.3878,0.234
562000000,28,165.72,2.08601,30.7794,0.2455
563000000,32,187.614,45.9546,27.9567,0.243333
564000000,14,84.3643,-13.0997,19.3688,0.2418
565000000,47,291.202,41.2611,48.3326,0.249
566000000,38,220.468,5.719,30.1726,0.265
567000000,62,374.555,35.1382,66.2463,0.232
568000000,29,170.071,30.8548,32.3811,0.243
569000000,27,160.958,49.6703,25.7616,0.215
570000000,47,283.725,3.32926,52.3005,0.2625
571000000,36,220.383,10.9376,39.1419,0.232
572000000,28,169.209,20.4245,30.0767,0.2455
573000000,39,236.491,25.9755,37.4434,0.233
574000000,42,256.067,23.4256,31.6235,0.249833
575000000,37,209.731,18.5275,40.2153,0.270667
576000000,41,241.802,9.05229,42.0714,0.26
577000000,40,236.04,43.8195,32.7549,0.236
578000000,40,238.081,-12.1666,44.3557,0.257
579000000,39,242.432,11.2722,31.5534,0.2495
580000000,44,255.975,48.8702,60.9922,0.252
581000000,27,158.103,-33.8487,19.3318,0.261
582000000,14,75.4338,7.00819,11.4552,0.261
583000000,25,149.253,8.92024,27.9222,0.25
584000000,70,436.003,41.9137,72.4475,0.272
585000000,28,168.817,63.0002,22.5903,0.238
586000000,18,110.735,-0.374264,19.5638,0.2505
587000000,74,456.924,34.7468,75.491,0.238
588000000,51,301.487,30.493,49.4292,0.232
589000000,29,175.749,43.0328,25.9677,0.251
590000000,24,148.552,40.0085,18.6523,0.2385
591000000,56,333.883,26.0965,56.5558,0.2555
592000000,39,243.905,30.394,33.8619,0.251
593000000,41,238.61,5.52421,36.8468,0.253667
594000000,32,187.249,-0.973341,33.4726,0.25
595000000,41,232.081,19.3323,44.6174,0.2625
596000000,20,124.566,27.2338,21.3538,0.2385
597000000,41,242.568,-5.90861,47.027,0.282
598000000,21,120.759,-1.69929,24.1083,0.2575
599000000,46,288.183,0.936458,38.8334,0.2395
600000000,50,306.078,5.4711,54.3816,0.251
601000000,40,227.095,39.7698,39.1129,0.244
602000000,20,121.909,6.6853,25.0234,0.2475
603000000,25,141.391,28.408,38.4637,0.24
604000000,28,173.471,29.3845,26.7531,0.244
605000000,37,220.054,24.4233,43.1686,0.242
606000000,31,196.431,24.6805,31.4388,0.251
607000000,27,157.638,39.9396,30.2327,0.2525
608000000,47,292.52,-8.57363,41.7331,0.268
609000000,30,170.541,44.6855,34.7926,0.23
610000000,36,210.311,28.5981,40.0025,0.236
611000000,49,297.218,16.7403,60.1325,0.275
612000000,34,209.479,14.2155,32.758,0.2535
613000000,54,316.926,96.1231,60.1368,0.2185
614000000,45,272.439,50.5153,44.7927,0.271
615000000,35,218.371,20.2531,32.4608,0.2365
616000000,32,189.98,26.2284,40.8053,0.2465
617000000,44,266.315,37.4587,39.0597,0.237
618000000,62,374.572,29.1412,66.9781,0.273
619000000,65,396.473,41.2822,70.8516,0.239
620000000,34,202.5,16.797,27.1285,0.2492
621000000,20,113.212,-1.07751,28.8101,0.2425
622000000,31,183.637,8.51224,36.9501,0.244286
623000000,40,239.156,19.9307,32.705,0.2545
624000000,27,149.943,4.08963,24.0346,0.261
625000000,40,243.643,30.5591,44.1978,0.225
626000000,28,166.984,23.9196,41.1412,0.236
627000000,56,333.355,-1.26131,53.9045,0.245
628000000,33,206.889,24.682,29.3553,0.224
629000000,32,187.143,19.0817,34.1922,0.255
630000000,48,286.992,55.1815,48.1997,0.207
631000000,29,174.788,-2.67419,26.2943,0.2535
632000000,40,238.149,16.0178,39.556,0.253
633000000,51,305.225,17.3541,61.6351,0.251
634000000,54,318.081,16.726,62.1968,0.255
635000000,34,208.699,-15.5095,33.1324,0.264667
636000000,51,334.03,72.4224,49.9693,0.234
637000000,29,183.789,53.4842,35.4719,0.236
638000000,57,326.276,84.7102,51.3245,0.209
639000000,49,296.821,32.9435,52.0576,0.246
640000000,54,326.572,-6.02652,66.852,0.263
641000000,32,195.15,24.2577,28.7765,0.2495
642000000,37,223.5,19.5524,28.6018,0.239
643000000,39,221.562,51.7744,27.3235,0.223
644000000,82,496.554,50.4326,86.1086,0.246
645000000,47,291.767,11.0525,47.3669,0.246
646000000,25,144.31,30.6809,35.1229,0.2415
647000000,22,131.86,3.4834,26.9529,0.242
648000000,29,181.696,8.38814,33.4592,0.2585
649000000,76,467.102,33.1409,85.2658,0.237
650000000,38,217.071,10.3224,42.588,0.238
651000000,45,286.298,4.82086,33.9911,0.243
652000000,41,248.123,41.3754,34.0407,0.233
653000000,64,392.061,16.382,55.7486,0.264
654000000,40,242.534,39.9279,53.442,0.2355
655000000,26,148.712,26.8877,23.4259,0.232
656000000,53,314.997,38.028,59.4399,0.267
657000000,25,157.175,27.4166,25.08,0.243
658000000,56,326.784,49.0523,51.9592,0.2425
659000000,41,252.835,25.2631,45.8967,0.2425
660000000,32,194.323,36.0966,35.7918,0.2394
661000000,46,272.119,19.6812,50.769,0.256
662000000,73,435.955,23.2001,83.0194,0.263
663000000,42,252.46,37.1982,41.2152,0.253
664000000,38,233.968,32.8026,31.5285,0.234
665000000,40,243.263,22.1376,33.0598,0.245
666000000,40,248.303,1.78119,40.4852,0.275
667000000,44,271.574,51.236,47.1734,0.247
668000000,35,210.023,30.0792,48.4581,0.258
669000000,47,287.521,38.5001,53.7001,0.259
670000000,40,247.545,13.7297,52.2637,0.234
671000000,24,148.44,14.1917,27.0338,0.2535
672000000,29,175.04,53.685,33.0164,0.236
673000000,33,191.644,47.7976,19.821,0.23975
674000000,43,259.778,19.981,35.5243,0.2475
675000000,49,298.278,31.3631,53.7436,0.2365
676000000,43,257.171,49.7765,40.3101,0.239
677000000,49,292.587,46.2973,49.1678,0.21
678000000,23,137.341,-5.06189,26.6683,0.219
679000000,46,272.296,-3.52398,48.0248,0.2495
680000000,25,138.506,22.9929,29.7453,0.257
681000000,53,302.169,26.1084,46.5811,0.238
682000000,22,131.622,21.7791,17.8378,0.245
683000000,46,277.622,24.9371,45.481,0.24
684000000,34,208.542,0.058996,26.8468,0.2505
685000000,31,197.51,-15.3855,36.543,0.2885
686000000,33,192.991,15.7933,22.5933,0.256
687000000,57,339.906,-1.14318,55.8786,0.262
688000000,40,243.322,72.125,41.5447,0.236
689000000,37,225.286,5.91285,40.1385,0.251556
690000000,47,281.095,52.1603,51.2873,0.235
691000000,36,218.048,22.0399,37.6677,0.2565
692000000,47,280.153,51.6272,45.9669,0.247
693000000,52,319.699,9.97768,59.1249,0.2645
694000000,28,171.989,16.7526,21.8657,0.258571
695000000,52,315.651,14.7395,49.2577,0.279
696000000,46,281.844,19.1831,54.066,0.253
697000000,31,184.341,-6.56866,29.1503,0.251
698000000,18,105.258,22.0588,17.2168,0.25075
699000000,47,283.54,5.89837,46.3314,0.24
700000000,25,149.604,8.41102,21.0497,0.2325
701000000,28,167.523,-1.62552,24.9264,0.2475
702000000,29,176.923,37.2841,28.7485,0.231
703000000,26,168.367,38.497,23.8229,0.235
704000000,52,299.151,38.3563,53.2277,0.231
705000000,56,341.833,35.1547,54.1591,0.235
706000000,49,296.355,28.1387,61.1145,0.2355
707000000,43,269.801,46.708,45.3073,0.258
708000000,38,228.337,27.5959,43.218,0.2305
709000000,27,160.919,56.3819,23.3572,0.226667
710000000,27,159.245,39.5067,21.1617,0.2465
711000000,22,127.001,0.807626,32.9938,0.243
712000000,29,165.654,26.6114,24.5371,0.2475
713000000,56,341.436,41.8723,55.3464,0.24
714000000,81,485.217,62.6902,80.8309,0.242
715000000,71,418.224,2.54284,85.8957,0.263
716000000,39,226.535,13.1085,43.3187,0.2495
717000000,24,142.161,35.8075,20.8508,0.2465
718000000,24,144.978,10.8448,24.0827,0.225333
719000000,36,223.346,27.9547,31.4376,0.253
720000000,53,315.074,27.2995,46.2141,0.2345
721000000,43,241.416,24.2888,41.446,0.2445
722000000,41,244.725,23.9651,44.6209,0.243
723000000,54,335.471,44.3979,51.707,0.243
724000000,38,230.674,6.01967,29.753,0.2445
725000000,15,94.2251,-15.4505,13.421,0.250875
726000000,40,237.511,51.9679,27.7421,0.2395
727000000,37,226.073,18.36,34.9175,0.254333
728000000,40,235.625,37.5916,32.9489,0.235
729000000,70,423.02,8.97055,70.4809,0.274
730000000,31,186.376,47.6067,31.0671,0.229
731000000,34,208.702,38.6869,28.6005,0.2515
732000000,50,308.017,18.71,51.9347,0.221
733000000,49,297.316,33.5654,46.3694,0.241
734000000,33,195.167,39.1344,46.2424,0.23
735000000,26,165.547,-1.98609,21.2628,0.2565
736000000,59,352.204,15.1867,75.7478,0.266
737000000,49,280.319,13.0946,52.9115,0.2655
738000000,42,260.646,30.6117,32.1713,0.237
739000000,39,226.61,60.0614,50.9243,0.269
740000000,37,219.5,6.67389,42.2902,0.247
741000000,29,164.591,2.34144,32.5382,0.2505
742000000,31,186.207,39.5799,29.3288,0.2415
743000000,21,127.965,12.3832,20.1328,0.2468
744000000,32,187.615,43.6903,26.6539,0.242
745000000,43,265.326,52.4587,52.5298,0.2255
746000000,27,162.196,11.9305,24.3187,0.23
747000000,48,265.913,20.1915,51.4081,0.2555
748000000,31,190.204,11.488,30.0542,0.263
749000000,19,108.645,-16.8194,22.4807,0.2495
750000000,39,216.172,-2.77192,38.7476,0.2465
751000000,49,304.962,53.9646,42.5165,0.252
752000000,16,92.9971,2.43851,13.2821,0.25875
753000000,41,238.053,23.2486,47.869,0.26
754000000,22,132.273,6.36324,18.6022,0.241
755000000,27,171.39,37.2948,21.6386,0.2485
756000000,29,175.411,47.4738,29.855,0.2255
757000000,39,223.212,2.94355,40.8704,0.2235
758000000,38,232.308,9.95302,37.0957,0.262
759000000,41,240.43,13.5499,38.5892,0.262
760000000,72,439.852,63.1749,67.1154,0.241
761000000,57,368.274,18.1747,53.0713,0.24
762000000,38,232.566,23.4052,44.9767,0.2475
763000000,53,317.848,4.60386,61.1845,0.27
764000000,21,122.795,-6.40318,21.9355,0.246
765000000,42,240.733,1.03314,50.8494,0.249
766000000,41,241.897,17.4499,44.6261,0.249
767000000,44,263.325,46.3707,36.222,0.240889
768000000,28,165.466,33.8505,25.6931,0.257
769000000,57,331.179,67.3228,58.4219,0.2315
770000000,31,188.302,5.60386,35.2682,0.235667
771000000,29,174.279,39.0347,32.7851,0.226
772000000,42,252.385,19.9442,43.6819,0.27
773000000,22,131.627,17.8131,29.5793,0.2455
774000000,53,314.279,21.3586,54.2185,0.25
775000000,36,215.913,30.9811,31.4075,0.245
776000000,23,135.073,9.71012,20.274,0.253
777000000,46,290.497,21.107,40.2535,0.231
778000000,39,245.205,31.2774,41.3156,0.262
779000000,29,171.947,21.451,26.9795,0.234
780000000,63,394.957,8.58962,64.4591,0.258
781000000,28,178.74,33.0224,27.3846,0.250333
782000000,57,344.494,55.1502,63.2909,0.257
783000000,27,169.925,21.0078,23.3267,0.245
784000000,34,200.22,-0.613235,32.3109,0.2565
785000000,46,265.675,13.9776,47.2605,0.2585
786000000,60,376.814,13.9091,45.7115,0.26
787000000,29,180.309,23.0962,27.3832,0.2345
788000000,30,180.148,-24.7052,29.5728,0.2635
789000000,26,159.35,-11.8077,26.1154,0.2515
790000000,43,256.423,62.4629,38.9915,0.2275
791000000,48,290.745,24.6034,42.5372,0.25
792000000,72,431.078,25.463,75.0779,0.265
793000000,43,261.374,18.6293,42.5314,0.25
794000000,26,157.973,9.31024,23.8051,0.243
795000000,40,246.882,27.3879,23.7035,0.241
796000000,41,250.246,72.415,40.8466,0.24
797000000,29,177.397,25.2535,27.0758,0.245
798000000,61,355.551,32.0613,54.2423,0.223
799000000,40,245.524,27.0227,39.8194,0.2515
800000000,41,254.995,14.4171,37.7542,0.236
801000000,42,246.498,25.1153,47.8443,0.228
802000000,17,105.342,6.65294,27.4861,0.274
803000000,48,285.826,50.1288,40.3828,0.222
804000000,43,257.2,44.0063,37.95,0.2335
805000000,42,260.311,23.8442,44.4065,0.246
806000000,37,218.555,-24.9366,30.4026,0.255125
807000000,33,196.717,27.189,31.2657,0.247167
808000000,58,336.103,41.1683,67.8554,0.241
809000000,34,198.031,23.7348,35.8079,0.2725
810000000,35,215.263,57.37,36.2746,0.224
811000000,42,265.18,30.647,37.3429,0.2385
812000000,40,233.388,22.6085,42.7506,0.2545
813000000,37,212.565,-12.6256,32.4378,0.251833
814000000,80,471.074,39.8658,80.3299,0.264
815000000,44,270.451,4.39066,46.6047,0.268
816000000,27,158.237,-1.37361,33.0813,0.257
817000000,32,179.933,54.8881,37.4009,0.234
818000000,42,248.837,21.4695,35.8879,0.229
819000000,37,224.396,-14.5791,55.8926,0.279
820000000,57,349.691,35.777,57.9948,0.2305
821000000,47,277.059,38.5749,47.9254,0.228
822000000,51,310.57,9.41177,45.3983,0.255
823000000,22,137.695,24.2173,30.6064,0.234
824000000,31,182.22,37.3424,25.3086,0.2355
825000000,37,216.006,17.0127,40.2345,0.225
826000000,43,253.829,18.7336,47.4989,0.267
827000000,41,242.57,28.9857,46.1891,0.255
828000000,37,210.211,34.3578,47.0152,0.24925
829000000,33,189.639,55.1239,26.4869,0.235
830000000,56,334.657,1.37906,69.5564,0.247
831000000,45,276.941,37.072,48.6719,0.234
832000000,28,167.14,8.2604,30.1937,0.2505
833000000,36,218.844,12.3231,34.5777,0.242
834000000,41,234.227,18.7214,52.0875,0.249
835000000,77,458.923,40.7606,87.3295,0.25
836000000,43,255.103,-32.323,38.5419,0.266875
837000000,42,250.864,36.4755,47.8978,0.229
838000000,21,110.448,38.7626,14.2987,0.233
839000000,34,204.7,14.8554,37.8229,0.253667
840000000,52,312.619,-0.880084,51.3176,0.2375
841000000,25,150.56,24.4212,30.4873,0.248
842000000,44,263.468,52.853,48.8612,0.232
843000000,37,230.188,-14.9169,40.5459,0.267
844000000,47,280.702,-2.93424,44.6526,0.266
845000000,23,135.301,-25.9561,19.6747,0.2688
846000000,27,147.831,-27.3767,29.1965,0.244
847000000,34,216.542,54.757,31.5477,0.232333
848000000,38,220.473,61.1501,37.4452,0.247
849000000,48,298.328,18.8643,54.3208,0.243
850000000,11,65.4539,4.24397,11.893,0.2335
851000000,29,176.858,20.7097,32.6871,0.244333
852000000,29,174.541,-18.8271,23.1486,0.255
853000000,45,268.742,22.664,44.4739,0.237
854000000,61,387.631,6.2795,55.9095,0.2585
855000000,23,131.612,-48.9911,28.9828,0.2725
856000000,39,225.553,60.1558,37.0959,0.222
857000000,32,196.493,-9.48081,33.7281,0.2555
858000000,29,162.841,13.8861,26.9088,0.242
859000000,39,228.488,52.1538,37.696,0.244
860000000,28,164.035,25.8196,33.323,0.2575
861000000,58,340.24,20.4777,66.3811,0.247
862000000,49,295.291,69.3847,54.6899,0.21
863000000,54,311.002,31.1097,55.2047,0.247
864000000,24,149.101,-26.5942,18.5666,0.250333
865000000,44,268.01,17.252,44.411,0.2515
866000000,47,289.527,-9.77178,46.5998,0.241
867000000,25,145.253,22.0584,23.1551,0.237
868000000,14,90.318,-0.723218,9.26031,0.251667
869000000,34,206.955,30.7226,37.3013,0.255
870000000,33,190.256,24.2568,34.1869,0.2355
871000000,58,344.702,16.8576,61.3439,0.241
872000000,49,290.086,19.4625,48.5625,0.259
873000000,49,297.278,53.8465,50.3627,0.226
874000000,53,337.742,45.4795,52.4494,0.226
875000000,49,289.052,-31.6335,50.6484,0.273
876000000,64,394.981,24.4843,60.3831,0.245
877000000,46,285.87,26.6773,40.5947,0.232
878000000,44,271.318,9.93545,60.5096,0.259
879000000,25,149.891,4.1847,28.2109,0.249
880000000,20,112.35,-7.74984,31.6001,0.261
881000000,58,358.84,1.07106,66.791,0.268
882000000,49,306.572,49.7442,51.866,0.253
883000000,23,143.612,65.1633,27.2802,0.211
884000000,42,246.334,-7.96303,49.7367,0.26
885000000,24,141.289,34.3975,27.1129,0.2418
886000000,17,104.884,-14.5167,10.0674,0.2575
887000000,36,211.007,32.1969,45.924,0.235
888000000,67,388.396,86.347,61.4131,0.206
889000000,26,158.366,-17.3109,25.7292,0.25475
890000000,39,223.091,33.5749,46.6777,0.227
891000000,35,208.83,22.1514,33.1304,0.229
892000000,29,178.717,19.6375,40.1717,0.262
893000000,23,131.489,47.0075,25.4948,0.24275
894000000,38,227.138,4.61339,38.0795,0.253
895000000,28,165.892,4.32049,32.9772,0.2515
896000000,61,364.292,44.909,65.6119,0.252
897000000,58,348.087,20.4795,51.2562,0.249
898000000,39,235.441,15.7365,48.5629,0.262
899000000,34,207.641,27.2125,35.502,0.248
900000000,82,493.711,4.17095,80.6743,0.253
901000000,51,306.594,-6.25301,62.5638,0.2575
902000000,59,347.005,26.2767,66.3704,0.24
903000000,35,219.408,25.2632,41.0079,0.265667
904000000,47,274.329,24.3616,49.4087,0.235
905000000,38,232.783,18.7152,34.9665,0.215
906000000,45,267.953,34.2334,38.2987,0.225
907000000,32,190.099,30.8041,37.5426,0.244
908000000,35,210.068,-21.3374,29.8441,0.275667
909000000,28,173.42,-28.9671,27.7053,0.2675
910000000,26,151.992,31.5958,29.1077,0.241
911000000,39,241.98,68.3618,42.6658,0.246
912000000,62,368.142,46.1305,57.2811,0.2275
913000000,32,183.51,29.3821,35.8269,0.2475
914000000,55,325.011,18.2146,54.7423,0.257
915000000,39,232.452,65.5198,35.8688,0.246
916000000,31,189.004,17.7211,25.5407,0.264
917000000,68,411.336,22.3075,73.95,0.235
918000000,23,136.311,13.871,27.4137,0.259
919000000,49,274.609,54.7911,63.6629,0.2265
920000000,23,137.664,-19.0314,25.9626,0.260667
921000000,44,260.046,25.3519,61.6719,0.2595
922000000,43,243.211,26.2587,43.9794,0.243
923000000,22,133.051,22.5594,21.8924,0.2315
924000000,32,191.636,-28.123,26.4818,0.258
925000000,40,239.935,48.7627,51.297,0.245
926000000,45,272.007,19.4652,51.3136,0.245
927000000,49,277.897,19.8209,52.4227,0.2625
928000000,45,263.094,55.901,39.3027,0.241
929000000,35,211.008,37.3677,31.8272,0.2545
930000000,52,310.659,27.2484,51.5367,0.233
931000000,29,166.147,14.2341,23.0205,0.253
932000000,46,276.317,-6.11924,50.4361,0.256
933000000,24,137.361,14.3432,17.4409,0.25
934000000,49,304.004,13.1849,52.3288,0.23
935000000,27,165.499,23.4398,24.0949,0.255
936000000,54,318.088,30.6879,55.425,0.229
937000000,21,124.483,-11.7554,22.1864,0.247964
938000000,29,171.358,34.581,36.7755,0.229
939000000,37,223.192,77.3132,34.4999,0.218
940000000,52,318.706,35.812,53.7249,0.2445
941000000,22,123.133,6.3222,22.8678,0.2435
942000000,50,287.374,12.2984,47.4704,0.283
943000000,20,119.62,0.620334,21.9856,0.244667
944000000,67,410.551,38.819,58.2348,0.22
945000000,45,278.077,15.8121,50.8279,0.241
946000000,43,257.359,40.5824,41.7804,0.24
947000000,36,215.08,14.3466,36.8618,0.249
948000000,30,179.716,24.2461,25.8171,0.238
949000000,42,256.713,-1.02554,48.9181,0.2535
950000000,55,332.358,14.9426,48.3393,0.2495
951000000,37,219.708,42.9925,31.6324,0.241
952000000,42,253.212,7.77707,40.5346,0.229
953000000,24,136.908,52.3716,16.1416,0.224
954000000,44,258.869,39.1925,49.3374,0.222
955000000,51,298.155,15.9119,49.7107,0.282
956000000,40,231.434,41.2776,38.7776,0.259667
957000000,50,296.851,8.30049,42.0221,0.258
958000000,48,285.709,82.1839,43.8715,0.225
959000000,48,296.679,47.9961,46.4843,0.239
960000000,21,127.174,1.70945,22.6606,0.256
961000000,29,170.427,17.6675,27.1675,0.247
962000000,58,336.161,25.7153,55.8745,0.249
963000000,46,280.466,50.3989,42.3378,0.245
964000000,34,202.461,35.7522,46.073,0.2325
965000000,29,170.104,42.3024,33.6085,0.228
966000000,27,164.547,47.6608,29.6433,0.215
967000000,22,138.686,-7.54408,18.393,0.26325
968000000,29,170.097,19.2758,26.4458,0.2525
969000000,61,377.165,69.4483,62.0943,0.206
970000000,9,54.06,-2.66601,15.6967,0.255
971000000,35,203.625,0.522063,48.9036,0.286
972000000,31,184.395,12.2496,31.924,0.237
973000000,86,508.371,72.3971,74.7907,0.236
974000000,70,432.641,8.74869,60.9546,0.268
975000000,35,206.949,59.4099,46.3431,0.243
976000000,56,343.525,38.6868,64.0943,0.266
977000000,33,205.75,31.8391,43.4512,0.235
978000000,33,200.603,54.5536,35.1908,0.230143
979000000,26,162.705,37.805,28.0317,0.2395
980000000,56,349.721,59.7177,53.2364,0.224
981000000,49,298.616,54.4127,59.569,0.207
982000000,33,197.758,45.1164,36.1347,0.226
983000000,46,275.673,2.6276,37.8172,0.247
984000000,43,261.826,54.0281,39.8789,0.2555
985000000,37,214.422,56.6583,38.9136,0.251
986000000,25,159.774,-0.300207,30.3515,0.248
987000000,35,212.274,1.80625,39.6983,0.2665
988000000,27,167.907,1.70821,28.2338,0.256
989000000,49,288.608,60.6329,62.8845,0.218
990000000,15,90.6742,-22.6136,18.1645,0.2635
991000000,40,228.688,-8.08503,47.7269,0.269
992000000,69,411.873,15.3948,66.6156,0.2415
993000000,39,232.968,41.4806,37.8575,0.2575
994000000,54,328.764,37.4936,52.602,0.254
995000000,35,207.838,69.5438,34.9037,0.2255
996000000,40,225.755,32.7657,34.9661,0.247
997000000,31,197.032,-29.4842,30.3046,0.2595
998000000,70,423.232,50.849,72.8255,0.264
999000000,41,244.84,35.091,40.3399,0.25
