generation,N_shifts,logPrior,logLik,eventRate,preservationRate,acceptRate
0,0,0.681022,-3240.23,200,0.013422,0
500000,15,95.0317,-2997.22,16.4455,0.00591138,0.356
1000000,6,35.7599,-3032.14,7.86969,0.00394062,0.327
1500000,13,73.1637,-3008.37,15.6613,0.00461104,0.379
2000000,7,44.455,-3029.49,11.132,0.00434572,0.362
2500000,11,68.2025,-3014.52,16.0043,0.00477929,0.344
3000000,11,66.3387,-3013.54,16.2814,0.00540608,0.359
3500000,12,77.9449,-3008.45,12.0254,0.00476311,0.374
4000000,8,47.5357,-3018.13,9.99912,0.00453449,0.331
4500000,8,49.4879,-3023.55,5.68619,0.00454221,0.355
5000000,13,76.2745,-3004.72,14.9678,0.00386101,0.343
5500000,10,59.5779,-3023.78,8.12223,0.0053929,0.372
6000000,10,61.8387,-3018.55,9.72422,0.00548952,0.334
6500000,9,45.0158,-3020.7,7.32333,0.0047573,0.334
7000000,10,52.5738,-3009.09,8.22075,0.00414307,0.328
7500000,9,53.3834,-3011.73,8.30016,0.00421173,0.328
8000000,9,57.4764,-3019.12,10.6648,0.00451416,0.34
8500000,13,77.2422,-3014.83,19.9746,0.00355265,0.341
9000000,12,68.5053,-3020.66,11.7143,0.00589476,0.364
9500000,7,43.0452,-3021.36,4.99768,0.00495844,0.338
10000000,9,50.8021,-3019.36,9.46916,0.00520788,0.372
10500000,11,62.1693,-3020.9,12.0549,0.00367087,0.312
11000000,13,72.4017,-3012.32,15.9076,0.00525168,0.331
11500000,10,60.5794,-3023.32,11.8662,0.00448241,0.351
12000000,13,79.7265,-3006.54,14.0219,0.00477393,0.389
12500000,9,56.156,-3020.78,9.29955,0.00453727,0.352
13000000,10,62.5264,-3016.01,7.14625,0.00552729,0.326
13500000,6,32.4001,-3023.79,2.10429,0.00444174,0.37
14000000,12,75.7996,-3022.07,18.6932,0.0045106,0.393
14500000,6,39.1948,-3018.85,9.28273,0.00479531,0.351
15000000,12,71.818,-3010.8,26.8262,0.00471797,0.37
15500000,11,54.4867,-3010.21,20.7793,0.00561654,0.381
16000000,10,53.1222,-3015.73,11.0786,0.00426645,0.293
16500000,7,45.8171,-3026.99,6.06394,0.00471612,0.36
17000000,10,57.3309,-3009.96,14.1256,0.00399813,0.371
17500000,9,50.9719,-3012.76,6.72824,0.0050688,0.354725
18000000,13,75.8378,-3005.06,16.0694,0.00413761,0.373
18500000,10,45.946,-2999.98,8.84258,0.00460497,0.359
19000000,14,82.123,-3007.85,12.8166,0.00483243,0.388
19500000,7,36.8358,-3007.13,7.78452,0.00451589,0.304
20000000,10,65.1297,-3017.79,10.9951,0.00374182,0.34
20500000,7,46.2446,-3027.24,6.79069,0.00409955,0.366
21000000,18,100.772,-3011.11,24.0302,0.00383272,0.391
21500000,7,39.4836,-3027.28,7.35038,0.00499324,0.357857
22000000,11,57.1521,-3014.72,6.75957,0.00436255,0.339
22500000,12,67.7172,-3017.81,9.39488,0.00374104,0.307
23000000,14,81.9064,-3010.86,20.5209,0.00421588,0.343
23500000,13,78.0532,-3018.74,15.7128,0.00460885,0.349
24000000,11,63.1473,-3014.72,13.3759,0.00508595,0.365
24500000,9,55.0376,-3028.1,6.38994,0.00407387,0.36
25000000,8,44.9662,-3010.39,12.294,0.00483838,0.324
25500000,14,81.1069,-3020.21,19.0922,0.005339,0.359
26000000,13,64.117,-3015.35,11.535,0.00482579,0.351
26500000,14,86.0965,-3015.16,15.5825,0.00315656,0.339
27000000,14,85.6349,-3000.31,15.1768,0.00475573,0.352
27500000,9,45.0385,-3015.25,8.924,0.00484645,0.342
28000000,11,69.0154,-3010.44,8.6847,0.00538643,0.354
28500000,8,48.5498,-3019.9,9.58431,0.00599988,0.331
29000000,10,64.9529,-3032.05,12.5244,0.00442292,0.334333
29500000,9,52.1144,-3020.09,9.32156,0.00576542,0.326
30000000,9,48.6438,-3015.96,7.76763,0.00373002,0.36
30500000,6,31.6116,-3019.43,9.50183,0.0049768,0.334
31000000,13,75.4593,-3013.09,15.9852,0.00377482,0.357
31500000,14,78.294,-3004.16,14.7036,0.00494387,0.351
32000000,8,35.5738,-3015.61,12.131,0.00406276,0.362
32500000,12,74.4362,-3007.58,10.2071,0.00447954,0.34
33000000,12,75.3313,-3020.64,6.05157,0.00493362,0.377
33500000,11,65.9789,-3002.25,9.10116,0.00530455,0.336
34000000,8,43.7102,-3020.2,7.17604,0.00432042,0.34925
34500000,7,38.013,-3015.52,10.5574,0.00500833,0.366176
35000000,9,53.1216,-3016.43,12.4811,0.00376145,0.346
35500000,11,60.6979,-3014.11,12.3414,0.00471989,0.378
36000000,8,49.3196,-3021.24,7.97208,0.004479,0.323
36500000,14,78.7257,-3013.69,15.0946,0.00411602,0.351
37000000,7,44.3445,-3027.59,8.50497,0.00598692,0.371
37500000,9,60.0912,-3020.8,9.35778,0.00530316,0.402
38000000,8,51.3867,-3021.96,11.3817,0.00457308,0.349
38500000,15,84.4121,-3024.79,15.4337,0.00580768,0.38
39000000,11,63.1806,-3008.79,14.6666,0.00425116,0.331
39500000,7,41.8912,-3021.98,7.61931,0.00411672,0.324
40000000,9,49.8296,-3031.15,10.4222,0.00571164,0.351033
40500000,15,86.2936,-3015.53,17.2029,0.00362933,0.396
41000000,9,55.722,-3016.71,6.55025,0.00423104,0.3635
41500000,10,55.4903,-3015.39,8.42047,0.00407754,0.347
42000000,8,45.7747,-3021.61,6.9347,0.00424055,0.346333
42500000,8,45.815,-3012.9,6.61671,0.00360066,0.355167
43000000,7,43.389,-3021.79,6.61656,0.00477244,0.343667
43500000,8,45.6857,-3010.59,6.47727,0.00470614,0.319
44000000,17,103.252,-3005.65,18.7537,0.00365741,0.384
44500000,10,54.8554,-3006.88,5.38394,0.00462241,0.354
45000000,16,95.408,-3015.27,13.5132,0.00445223,0.365
45500000,14,79.8242,-3011.69,12.3923,0.00475139,0.361
46000000,8,47.9867,-3023.56,8.34301,0.00472711,0.322
46500000,11,70.3127,-3015.58,12.5866,0.00418053,0.335
47000000,10,54.6283,-3009.03,9.2724,0.00405142,0.346
47500000,11,66.1235,-3020.48,14.002,0.0060448,0.347
48000000,8,44.8652,-3021.98,6.77961,0.00474137,0.346
48500000,7,42.3875,-3022.38,9.9466,0.00428828,0.3455
49000000,13,75.3218,-3012.49,9.41265,0.0051579,0.326
49500000,10,55.1914,-3013.81,9.16808,0.00539841,0.339
50000000,7,44.3752,-3029.06,6.05237,0.00490243,0.356333
50500000,11,62.7273,-3013.78,21.3463,0.00430446,0.3975
51000000,17,101.78,-3010.41,18.3833,0.00480846,0.388
51500000,11,62.308,-3011.33,8.22114,0.00461894,0.334
52000000,7,36.995,-3027.89,4.44211,0.003714,0.344857
52500000,10,55.4476,-3022.95,9.44608,0.00474702,0.34795
53000000,14,82.9706,-3005.32,13.7301,0.00427854,0.345
53500000,8,50.8107,-3023.9,11.1115,0.00515326,0.32
54000000,9,50.9761,-3014.76,7.14163,0.00449537,0.344
54500000,9,54.5839,-3022.83,10.4264,0.00385048,0.327
55000000,8,46.7396,-3028.07,9.10869,0.00409935,0.35
55500000,9,58.9359,-3020.19,6.09453,0.00431544,0.337
56000000,11,61.8622,-3008.44,11.8911,0.00515052,0.362
56500000,14,83.07,-3010.14,22.0634,0.00448957,0.391
57000000,11,55.963,-3005.98,8.29252,0.00491848,0.348
57500000,15,83.3064,-3001.28,14.6492,0.00449037,0.365
58000000,8,48.056,-3022.05,7.55759,0.00446908,0.395
58500000,14,85.5954,-3013.3,10.9633,0.00428626,0.373
59000000,11,65.9641,-3016.08,20.6048,0.00491247,0.36
59500000,11,67.96,-3024.01,15.3451,0.0051224,0.3485
60000000,9,58.089,-3020.34,6.69821,0.00500655,0.356
60500000,13,77.2585,-3003.34,14.2754,0.00436061,0.36
61000000,8,40.8727,-3027.74,4.96317,0.00440947,0.32275
61500000,11,65.2263,-3016.49,9.21433,0.00641595,0.354
62000000,11,70.2658,-3030.72,8.31273,0.00393057,0.39
62500000,13,73.6585,-3010.09,13.8755,0.00385154,0.356
63000000,10,61.092,-3028.62,12.7567,0.00527589,0.361
63500000,14,86.6045,-3012.36,13.5862,0.00498369,0.382
64000000,9,52.0686,-3021.62,8.16473,0.00441634,0.346
64500000,9,52.1789,-3014.84,7.06094,0.00501607,0.34
65000000,13,74.9754,-3013.88,12.5176,0.00493291,0.296
65500000,13,76.2424,-3012.92,14.2663,0.00518172,0.351
66000000,12,69.8739,-3011.96,10.6778,0.0048012,0.362
66500000,11,65.1192,-3012.13,12.5637,0.0051658,0.37
67000000,10,55.7277,-3019.66,10.8093,0.00374163,0.359
67500000,10,58.855,-3010.58,10.7263,0.00424989,0.347
68000000,10,54.952,-3024.31,12.7563,0.0038345,0.348
68500000,10,55.8302,-3013.9,8.02865,0.00478672,0.346
69000000,12,68.1858,-3013.5,12.74,0.00456883,0.396
69500000,6,36.851,-3021.42,7.72667,0.00579055,0.3445
70000000,8,45.1662,-3009.75,5.81323,0.00454283,0.342
70500000,10,66.022,-3025.1,17.3085,0.00424146,0.388
71000000,10,55.1646,-3008.98,9.92361,0.00461545,0.366667
71500000,7,40.2908,-3025.82,13.6203,0.0038504,0.3715
72000000,8,47.1434,-3015.77,5.81272,0.00358378,0.384
72500000,11,61.0789,-3022.05,6.23182,0.00484673,0.315
73000000,8,39.0519,-3013.59,9.40382,0.00401276,0.3475
73500000,14,74.7592,-3014.32,15.0392,0.00523969,0.375
74000000,10,61.0798,-3025.13,15.0032,0.00557234,0.365
74500000,16,97.8352,-3011.26,15.6331,0.004434,0.368
75000000,9,51.4314,-3004.99,10.0864,0.00499456,0.339
75500000,9,54.8306,-3012.14,14.5678,0.00514705,0.3355
76000000,12,71.0743,-3017.67,12.2671,0.00485624,0.382
76500000,9,54.3886,-3013.16,15.0353,0.00444836,0.34
77000000,13,78.3165,-3005.53,14.4884,0.00486432,0.37
77500000,10,56.9169,-3010.78,17.5436,0.0040266,0.357
78000000,15,88.3949,-3000.47,13.7826,0.00397553,0.357
78500000,12,70.892,-3010.23,11.8992,0.00563768,0.345
79000000,8,45.6633,-3010.85,4.85652,0.00514922,0.339
79500000,10,54.2446,-3010.7,12.7762,0.00402132,0.312
80000000,12,71.8996,-3009.08,12.3,0.0053015,0.351
80500000,13,77.2497,-3027.4,13.4963,0.00439711,0.387
81000000,10,61.8001,-3013.61,14.9283,0.00534771,0.359
81500000,7,45.7033,-3040.19,9.52365,0.00495643,0.372
82000000,8,47.6063,-3028.44,4.4679,0.00480962,0.375
82500000,9,57.6615,-3021.56,12.6298,0.00475378,0.366
83000000,11,64.1299,-3013.43,12.3363,0.00453482,0.345
83500000,12,74.8457,-3024.92,18.465,0.00498816,0.41
84000000,11,68.7086,-3010.23,13.062,0.0044306,0.362
84500000,10,59.313,-3014.91,21.3305,0.0046586,0.352
85000000,12,67.3828,-3010.3,13.4087,0.00440846,0.344
85500000,10,56.9977,-3000.07,8.02225,0.00447996,0.344
