generation,N_shifts,logPrior,logLik,eventRate,preservationRate,acceptRate
0,0,0.711179,-8199.42,200,0.013422,0
500000,7,43.9776,-6744.18,7.51088,0.0945544,0.3
1000000,8,54.672,-6735.7,11.1604,0.0924144,0.336
1500000,6,38.2594,-6753.25,12.3459,0.0983796,0.32
2000000,9,60.4218,-6740.53,9.65786,0.0991583,0.309
2500000,9,63.7343,-6738.39,7.66124,0.092432,0.337
3000000,11,73.2384,-6737.41,13.3898,0.0992911,0.347
3500000,9,54.293,-6737.67,12.0001,0.0949876,0.327846
4000000,7,45.9772,-6737.74,5.79728,0.0941635,0.325333
4500000,8,47.1864,-6732.81,6.74232,0.0946289,0.323
5000000,6,39.7647,-6747.2,5.31711,0.0934129,0.343
5500000,10,67.7575,-6733.41,9.79277,0.094339,0.342
6000000,6,37.2928,-6743.5,10.6752,0.0973762,0.305
6500000,6,41.4536,-6748.64,5.86038,0.0913315,0.331
7000000,7,42.4324,-6736.11,4.04327,0.0987075,0.324667
7500000,8,51.0703,-6736.14,12.7208,0.0955678,0.324
8000000,7,47.5642,-6739.37,12.8063,0.0936164,0.354
8500000,8,49.3765,-6742.4,3.66042,0.0956156,0.344
9000000,7,49.1823,-6737.57,5.8232,0.096525,0.36
9500000,11,75.187,-6733.13,23.4967,0.0916064,0.379
10000000,6,34.1542,-6736.41,9.25694,0.0943901,0.321
10500000,6,39.4872,-6741.53,20.4076,0.0978299,0.3275
11000000,9,63.6442,-6734.53,10.8707,0.0956774,0.355
11500000,6,39.7152,-6748.2,10.9828,0.0919296,0.334
12000000,11,67.1579,-6732.73,10.5421,0.0952538,0.3375
12500000,10,68.9533,-6738.41,13.6443,0.0957141,0.317
13000000,10,63.6977,-6726.07,6.88913,0.0930898,0.323
13500000,7,45.3095,-6742.25,10.2822,0.0978543,0.354333
14000000,12,77.1222,-6741.95,19.4875,0.097387,0.351
14500000,8,44.0708,-6737.67,6.19157,0.090034,0.3315
15000000,8,52.8089,-6745.14,10.1211,0.091514,0.342
15500000,7,43.9127,-6748.2,4.6212,0.0989546,0.345
16000000,10,62.6942,-6745.62,9.91999,0.0964359,0.326
16500000,8,50.4349,-6732.33,5.40665,0.094812,0.31
17000000,10,65.9082,-6732.24,8.56505,0.0901358,0.353
17500000,7,47.0255,-6742.85,7.22672,0.0929108,0.349
18000000,12,79.3203,-6729.84,7.95819,0.0972977,0.332
18500000,7,51.6643,-6751.23,7.95275,0.0939026,0.339
19000000,6,39.4308,-6741.28,4.48125,0.0928309,0.3385
19500000,12,71.2395,-6731.78,17.4231,0.0942813,0.357
20000000,10,66.4127,-6734.66,11.067,0.0945827,0.319
20500000,7,46.3862,-6740.98,15.0086,0.0946711,0.312
21000000,9,60.8389,-6753.73,9.18087,0.0966981,0.36
21500000,6,40.0366,-6744.79,5.50335,0.0905728,0.335
22000000,12,76.8384,-6734.99,13.6085,0.0962094,0.346
22500000,8,51.6707,-6735.26,12.6267,0.091414,0.318
23000000,4,28.6171,-6757.08,4.05414,0.0942594,0.331458
23500000,5,33.7311,-6751.71,4.63548,0.0945463,0.318
24000000,7,40.8262,-6750.63,16.4123,0.0937077,0.344
24500000,8,55.7767,-6730.77,9.7995,0.0936878,0.321
25000000,7,46.0692,-6745.2,13.7349,0.0957642,0.34
25500000,6,38.9372,-6748.13,5.55766,0.0932474,0.328333
26000000,10,69.1873,-6735.26,9.28611,0.0931112,0.391
26500000,8,46.9501,-6736.68,12.9757,0.0944152,0.291
27000000,9,57.5524,-6733.69,5.15677,0.0917251,0.331
27500000,7,42.3993,-6749.16,6.07078,0.0981857,0.3085
28000000,12,71.7467,-6732.38,9.4552,0.0945896,0.364
28500000,8,51.8814,-6741.8,8.95167,0.0926019,0.338
29000000,8,49.4781,-6748.4,9.44305,0.0903812,0.337
29500000,7,46.5185,-6744.54,4.20879,0.0975217,0.322
30000000,10,63.5027,-6739.26,8.95926,0.0939899,0.318
30500000,7,42.9878,-6740.74,8.77607,0.0920509,0.36
31000000,6,37.755,-6744.96,6.07108,0.0938867,0.3362
31500000,6,37.8162,-6737.58,12.7469,0.0985171,0.3475
32000000,7,47.1867,-6743.24,9.23302,0.0926628,0.308
32500000,7,50.0994,-6741.6,9.95181,0.0947936,0.313
33000000,10,67.8697,-6733.25,6.49001,0.0944596,0.339
33500000,8,51.6766,-6735.55,8.67591,0.0945933,0.341
34000000,7,43.2118,-6747.49,4.29503,0.0953369,0.3335
34500000,8,53.0023,-6733.06,10.0057,0.0920562,0.3
35000000,7,47.1423,-6744.1,6.15743,0.092321,0.34
35500000,11,72.4133,-6757.17,6.64553,0.0973567,0.364
36000000,10,71.0943,-6736.58,6.02762,0.0914869,0.331
36500000,9,57.0041,-6735.67,13.1637,0.0972648,0.3505
37000000,7,45.295,-6738.94,11.5252,0.0959244,0.3485
37500000,5,33.4996,-6748.47,3.05712,0.0964455,0.315833
38000000,11,68.3934,-6731.41,15.7326,0.0926023,0.354
38500000,9,54.3801,-6733.37,7.00637,0.0901903,0.337
39000000,7,43.4268,-6737.25,10.5187,0.093664,0.328
39500000,7,47.0256,-6738.92,11.5097,0.0937454,0.299
40000000,5,34.1611,-6754.73,7.86072,0.0939824,0.322
40500000,9,61.9763,-6747.4,17.6213,0.0987668,0.344
41000000,10,68.6911,-6736.46,9.10754,0.0963205,0.333
41500000,10,59.5076,-6737.64,17.0651,0.098454,0.348
42000000,6,40.4524,-6737.2,7.2663,0.0950105,0.311
42500000,10,65.5909,-6735.41,16.0447,0.0933793,0.331
43000000,8,52.0825,-6733.55,8.68405,0.0961516,0.344
43500000,8,45.0406,-6736.06,8.99906,0.0958235,0.342
44000000,8,53.7678,-6740.67,11.0039,0.088058,0.35
44500000,10,60.1366,-6728.08,10.2113,0.0953686,0.304
45000000,9,55.5254,-6737.82,6.13641,0.0966014,0.329
45500000,9,55.8191,-6732.49,12.4456,0.0963642,0.312
46000000,6,38.609,-6738.23,4.11877,0.0910218,0.315
46500000,9,55.3573,-6737.1,12.2925,0.0947211,0.334
47000000,8,49.7513,-6735.1,8.61552,0.095659,0.321
47500000,7,43.0126,-6735.11,12.5872,0.0972869,0.325
48000000,12,82.2247,-6743.37,15.7701,0.0872508,0.363
48500000,8,54.363,-6732.18,10.8708,0.0936698,0.341
49000000,6,41.9104,-6744.34,5.75496,0.091846,0.32225
49500000,8,56.7018,-6748.41,11.0197,0.0921359,0.341
50000000,6,38.7084,-6749.42,1.53034,0.0902466,0.353333
50500000,7,44.6695,-6741.09,10.4272,0.0927748,0.3182
51000000,6,41.2372,-6748.44,6.28358,0.0932614,0.335
51500000,11,75.1344,-6736.03,6.90664,0.0940302,0.348
52000000,8,50.6966,-6743.54,11.1502,0.0973576,0.3465
52500000,6,41.6527,-6749.2,5.01912,0.0917875,0.3584
53000000,8,54.5642,-6745.7,8.26336,0.0911667,0.318
53500000,8,49.1248,-6731.37,5.70861,0.0962238,0.313
54000000,8,51.2159,-6753.25,8.88639,0.0857991,0.316
54500000,8,54.7612,-6743,5.65493,0.0955885,0.3425
55000000,6,39.9132,-6737.69,10.0139,0.0961361,0.3174
55500000,10,72.3369,-6744.22,13.3606,0.092071,0.352
56000000,8,54.6217,-6733.13,5.47189,0.0969103,0.331
56500000,6,41.6373,-6744.96,6.89526,0.0935804,0.332333
57000000,7,43.9186,-6744.2,6.47439,0.0973184,0.35
57500000,9,56.963,-6733.92,10.9273,0.0941132,0.348
58000000,8,50.9692,-6742.1,9.31489,0.0927781,0.334
58500000,9,53.7908,-6728.41,11.0802,0.0912571,0.345
59000000,10,59.0095,-6736.09,7.61275,0.0938609,0.333
59500000,8,48.5333,-6733.18,10.3908,0.0961991,0.312
60000000,7,44.9874,-6740.36,10.289,0.095538,0.326667
60500000,12,72.7906,-6730.02,10.4228,0.0940437,0.335
61000000,7,46.872,-6747.8,11.6718,0.0991192,0.306
61500000,8,51.2481,-6746.39,12.0796,0.101667,0.337
62000000,8,47.3173,-6736.77,6.90589,0.0988778,0.306
62500000,5,35.2572,-6749.22,5.20431,0.0946694,0.309667
63000000,9,58.4163,-6746.56,10.1392,0.0924649,0.323
63500000,7,46.6525,-6738.7,10.7003,0.0962523,0.318333
64000000,8,49.3188,-6747.12,10.7384,0.0918378,0.339667
64500000,6,38.7968,-6752.59,9.56936,0.0957719,0.336857
65000000,8,49.3422,-6739.68,6.91862,0.0943505,0.326
65500000,8,51.333,-6733.77,15.4162,0.0955547,0.34
66000000,6,36.5979,-6743.94,4.80367,0.095068,0.3295
66500000,5,31.6887,-6747.76,3.36283,0.0926276,0.327857
67000000,7,47.4142,-6739,5.14229,0.0942815,0.341
67500000,11,69.0457,-6739.47,13.8625,0.0938027,0.325
68000000,7,48.4921,-6743,5.95667,0.0944664,0.327
68500000,7,42.4953,-6739.94,11.7912,0.0999107,0.34
69000000,8,52.2779,-6746.57,13.9836,0.091463,0.3423
69500000,8,53.1312,-6742.63,9.23331,0.0962808,0.357
70000000,8,55.5128,-6738.55,10.3939,0.0982681,0.318
70500000,7,44.151,-6737.39,6.88479,0.0903427,0.344
71000000,8,50.3241,-6738.7,9.64325,0.0945473,0.34
71500000,8,51.0083,-6740.82,10.1686,0.0932317,0.327
72000000,9,58.7988,-6738.2,6.34478,0.0912464,0.338
72500000,6,38.4941,-6743.86,6.74832,0.0936883,0.332
73000000,9,55.7379,-6753.71,10.9056,0.0968579,0.338
73500000,8,53.0519,-6742.33,6.22801,0.0933277,0.328
74000000,9,61.1277,-6735.38,12.8401,0.096051,0.341
74500000,11,73.7323,-6743.2,6.8584,0.0960847,0.365
75000000,10,57.412,-6725.6,8.1621,0.0930002,0.3565
75500000,9,55.3876,-6741.98,9.83319,0.097699,0.329
76000000,8,51.6721,-6740.03,12.8219,0.0937197,0.315
76500000,7,41.5888,-6743.62,9.27255,0.0953808,0.354333
77000000,9,60.2601,-6734.81,7.83838,0.0961639,0.332
77500000,10,66.6443,-6741.34,5.07584,0.0946233,0.361
78000000,7,47.9336,-6744.82,6.96744,0.0954454,0.3345
78500000,10,65.1505,-6743.89,9.44332,0.0993629,0.359
79000000,9,56.7635,-6741.4,12.6734,0.0968787,0.356
79500000,11,74.2028,-6735.2,9.8857,0.0941106,0.343
80000000,9,59.2823,-6738.03,5.33324,0.0902589,0.343
80500000,7,47.0695,-6746.42,14.1086,0.095919,0.308
81000000,8,48.1643,-6742.84,9.94101,0.0968493,0.335
81500000,10,65.8966,-6739.73,11.1546,0.0959208,0.329
82000000,11,76.9309,-6731.92,12.7992,0.100196,0.347
82500000,7,46.3575,-6746.46,6.43966,0.0935849,0.33
83000000,7,46.0652,-6748.21,9.51123,0.0902279,0.348
83500000,9,57.7915,-6734.85,10.3143,0.0958085,0.306
84000000,6,40.0575,-6740.2,7.92264,0.0937605,0.298
84500000,7,45.035,-6732.59,8.37291,0.0939411,0.337
85000000,6,42.6896,-6752.23,2.08251,0.0970735,0.325
85500000,7,43.5816,-6747.76,11.3335,0.0905705,0.386
86000000,9,44.316,-6734.35,11.8577,0.0942613,0.3255
86500000,11,73.4865,-6729.81,14.6809,0.0947171,0.318
87000000,11,70.0829,-6732.86,16.7593,0.0931569,0.386
87500000,8,46.2471,-6738.78,10.566,0.0930884,0.3495
88000000,10,66.8828,-6748.56,8.73379,0.0972919,0.347
88500000,7,43.5549,-6744.39,7.42808,0.0924189,0.329636
89000000,11,67.6833,-6728.52,17.7712,0.0896498,0.362
