generation,N_shifts,logPrior,logLik,eventRate,acceptRate
0,0,-7.11845,-819.964,200,1
1000000,43,253.499,14.6863,50.8718,0.267
2000000,39,229.078,13.4203,45.3761,0.2715
3000000,56,328.093,65.8852,60.3329,0.245
4000000,32,193.057,19.4703,34.2622,0.261
5000000,20,115.552,41.8247,18.3141,0.2505
6000000,33,201.624,49.3951,28.7454,0.2635
7000000,63,368.536,66.0098,65.8521,0.229
8000000,46,270.21,54.2901,41.3816,0.258
9000000,37,221.01,15.6151,40.3,0.2555
10000000,40,234.912,20.4015,50.6897,0.265
11000000,20,117.318,20.5802,31.716,0.244
12000000,52,316.323,23.3667,53.9683,0.249
13000000,25,154.953,36.5853,25.6944,0.249667
14000000,37,225.124,19.0966,31.1096,0.2455
15000000,51,300.472,54.4068,48.6732,0.264
16000000,33,188.181,52.9081,25.6695,0.235667
17000000,45,264.871,18.9399,47.9187,0.267
18000000,50,287.156,51.7249,50.1147,0.2525
19000000,37,211.331,14.3392,33.8505,0.2395
20000000,55,320.334,22.9989,51.8838,0.238
21000000,47,273.441,4.43678,36.3426,0.2435
22000000,44,256.624,17.1689,38.9062,0.2465
23000000,71,410.706,75.4485,74.1754,0.226
24000000,20,120.749,4.1138,16.0645,0.245333
25000000,43,252.447,54.8969,34.1939,0.2495
26000000,49,285.655,38.1959,51.869,0.247
27000000,46,272.229,45.7647,37.698,0.232
28000000,38,217.157,-21.6487,25.7427,0.2645
29000000,59,365.469,31.959,50.1183,0.242
30000000,46,268.666,26.88,38.6995,0.249
31000000,31,180.684,42.8892,30.6326,0.2535
32000000,47,270.636,-36.2198,40.8636,0.2765
33000000,46,273.331,19.9958,49.227,0.249
34000000,33,184.119,18.7523,32.2119,0.247
35000000,45,256.907,2.82115,49.0004,0.267
36000000,41,243.06,38.3141,39.2309,0.235
37000000,63,361.855,7.70042,69.123,0.242
38000000,23,134.009,21.9937,19.1085,0.23275
39000000,42,242.453,54.6804,45.0824,0.252
40000000,37,214.071,19.2112,40.155,0.2415
41000000,62,379.719,40.5697,65.8546,0.255
42000000,33,200.175,6.52025,28.8098,0.271
43000000,21,133.247,13.3887,25.9254,0.259077
44000000,29,175.533,25.8727,22.3693,0.2345
45000000,23,137.637,33.6976,27.4376,0.227
46000000,37,211.618,23.9154,39.4976,0.25
47000000,50,297.851,-20.2122,53.9808,0.284
48000000,60,346.682,3.76699,66.0013,0.2496
49000000,34,201.94,42.7853,32.764,0.2365
50000000,44,271.915,54.3167,40.4624,0.228
51000000,46,274.218,47.3718,43.5162,0.237
52000000,63,388.395,18.3807,55.8104,0.247
53000000,71,431.999,47.5452,74.8046,0.239
54000000,39,236.126,41.879,33.7723,0.2335
55000000,41,241.447,15.5546,38.4881,0.234667
56000000,24,142.965,34.2119,25.8247,0.237667
57000000,33,190.873,3.21787,31.8151,0.255
58000000,39,235.574,33.2836,31.3839,0.236
59000000,33,193.581,63.8599,35.6213,0.234
60000000,51,276.336,54.3274,48.3728,0.246
61000000,57,339.218,38.4184,60.3737,0.253
62000000,47,282.047,24.0785,55.0366,0.2265
63000000,48,296.536,24.3105,45.4547,0.245
64000000,31,180.109,22.7702,33.6137,0.224
65000000,53,315.805,46.7382,50.0373,0.2355
66000000,31,172.917,13.5472,29.7516,0.241667
67000000,61,347.903,4.43908,56.493,0.265
68000000,48,288.763,-11.2495,44.4659,0.265
69000000,58,344.238,-1.27489,53.2833,0.265
70000000,44,252.698,12.2647,36.749,0.271
71000000,52,314.138,18.9332,42.2265,0.259
72000000,46,284.784,6.88528,49.3628,0.263
73000000,35,197.73,-8.37435,31.4534,0.2565
74000000,25,142.851,8.77041,18.6834,0.256
75000000,34,200.515,24.7803,45.1297,0.244875
76000000,41,235.704,25.0739,51.7417,0.265
77000000,62,365.76,-1.35697,64.8013,0.273
78000000,47,286.795,54.818,40.3543,0.231
79000000,35,194.88,60.693,34.6538,0.235
80000000,25,152.484,12.8815,21.3356,0.24975
81000000,49,282.369,30.4563,52.1416,0.242
82000000,38,224.527,-25.0051,34.7994,0.252667
83000000,58,337.898,39.2503,48.6623,0.249
84000000,27,150.514,19.4712,21.2834,0.252
85000000,28,168.744,23.9857,24.1492,0.238
86000000,29,171.109,31.1767,38.6336,0.242667
87000000,12,69.2098,-41.8207,15.1159,0.284
88000000,54,311.887,53.0774,58.5362,0.243
89000000,28,162.367,20.8228,39.5454,0.249714
90000000,31,171.767,36.5038,33.1389,0.2605
91000000,47,282.358,18.1668,46.5614,0.253
92000000,32,178.771,12.0275,35.1678,0.254
93000000,34,190.707,39.4589,35.8546,0.227
94000000,51,312.628,27.1116,36.5648,0.256
95000000,56,333.667,34.6707,55.4432,0.237
96000000,38,222.945,24.7872,30.3415,0.242
97000000,38,227.407,49.4734,39.9836,0.234
98000000,60,376.995,8.8557,50.6313,0.2575
99000000,73,446.224,72.5033,86.8512,0.235
100000000,32,195.48,40.0929,31.7904,0.237
101000000,38,227.039,54.3736,50.8446,0.229
102000000,48,284.587,35.3364,53.6306,0.269
103000000,55,322.024,33.2297,57.6674,0.24
104000000,42,253.331,44.7509,44.2779,0.247
105000000,40,240.888,73.9229,39.7797,0.238
106000000,19,110.07,-5.26945,13.1879,0.26
107000000,42,243.354,39.0921,33.7754,0.2575
108000000,46,283.45,33.3587,50.9126,0.2435
109000000,47,279.634,36.9281,44.4223,0.24
110000000,71,428.251,16.2156,70.3524,0.269
111000000,41,243.566,-12.4343,34.034,0.257
112000000,39,233.625,31.4269,47.0397,0.258
113000000,40,232.332,14.3761,42.4745,0.269
114000000,40,225.701,-8.12416,33.2286,0.244
115000000,20,115.918,-7.21087,28.3268,0.253333
116000000,49,287.432,38.7783,53.7023,0.238
117000000,28,176.232,-6.61537,25.8597,0.25725
118000000,27,165.985,48.4586,32.3459,0.2275
119000000,33,202.764,55.0761,27.6051,0.235
120000000,30,178.188,30.1573,29.6959,0.231
121000000,28,166.709,32.1436,28.5027,0.252
122000000,22,124.804,-41.1935,22.1227,0.271
123000000,47,278.705,53.1368,47.7105,0.238
124000000,47,281.697,15.5361,52.8597,0.249
125000000,42,239.263,66.4525,33.6143,0.2205
126000000,42,241.869,38.2207,49.0471,0.226
127000000,31,190.421,0.697638,38.5231,0.2675
128000000,37,221.113,55.7525,38.469,0.2305
129000000,38,219.024,35.4956,39.0895,0.24
130000000,49,302.487,54.8243,49.5001,0.241
131000000,33,193.445,19.7449,27.5987,0.2525
132000000,38,237.509,13.7612,37.8988,0.247
133000000,59,365.969,32.7832,71.5238,0.262
134000000,41,235.061,33.1749,38.0821,0.261
135000000,59,344.727,-21.8504,57.4341,0.279667
136000000,45,270.23,9.04245,37.5905,0.244
137000000,47,291.492,21.5353,49.1524,0.2585
138000000,26,162.486,24.1728,21.9726,0.23
139000000,58,347.447,26.6436,64.9633,0.242
140000000,30,169.11,19.075,25.2572,0.2345
141000000,52,308.486,43.3508,51.7113,0.222
142000000,27,147.895,-18.5317,18.7067,0.2648
143000000,23,140.545,28.7389,26.1955,0.2525
144000000,42,237.95,-10.6126,40.5701,0.24775
145000000,61,368.773,30.2289,60.0959,0.2535
146000000,46,284.987,-30.658,37.9881,0.291
147000000,30,181.123,2.04062,31.9582,0.2645
148000000,34,195.576,18.1155,36.3989,0.264
149000000,45,272.162,24.2034,39.9484,0.279
150000000,41,250.147,29.2255,31.3835,0.2535
151000000,38,231.882,55.6248,37.6361,0.25
152000000,41,252.289,1.88535,46.2313,0.2555
153000000,53,312.417,43.6749,48.1662,0.24
154000000,81,485.437,14.8196,78.1511,0.2535
155000000,47,285.867,40.957,52.9387,0.234
156000000,56,327.872,40.7213,58.5126,0.25
157000000,45,255.901,38.2309,55.6081,0.238
158000000,58,335.711,29.8794,68.938,0.244
159000000,36,221.459,-11.1812,43.503,0.2725
160000000,39,237.697,51.3162,39.6037,0.236
161000000,33,202.146,51.2909,29.4624,0.236
162000000,35,204.176,-4.36629,29.5858,0.254
163000000,43,260.995,11.565,35.5207,0.262667
164000000,57,348.154,49.1208,70.6531,0.247
165000000,58,343.164,50.7945,56.4517,0.228
166000000,39,218.678,65.6976,29.5306,0.2205
167000000,67,388.516,13.982,83.7641,0.28
168000000,37,209.429,13.9386,43.8546,0.251
169000000,49,288.542,48.9194,54.4867,0.244
170000000,54,321.754,58.3982,45.8526,0.2255
171000000,50,284.196,36.0219,61.5505,0.2545
172000000,59,344.64,29.901,48.9565,0.2615
173000000,62,366.503,40.9925,64.9607,0.243
174000000,25,147.993,-16.1484,20.3352,0.2735
175000000,44,262.245,-15.1406,55.7637,0.277
176000000,47,281.061,42.0535,42.9775,0.233
177000000,28,160.549,38.2059,27.5466,0.2355
178000000,41,230.383,-9.90066,45.0637,0.244
179000000,32,188.644,15.9046,40.5895,0.2385
180000000,68,408.389,38.4084,57.7836,0.267
181000000,46,255.666,9.02112,49.403,0.254
182000000,35,214.717,38.0046,35.0992,0.2455
183000000,58,335.543,49.9024,49.4741,0.2465
184000000,49,291.469,20.9004,32.4317,0.24
185000000,47,285.57,-1.45016,39.8301,0.2395
186000000,56,327.332,46.2808,49.6914,0.234
187000000,44,261.646,40.5848,45.415,0.227
188000000,33,203.835,-4.15876,44.5695,0.274
189000000,46,269.83,10.9439,45.0412,0.246
190000000,48,282.913,34.8509,59.5945,0.252
191000000,54,317.991,56.595,49.3803,0.2335
192000000,45,266.968,58.5722,37.7759,0.227
193000000,52,308.791,83.3958,54.7239,0.2205
194000000,34,199.61,26.4273,38.496,0.236
195000000,30,168.078,41.2879,31.0035,0.2325
196000000,42,253.425,9.37282,46.7785,0.244
197000000,43,252.014,44.5297,32.7598,0.232
198000000,43,248.572,17.9865,49.2246,0.244
199000000,22,136.513,1.03816,17.9511,0.241
200000000,52,310.031,14.9337,49.8693,0.271
201000000,48,286.853,49.3097,44.8865,0.24
202000000,36,203.129,54.7177,33.8724,0.2185
203000000,41,240.591,8.78431,43.304,0.248333
204000000,25,154.133,13.9199,31.0853,0.239
205000000,53,317.187,26.4389,48.2654,0.2385
206000000,37,208.245,39.0142,32.0846,0.2415
207000000,40,244.643,15.0956,37.9431,0.259
208000000,51,300.62,-2.55233,49.2456,0.27
209000000,59,356.913,41.486,49.6478,0.224
210000000,28,172.818,-6.02721,27.9137,0.2635
211000000,38,220.718,21.002,38.4634,0.244
212000000,39,226.643,44.6908,32.3439,0.2165
213000000,62,374.37,73.3357,62.4065,0.246
214000000,54,326.166,47.3833,53.2928,0.244
215000000,37,217.29,43.1291,31.3829,0.253
216000000,48,281.939,2.35887,51.615,0.267
217000000,30,174.33,67.8129,29.5367,0.2425
218000000,58,349.259,4.41719,66.33,0.2755
219000000,43,254.322,52.2543,39.6913,0.219
220000000,45,276.203,27.7426,50.723,0.227
221000000,49,298.977,18.0868,55.1356,0.242
222000000,40,242.947,32.6947,41.3326,0.244667
223000000,36,227.394,41.0413,33.8361,0.231
224000000,38,234.45,31.4736,37.9687,0.244
225000000,32,192.708,29.9872,24.0667,0.2435
226000000,31,190.208,-15.0791,27.0348,0.254
227000000,51,305.429,16.3534,62.3727,0.257
228000000,51,307.963,42.8804,51.3535,0.242
229000000,46,272.264,43.3226,51.4659,0.265
230000000,37,210.021,-1.34601,39.7216,0.241
231000000,40,247.571,-5.25306,43.7085,0.2585
232000000,73,427.241,29.1981,71.1616,0.267
233000000,26,145.123,14.4163,20.5923,0.239
234000000,63,369.748,9.67595,62.0362,0.2512
235000000,34,204.438,31.955,29.2261,0.236
236000000,32,182.526,21.488,35.8488,0.251
237000000,36,210.484,18.887,37.1862,0.26
238000000,50,289.3,25.6805,44.6696,0.227
239000000,37,222.073,21.639,36.2223,0.2625
240000000,55,318.767,48.2954,54.451,0.262
241000000,36,213.145,31.6198,44.1842,0.232
242000000,63,368.518,9.88986,65.8791,0.254
243000000,39,233.941,50.7398,41.1428,0.2355
244000000,57,343.317,41.0782,69.1076,0.248
245000000,50,297.447,29.138,66.292,0.252
246000000,36,218.844,24.1327,40.9597,0.2455
247000000,38,206.523,37.8704,43.6256,0.26
248000000,19,121.368,-19.0804,22.9723,0.2795
249000000,38,231.57,33.3072,49.4074,0.251
250000000,39,237.639,33.3406,37.2256,0.251
251000000,49,289.834,-5.68475,48.3962,0.2465
252000000,68,392.134,58.4154,58.8688,0.225
253000000,49,294.323,26.4379,44.1262,0.2455
254000000,57,338.18,43.5861,55.9695,0.232
255000000,42,254.995,40.237,42.6965,0.233
256000000,44,255.821,16.6409,56.575,0.24
257000000,53,316.305,13.0528,58.1369,0.264
258000000,34,200.058,2.2132,40.5511,0.253
259000000,35,215.297,3.67428,34.0861,0.2595
260000000,42,245.208,38.0929,31.0894,0.264
261000000,59,353.831,60.1351,53.2722,0.275
262000000,57,323.643,3.85281,56.5952,0.262
263000000,31,178.729,26.6984,38.3976,0.234
264000000,29,163.211,28.844,27.5024,0.2435
265000000,34,201.911,51.506,30.2255,0.2525
266000000,31,187.455,-2.22763,27.3307,0.248
267000000,56,322.497,-9.97252,57.3571,0.2525
268000000,44,264.88,47.862,43.717,0.2325
269000000,40,245.519,44.6636,42.2524,0.2305
270000000,42,250.106,27.5284,40.6668,0.2285
271000000,46,266.943,11.5917,40.5341,0.2595
272000000,53,311.311,42.1827,60.4924,0.242
273000000,41,258.724,0.151322,45.6841,0.2525
274000000,45,260.368,49.1414,47.2,0.228
275000000,40,228.616,8.23018,42.0724,0.246
276000000,26,159.343,13.0678,35.4006,0.25575
277000000,43,254.936,13.9599,30.9463,0.244
278000000,49,276.446,23.3197,60.4089,0.2425
279000000,31,184.848,48.0183,33.5501,0.256
280000000,61,383.056,35.9107,53.3056,0.24
281000000,46,278.325,36.7509,63.5113,0.259
282000000,42,239.538,29.5731,36.2621,0.2455
283000000,63,387.822,46.3747,65.9615,0.24
284000000,46,257.529,46.0223,53.7234,0.2444
285000000,50,284.202,36.9225,49.2587,0.251
286000000,47,282.349,26.5349,57.3316,0.264
287000000,43,260.61,16.8726,28.5353,0.2395
288000000,60,349.506,34.9914,59.7212,0.25
289000000,54,299.897,63.0099,55.6153,0.246
290000000,80,485.373,60.1643,65.9641,0.223
291000000,41,241.505,6.67096,34.7078,0.264778
292000000,65,397.091,51.7056,72.2935,0.2435
293000000,70,429.913,37.7005,72.896,0.249
294000000,36,207.814,51.3832,35.5205,0.239
295000000,46,268.473,33.4859,51.6243,0.2582
296000000,29,167.826,-23.9016,21.5366,0.25175
297000000,25,143.456,37.6634,32.0496,0.2405
298000000,51,309.716,11.2255,56.7032,0.249
299000000,48,288.059,60.2297,47.5918,0.242
300000000,48,277.547,10.5984,40.5439,0.248667
301000000,47,276.265,22.2598,49.7567,0.242
302000000,45,257.343,6.87346,54.1749,0.252
303000000,50,301.794,15.8542,56.4088,0.238
304000000,26,154.075,-8.75953,23.6138,0.252
305000000,54,312.645,24.9601,55.9317,0.246
306000000,59,343.986,14.3669,63.6347,0.258
307000000,70,423.112,15.4851,57.0093,0.274
308000000,43,244.434,30.9999,54.038,0.253
309000000,59,342.379,38.5831,57.5103,0.2575
310000000,48,293.85,36.5102,43.873,0.266
311000000,42,241.138,36.8911,41.2285,0.271
312000000,40,222.894,-9.25477,34.747,0.2605
313000000,43,246.994,21.2603,50.3264,0.272
314000000,22,131.901,51.9093,22.1635,0.221
315000000,28,170.318,15.6631,39.5694,0.2665
316000000,52,321.793,53.3811,53.1354,0.228
317000000,24,135.679,34.8257,28.2116,0.261
318000000,32,191.388,30.2661,23.6439,0.222
319000000,48,278.082,61.5096,44.0734,0.226
320000000,43,257.236,24.4082,34.4359,0.257333
321000000,45,271.617,20.6816,48.9854,0.247
322000000,41,246.896,19.6891,42.0005,0.242
323000000,53,314.52,43.3037,45.9589,0.245
324000000,53,313.772,26.1767,55.3539,0.253
325000000,44,260.31,-3.568,29.67,0.249
326000000,40,235.819,46.9958,54.2831,0.2485
327000000,27,160.791,-14.7208,21.3687,0.250333
328000000,58,349.877,62.0677,67.9185,0.257
329000000,41,234.813,51.015,42.0879,0.2225
330000000,26,155.192,15.4221,35.5919,0.2595
331000000,48,287.867,55.4243,46.9709,0.241
332000000,35,217.766,30.2377,42.197,0.247
333000000,43,252.572,7.8982,38.1235,0.2635
334000000,59,357.979,57.6756,52.4756,0.247
335000000,48,285.076,17.5513,42.5015,0.263
336000000,53,316.475,51.8114,61.6311,0.249
337000000,66,382.151,27.8003,62.7509,0.27
338000000,55,326.571,3.65328,59.7334,0.245
339000000,62,336.311,17.8231,60.0508,0.246
340000000,52,305.653,26.1376,37.403,0.24
341000000,34,213.179,-7.23741,35.1665,0.2585
342000000,61,362.918,93.6889,77.8986,0.232
343000000,61,362.117,33.281,59.6829,0.242
344000000,42,249.127,-18.1791,45.2415,0.277
345000000,44,270.914,42.5361,44.4325,0.243
346000000,56,336.298,20.1613,61.8488,0.2475
347000000,40,242.11,54.0178,37.2108,0.2305
348000000,46,277.973,40.0881,57.9233,0.23
349000000,68,401.956,4.9781,72.826,0.273
350000000,55,340.712,19.5549,73.2651,0.253
351000000,38,231.515,10.5149,49.5429,0.233
352000000,37,217.022,82.1831,36.1558,0.2205
353000000,54,320.489,31.756,57.2447,0.2505
354000000,26,152.126,12.7011,30.9579,0.244
355000000,31,182.166,14.2224,28.6515,0.2485
356000000,85,505.304,56.2043,80.2263,0.228
357000000,29,162.697,29.0924,32.0715,0.235333
358000000,74,452.465,64.2425,74.818,0.224
359000000,59,343.939,39.4785,48.986,0.2415
360000000,28,169.668,25.3587,31.876,0.228
361000000,49,295.447,22.5156,47.6832,0.258
362000000,41,256.317,-27.641,40.3057,0.279
363000000,83,497.075,46.6354,71.2789,0.248
364000000,49,297.967,28.1656,49.7571,0.2585
365000000,47,278.968,6.86503,33.7915,0.253
366000000,51,294.306,18.1837,43.563,0.2615
367000000,22,133.498,8.18486,20.1402,0.248
368000000,57,350.752,56.9368,41.855,0.193
369000000,40,235.291,22.1964,33.3661,0.233
370000000,79,489.071,61.4406,75.9909,0.217
371000000,46,268.907,-1.50513,46.6262,0.272
372000000,75,444.42,10.5551,76.4328,0.246
373000000,50,297.864,13.9506,44.0518,0.233
374000000,63,365.893,9.95581,63.6545,0.27
375000000,35,216.77,55.5914,40.1449,0.226
376000000,37,227.214,8.05796,36.9854,0.261
377000000,52,306.644,7.51035,42.8791,0.2525
378000000,25,156.207,23.6698,33.4629,0.2405
379000000,51,310.122,32.812,39.6997,0.257
380000000,35,204.445,0.472837,47.6145,0.264
381000000,47,284.088,73.2343,41.604,0.2245
382000000,68,410.42,31.4849,61.1152,0.237
383000000,25,151.346,17.1039,27.842,0.255
384000000,35,208.477,18.955,34.6458,0.256
385000000,37,208.188,18.1033,34.5233,0.24
386000000,42,251.131,12.5529,29.2572,0.251
387000000,30,179.348,17.9761,37.3041,0.2545
388000000,38,233.006,27.6527,35.1722,0.2485
389000000,63,372.147,-4.13214,89.3692,0.274
390000000,27,160.073,3.08962,31.4427,0.2525
391000000,33,183.884,31.2399,41.4545,0.2265
392000000,56,327.474,25.5861,48.7793,0.238
393000000,34,190.82,37.9386,36.0728,0.238
394000000,45,273.678,2.87503,37.2353,0.245
395000000,56,333.614,66.57,41.3024,0.241
396000000,71,422.81,72.1369,66.8126,0.223
397000000,43,254.236,29.0115,38.6353,0.251
398000000,31,164.002,9.15205,38.3642,0.2365
399000000,50,285.094,24.8899,55.0827,0.236
400000000,52,312.286,52.0727,49.11,0.255
401000000,30,177.257,33.1536,25.8461,0.241
402000000,32,188.265,18.6876,25.1763,0.244
403000000,80,463.653,47.2912,83.5323,0.251
404000000,54,333.3,68.1345,51.9126,0.239
405000000,53,317.731,16.9274,48.4796,0.2515
406000000,47,285.882,2.33564,50.4601,0.2705
407000000,46,260.423,4.31749,38.0431,0.272
408000000,54,321.296,-12.4643,56.4702,0.2705
409000000,45,264.356,31.2063,41.1227,0.2505
410000000,33,189.168,13.0507,27.8015,0.261
411000000,36,207.188,24.9101,30.2333,0.2445
412000000,38,226.681,46.072,40.2294,0.241
413000000,48,285.086,12.4099,46.4496,0.241
414000000,43,246.17,45.3141,39.5192,0.24
415000000,49,293.686,84.0337,47.7478,0.224
416000000,59,349.163,34.5476,62.4362,0.225
417000000,38,224.491,-0.142659,45.358,0.245
418000000,43,259.142,38.9111,35.4608,0.2335
419000000,34,196.687,8.41923,35.0485,0.2415
420000000,32,194.922,31.7182,22.2734,0.247
421000000,53,310.143,33.9546,47.991,0.25
422000000,71,410.791,55.0905,77.4454,0.2235
423000000,33,196.376,11.7189,24.7069,0.265
424000000,55,325.115,-6.89946,40.9991,0.262
425000000,42,247.612,12.2173,43.7242,0.265
426000000,52,295.801,57.3743,47.6769,0.2325
427000000,28,168.925,23.2139,38.2036,0.238
428000000,47,280.74,11.4946,44.2467,0.261
429000000,39,245.211,35.7903,47.6813,0.2495
430000000,47,284.147,6.90197,41.3445,0.266
431000000,46,271.553,56.9799,49.963,0.2475
432000000,56,346.46,24.0841,66.2805,0.266667
433000000,37,213.711,37.2958,44.4706,0.236
434000000,61,367.485,50.1973,64.2363,0.25
435000000,69,408.506,61.6377,67.9355,0.235
436000000,55,319.367,30.2842,56.9006,0.242
437000000,38,239.238,-11.076,35.4256,0.223
438000000,56,335.715,27.4734,53.8979,0.256667
439000000,45,274.751,55.7292,52.0643,0.2302
440000000,31,195.548,15.1248,32.1626,0.236
441000000,43,256.112,46.5337,40.5905,0.249
442000000,37,221.569,8.92274,36.6598,0.2705
443000000,59,361.305,31.6539,55.6832,0.25
444000000,29,171.467,32.9472,35.4919,0.2535
445000000,36,219.327,25.4033,46.9951,0.2645
446000000,31,188.153,37.6965,34.2148,0.2195
447000000,51,313.642,6.95045,45.2146,0.2475
448000000,54,325.812,40.2199,63.9839,0.257
449000000,38,233.328,41.2886,41.3427,0.245
450000000,54,323.926,70.3466,37.406,0.2225
451000000,42,249.866,0.606197,38.2887,0.27
452000000,47,282.855,41.1336,42.5496,0.2405
453000000,47,288.789,17.4835,46.6863,0.231
454000000,51,289.91,26.4127,56.1725,0.24
455000000,62,351.122,41.1607,60.5781,0.206
456000000,57,338.968,38.7651,55.4556,0.247
457000000,58,361.519,73.9931,57.3488,0.222
458000000,39,232.761,34.472,44.487,0.237667
459000000,50,304.37,28.0909,51.1484,0.265
460000000,51,305.427,18.2554,43.6088,0.2385
461000000,60,371.552,39.1541,62.129,0.242
462000000,42,245.086,47.7296,46.634,0.223
463000000,24,135.345,17.9603,19.4806,0.263
464000000,60,365.293,54.9761,65.1536,0.217
465000000,37,226.338,26.4382,41.7399,0.256
466000000,66,396.119,49.2966,64.5122,0.243
467000000,57,336.703,58.996,67.3221,0.23
468000000,31,171.574,27.8136,36.5328,0.226
469000000,57,361.532,19.6455,50.7587,0.24
470000000,49,279.169,17.8843,54.7621,0.244
471000000,29,169.142,19.2419,28.6548,0.2265
472000000,29,178.288,24.8704,38.9825,0.2455
473000000,37,230.22,11.273,27.902,0.256
474000000,52,309.144,44.9516,50.7476,0.2395
475000000,22,127.978,3.82803,34.1235,0.2625
476000000,49,290.395,56.4161,39.9011,0.222
477000000,34,200.149,3.99235,37.5227,0.243
478000000,40,223.797,32.5199,35.4937,0.236
479000000,32,199.551,-15.2314,34.805,0.263
480000000,21,125.644,31.4154,23.4471,0.2455
481000000,33,204.05,24.9478,28.6243,0.233
482000000,31,178.87,71.9336,28.7426,0.242
483000000,41,239.437,43.6612,46.3029,0.246
484000000,43,249.073,34.3931,39.5683,0.261
485000000,39,227.455,26.7191,30.4225,0.268
486000000,21,115.889,25.8036,25.6372,0.239857
487000000,24,143.785,5.63795,16.9087,0.254667
488000000,49,281.371,42.8484,55.8963,0.258
489000000,20,124.441,3.13966,19.2356,0.258667
490000000,39,242.705,20.0763,54.5405,0.259
491000000,45,264.558,17.2012,39.9229,0.2595
492000000,53,300.763,32.0897,54.1863,0.263
493000000,61,355.212,-11.0849,61.3598,0.269
494000000,51,299.919,25.3039,52.2352,0.224
495000000,24,140.122,16.7992,26.6671,0.239333
496000000,39,228.019,10.8116,32.6532,0.243667
497000000,75,458.251,36.4169,77.9065,0.221
498000000,33,192.072,12.2333,27.5219,0.2535
499000000,55,335.623,39.4608,50.41,0.235
500000000,55,347.022,67.4577,48.3889,0.245
501000000,35,207.046,-5.58979,29.9739,0.2635
502000000,52,305.744,36.3098,60.0931,0.262
503000000,32,193.011,-6.0681,32.9517,0.272
504000000,29,174.72,61.6907,36.2385,0.231
505000000,41,253.488,23.4514,37.9929,0.238
506000000,33,189.893,9.76391,26.5987,0.260667
507000000,37,217.801,22.0863,31.0897,0.2515
508000000,35,200.958,-7.79107,35.0698,0.244
509000000,21,126.307,4.17516,21.8647,0.263
510000000,50,305.917,-1.15682,40.4168,0.2555
511000000,23,136.115,10.8869,22.1923,0.2305
512000000,26,150.945,13.3437,20.9453,0.2455
513000000,38,215.701,4.73535,46.0734,0.246
514000000,72,438.678,34.7834,78.483,0.262
515000000,44,261.821,26.1994,38.5738,0.253
516000000,50,290.78,57.9056,59.5685,0.232
517000000,50,300.482,19.0143,49.3777,0.2555
518000000,53,315.705,-23.1425,71.5788,0.2745
519000000,39,227.704,24.5649,32.6722,0.254
520000000,23,141.183,40.934,22.3825,0.2272
521000000,76,445.511,10.3831,84.0254,0.242
522000000,21,126.016,8.81486,27.7817,0.2495
523000000,16,92.5425,-6.70776,16.2205,0.251
524000000,58,321.02,24.0006,66.0656,0.2425
525000000,25,148.143,-24.5105,28.7613,0.2555
526000000,42,255.525,44.9599,52.8509,0.239
527000000,44,271.163,19.9495,43.7074,0.2365
528000000,58,347.583,24.4136,56.3356,0.251
529000000,51,292.746,15.1972,58.1849,0.2475
530000000,59,347.938,53.8635,61.7261,0.238
531000000,28,167.311,6.5542,32.8245,0.249
532000000,58,349.868,33.3208,59.4306,0.227
533000000,53,319.811,25.1992,57.8013,0.249
534000000,53,304.521,35.7952,53.0781,0.268
535000000,52,309.462,24.5147,48.3227,0.252714
536000000,33,194.636,42.15,27.7953,0.234
537000000,32,186.572,69.2089,26.7027,0.222
538000000,38,227.151,34.5799,33.9925,0.243
539000000,53,306.888,45.6287,55.4022,0.243
540000000,67,410.191,41.3665,70.5156,0.254
541000000,38,223.175,18.6632,28.6223,0.253
542000000,34,202.567,50.2694,32.0388,0.266
543000000,57,343.985,40.65,56.6885,0.239
544000000,32,182.211,-16.6833,38.3046,0.277
545000000,50,290.447,57.9509,54.1363,0.219
546000000,43,252.888,70.8905,41.6741,0.2215
547000000,43,255.608,40.8055,57.1005,0.25
548000000,43,254.629,42.3001,39.1849,0.241667
549000000,46,275.763,20.1956,48.0557,0.249
550000000,31,180.723,16.3413,36.1875,0.2465
551000000,59,354.08,61.8086,45.5935,0.2305
552000000,45,268.29,19.2353,47.1447,0.268
553000000,26,153.992,13.4265,23.5535,0.2535
554000000,50,300.924,41.3716,51.7387,0.245
555000000,63,383.344,40.0163,50.5876,0.245
556000000,41,243.438,23.8399,50.4678,0.2365
557000000,51,301.683,2.17254,52.391,0.2545
558000000,35,211.94,-8.99905,34.9346,0.2485
559000000,67,406.02,78.2893,77.2947,0.248
560000000,41,236.001,-3.31253,39.3533,0.257
561000000,34,200.507,11.7229,27.8756,0.257
562000000,40,232.473,22.4227,40.8199,0.2565
563000000,52,306.424,34.4145,58.919,0.231
564000000,52,293.926,48.6198,51.7187,0.245
565000000,41,225.578,14.7834,39.6605,0.261
566000000,47,280.138,54.1066,63.8521,0.2305
567000000,48,279.682,11.5635,53.2947,0.234
568000000,47,280.868,26.3087,57.8054,0.248
569000000,69,418.493,43.4239,77.9564,0.249
570000000,56,316.739,26.8979,55.3366,0.237
571000000,30,175.172,23.8969,24.029,0.220667
572000000,60,357.594,29.7142,65.8587,0.239
573000000,24,144.548,35.635,25.858,0.2425
574000000,49,300.654,39.4956,54.8626,0.2595
575000000,48,287.277,20.3515,53.7471,0.254
576000000,79,468.755,44.2878,78.5086,0.2415
577000000,36,216.164,46.7603,45.2146,0.2365
578000000,23,133.918,21.3387,26.3966,0.230667
579000000,62,366.617,10.7153,58.2916,0.255333
580000000,39,228.145,37.375,40.033,0.262
581000000,50,307.3,25.3529,55.1943,0.226
582000000,25,149.126,-17.2855,26.5602,0.27225
583000000,61,363.889,59.1094,65.7627,0.244
584000000,66,394.929,14.2306,54.2624,0.277
585000000,49,301.024,-10.7446,42.9084,0.2545
586000000,31,178.809,33.411,32.7864,0.2485
587000000,42,242.719,62.4165,37.7544,0.235
588000000,70,410.132,30.0042,61.7835,0.227
589000000,46,273.892,34.6837,43.4458,0.259
590000000,38,223.972,25.0148,38.3754,0.25
591000000,34,211.283,22.9661,31.0872,0.22
592000000,51,319.114,62.3408,39.4746,0.25
593000000,66,385.415,59.2943,60.9771,0.244
594000000,42,266.659,68.1649,35.6632,0.229
595000000,71,425.017,59.9255,60.466,0.213
596000000,43,252.374,62.9597,46.8885,0.2355
597000000,39,229.239,46.6902,37.4831,0.2265
598000000,28,166.437,33.5424,37.3269,0.2525
599000000,41,243.241,-8.89087,51.8429,0.255
600000000,51,294.509,22.646,41.2745,0.262
601000000,52,302.632,62.9548,46.1466,0.2595
602000000,47,270.544,76.156,46.9451,0.232
603000000,48,300.158,15.9865,46.924,0.2445
604000000,34,213.462,-16.1003,30.8654,0.262
605000000,27,142.927,25.027,23.7365,0.241
606000000,49,277.306,28.2804,59.2624,0.2355
607000000,31,184.118,66.1255,30.8698,0.237857
608000000,49,296.415,43.0635,66.7268,0.235
609000000,34,205.79,34.4367,44.6141,0.232667
610000000,17,99.8266,-12.3048,14.1641,0.253
611000000,42,257.178,63.2749,41.1546,0.217
612000000,37,217.685,16.2756,26.6657,0.269
613000000,44,255.507,2.68192,59.4565,0.241125
614000000,52,294.66,21.049,59.9833,0.238
615000000,49,298.312,13.8041,56.3771,0.232
616000000,84,489.154,66.5598,75.5679,0.22
617000000,62,362.617,41.4999,59.9458,0.258
618000000,34,193.696,7.36105,35.0854,0.265667
619000000,37,198.372,75.367,42.367,0.234
620000000,51,303.152,16.9786,55.8809,0.285
621000000,44,266.475,47.0346,42.0396,0.236
622000000,57,338.202,36.7636,66.7343,0.229667
623000000,40,233.611,42.2329,35.42,0.221
624000000,38,227.286,-11.5131,42.6189,0.256667
625000000,42,249.858,48.8136,37.5609,0.2445
626000000,73,417.025,60.5785,65.0667,0.256
627000000,34,203.242,31.0779,27.2782,0.245333
628000000,41,228.099,72.2452,34.4806,0.223
629000000,48,277.055,64.7046,48.1771,0.2225
630000000,37,217.992,25.8242,37.1893,0.228
631000000,81,486.387,53.4372,88.6616,0.24
632000000,48,286.075,48.6347,45.0906,0.24
633000000,22,131.116,27.076,25.615,0.252333
634000000,43,255.221,45.8985,30.6877,0.266
635000000,58,353.088,57.0665,66.7379,0.237
636000000,45,260.927,31.1907,50.4321,0.226
637000000,46,272.771,-11.5716,54.8026,0.2455
638000000,22,128.566,23.1514,18.345,0.22
639000000,21,119.993,-23.9328,14.3776,0.264
640000000,61,351.232,28.6802,56.809,0.239
641000000,50,299.304,8.56736,45.1229,0.2485
642000000,27,158.766,29.3331,28.0144,0.235667
643000000,46,280.607,62.3194,53.7281,0.2305
644000000,35,209.843,38.5028,26.4472,0.24
645000000,53,312.709,50.4884,44.793,0.232
646000000,60,383.896,43.4553,57.8471,0.226
647000000,17,104.858,14.3432,23.7485,0.252333
648000000,39,231.485,43.6383,45.4096,0.2405
649000000,58,338.856,66.5394,56.5881,0.239
650000000,63,386.234,67.4626,73.6743,0.24
651000000,36,214.346,39.7815,37.2511,0.2525
652000000,48,277.686,31.4089,60.4196,0.25
653000000,33,195.966,17.2466,34.6152,0.248
654000000,22,132.774,-3.77044,24.1857,0.246625
655000000,53,313.093,51.0182,34.1646,0.223
656000000,57,337.955,59.2007,58.4793,0.269
657000000,43,247.737,45.0459,39.2207,0.239
658000000,50,296.176,5.22274,45.7697,0.251
659000000,45,268.828,69.1775,44.9164,0.22
660000000,44,259.92,9.75436,60.6465,0.263
661000000,35,210.933,-12.7613,31.3791,0.271
662000000,65,401.907,56.1481,76.243,0.253
663000000,55,324.841,16.0758,59.3518,0.266
664000000,26,147.18,13.1316,31.2514,0.255
665000000,60,361.631,59.7618,47.6683,0.243
666000000,65,395.923,37.0515,65.7304,0.25
667000000,24,144.235,1.50733,30.5286,0.251
668000000,78,456.111,60.5006,91.0239,0.244
669000000,47,284.347,31.9989,60.0037,0.277
670000000,33,195.853,28.999,34.2629,0.227
671000000,43,242.211,89.8235,43.8097,0.225
672000000,58,342.927,54.3006,62.1307,0.231
673000000,29,175.681,-8.45862,28.0107,0.248667
674000000,45,266.086,74.9256,61.5189,0.235
675000000,46,270.033,25.9219,48.5705,0.259
676000000,32,196.052,41.6301,30.3038,0.2255
677000000,48,294.767,17.4608,56.6536,0.262
678000000,61,361.437,13.3968,65.2501,0.232
679000000,68,410.355,61.0852,73.3259,0.232
680000000,58,357.079,79.1134,61.3276,0.214
681000000,65,386.772,56.4561,69.8185,0.249
682000000,27,158.329,37.8824,23.2674,0.2365
683000000,70,398.914,-13.6195,73.5041,0.28
684000000,58,348.981,44.5463,49.3248,0.2445
685000000,58,334.874,12.7583,68.188,0.2495
686000000,43,249.678,3.06,44.9083,0.251
687000000,41,251.118,24.3696,40.3826,0.254
688000000,47,272.185,59.775,47.3015,0.241
689000000,45,268.683,31.996,49.7182,0.2245
690000000,64,372.762,-0.719064,57.7402,0.261
691000000,41,246.182,30.5034,50.3035,0.238
692000000,59,359.699,58.9025,72.8733,0.2465
693000000,33,187.326,34.0664,33.0134,0.2395
694000000,28,167.754,38.0877,28.3509,0.26
695000000,55,339.32,79.5836,48.4006,0.24
696000000,35,218.743,5.97596,31.8038,0.264
697000000,38,227.105,48.3088,36.8331,0.24
698000000,41,236.765,36.4961,34.2626,0.237
699000000,36,204.557,33.875,38.1594,0.2575
700000000,56,324.472,17.3869,63.5681,0.259
701000000,56,334.409,41.1606,56.5898,0.253
702000000,76,466.761,37.7029,69.5819,0.26
703000000,41,239.507,24.2091,38.8097,0.24
704000000,42,242.502,48.8397,44.5977,0.22
705000000,22,124.621,39.8594,29.2834,0.2075
706000000,55,334.787,81.7999,72.3736,0.23
707000000,39,241.845,32.8089,35.5151,0.2575
708000000,40,232.053,48.9289,45.2401,0.257
709000000,49,297.742,12.4966,46.8616,0.268
710000000,58,354.551,-0.153497,57.7808,0.268
711000000,56,337.61,6.76791,52.0282,0.256
712000000,54,325.586,42.8569,58.2216,0.228
713000000,24,133.468,53.669,16.6896,0.2205
714000000,46,280.916,-0.0944094,59.0827,0.243
715000000,74,422.326,50.4786,68.9118,0.233
716000000,44,264.917,61.7274,48.9342,0.2285
717000000,53,323.44,25.0112,61.1901,0.239
718000000,49,286.804,51.7127,43.4733,0.2285
719000000,40,236.687,25.0305,41.1386,0.2325
720000000,49,281.17,26.7198,49.6967,0.265
721000000,43,258.425,16.3206,41.4274,0.255
722000000,34,209.816,48.0203,30.2783,0.242
723000000,46,273.302,33.3578,33.1317,0.2315
724000000,30,184.723,40.4729,31.5557,0.2405
725000000,39,231.309,8.18073,42.5355,0.261
726000000,43,256.91,55.4766,41.4159,0.222
727000000,34,198.409,66.151,39.807,0.238
728000000,63,365.864,57.605,44.2334,0.228
729000000,57,335.685,56.7864,64.5708,0.231
730000000,55,330.214,34.4165,77.6754,0.261
731000000,46,275.744,64.3526,49.9988,0.26
732000000,46,277.154,17.7625,30.5022,0.25575
733000000,60,362.843,12.6427,55.3028,0.243
734000000,27,152.732,0.0119067,37.6663,0.23725
735000000,35,215.986,48.5113,35.2942,0.245444
736000000,33,182.34,19.5892,39.7556,0.242
737000000,55,324.691,29.7593,71.3945,0.224
738000000,22,126.538,11.0538,29.309,0.2315
739000000,39,231.42,19.5116,31.9408,0.26625
740000000,54,321.151,41.87,48.3354,0.234
741000000,49,269.692,-8.89518,48.0388,0.259667
742000000,44,263.606,-3.573,58.9002,0.249
743000000,31,185.945,16.8258,33.4448,0.234
744000000,40,236.641,46.2987,29.1075,0.239
745000000,56,331.876,-16.2549,43.0103,0.2675
746000000,49,292.991,20.0504,52.1991,0.254
747000000,45,279.32,54.9862,48.0308,0.2455
748000000,46,267.856,-7.8503,45.2647,0.2625
749000000,51,308.96,21.8527,37.6634,0.2495
750000000,62,376.06,18.2817,57.9232,0.248
751000000,21,124.24,-50.1997,25.4184,0.28125
752000000,59,359.555,43.1732,78.1014,0.226
753000000,47,282.296,27.3589,47.2626,0.239
754000000,54,322.385,73.7413,44.0885,0.234
755000000,30,179.821,55.9342,26.9299,0.23
756000000,48,293.388,57.0988,41.1604,0.239
757000000,61,346.842,18.9238,61.1827,0.251
758000000,43,258.561,37.7801,40.3068,0.259
759000000,73,436.531,79.1895,62.1191,0.229
760000000,35,215.366,33.4857,32.8229,0.2695
761000000,49,291.654,39.3684,53.5834,0.2525
762000000,55,337.547,14.6732,50.5259,0.274
763000000,20,121.955,17.6145,26.053,0.2575
764000000,38,215.111,34.2209,43.939,0.2435
765000000,31,185.038,20.6061,29.9234,0.242
766000000,45,271.664,22.0817,48.1862,0.246
767000000,39,221.434,51.6515,44.296,0.232
768000000,35,208.221,-40.2486,36.6258,0.283667
769000000,41,235.155,35.4045,37.1185,0.234
770000000,42,256.892,16.4752,36.9944,0.256
771000000,24,136.439,25.7578,18.1968,0.226
772000000,40,241.409,42.8686,36.9319,0.2405
773000000,59,350.749,-2.38829,52.2295,0.275
774000000,42,260.663,40.2497,47.4232,0.253
775000000,50,290.359,11.1751,54.1857,0.238
776000000,18,106.092,35.1606,18.6236,0.2632
777000000,43,267.598,17.8885,43.6373,0.251
778000000,68,401.911,28.2504,57.3839,0.257
779000000,22,130.457,-32.3557,21.6831,0.2615
780000000,52,327.622,39.021,50.478,0.232
781000000,30,179.444,23.4138,27.5804,0.2575
782000000,74,440.377,22.7811,71.8143,0.256
783000000,30,165.609,44.0854,25.1833,0.239
784000000,45,261.44,13.17,45.8136,0.2425
785000000,28,167.916,35.22,32.1645,0.2405
786000000,40,230.866,8.34294,42.3526,0.236
787000000,57,336.173,38.5473,53.6039,0.241
788000000,31,185.338,20.1843,46.7129,0.245333
789000000,38,234.407,36.037,29.7719,0.241
790000000,43,259.421,45.7922,43.4218,0.238
791000000,37,224.84,19.1236,40.1105,0.254667
792000000,60,353.565,9.9572,60.3887,0.287
793000000,25,150.361,35.9032,29.3533,0.241
794000000,46,278.986,12.468,53.7127,0.241
795000000,49,292.715,44.8508,52.4735,0.239
796000000,48,279.948,11.2302,49.5608,0.236
797000000,26,158.225,-18.6004,25.3701,0.262
798000000,40,221.984,44.1484,41.2904,0.2325
799000000,37,202.027,49.6227,45.0452,0.2465
800000000,35,213.915,-0.156234,43.5879,0.2475
801000000,59,349.956,26.8201,44.3677,0.2485
802000000,61,356.241,-2.83765,56.1207,0.28
803000000,57,332.658,57.367,56.1407,0.222
804000000,31,186.772,47.5011,28.89,0.2375
805000000,82,479.408,42.8601,104.834,0.257
806000000,56,341.764,6.89559,68.1068,0.269
807000000,46,273.196,53.0815,35.355,0.244
808000000,43,264.601,47.6074,48.5083,0.2685
809000000,36,215.911,31.263,40.9879,0.263
810000000,44,263.058,-0.123282,45.3347,0.26925
811000000,23,128.9,-13.8898,24.1183,0.27475
812000000,54,320.264,75.486,52.1372,0.244667
813000000,30,180.257,19.4109,32.6426,0.2445
814000000,34,191.078,25.2669,38.8179,0.2445
815000000,36,215.28,11.9929,39.1912,0.25
816000000,44,251.369,52.8467,56.2484,0.245
817000000,37,210.596,44.4168,49.2787,0.2335
818000000,60,359.696,39.7951,59.0399,0.227
819000000,71,433.164,73.4657,72.2836,0.221
820000000,62,385.53,17.1446,73.8097,0.263
821000000,26,148.893,16.8387,22.8027,0.2625
822000000,37,216.193,32.4217,41.8845,0.25
823000000,25,145.574,32.9591,22.1543,0.235
824000000,78,461.98,48.8463,81.6485,0.27
825000000,53,298.023,17.7846,45.9132,0.243
826000000,47,277.897,4.45139,41.8033,0.2495
827000000,57,339.593,26.1241,54.6532,0.243
828000000,41,241.732,27.6172,38.9614,0.26
829000000,49,294.454,33.165,56.3843,0.242
830000000,39,222.581,6.32145,37.4042,0.2445
831000000,57,346.922,-31.7054,45.2935,0.296
832000000,37,224.758,23.8307,42.9009,0.2555
833000000,26,149.854,18.4136,28.5407,0.236
834000000,52,295.303,39.9838,56.0794,0.258
835000000,37,217.819,9.66746,37.8865,0.2335
836000000,30,182.012,26.5842,31.4932,0.24
837000000,53,318.127,4.88495,47.4359,0.256
838000000,40,238.326,52.2603,25.0365,0.2325
839000000,60,343.155,62.3228,64.8261,0.225
840000000,50,291.744,37.426,47.991,0.248
841000000,45,256.44,35.5475,38.6214,0.2475
842000000,68,413.213,3.49021,61.9151,0.2675
843000000,29,178.008,-19.5199,31.0542,0.2748
844000000,29,165.463,19.6833,22.6136,0.2395
845000000,34,199.565,27.1253,30.6127,0.2435
846000000,66,383.813,15.6127,65.7296,0.259
847000000,44,267.667,56.0965,46.0074,0.247
848000000,54,338.606,4.25412,66.7542,0.239
849000000,52,312.52,38.1752,52.492,0.23
850000000,81,494.933,3.57234,85.0724,0.274
851000000,28,160.107,43.7721,29.8666,0.250667
852000000,69,401.277,-1.14096,68.8678,0.251
853000000,35,208.945,43.7464,41.1309,0.23
854000000,36,214.242,1.66063,42.5541,0.2535
855000000,56,338.261,41.6068,52.6913,0.226
856000000,60,351.374,26.847,60.2651,0.246
857000000,77,451.737,7.4129,66.4802,0.2605
858000000,50,308.581,60.0212,45.3202,0.22
859000000,59,351.074,63.1965,58.12,0.2265
860000000,44,271.538,-10.3209,37.9917,0.2655
861000000,53,319.988,16.9861,56.1857,0.252
862000000,31,179.668,5.44476,36.3876,0.2495
863000000,32,193.033,3.13358,43.9427,0.246
864000000,61,369.164,63.5473,50.9281,0.24
865000000,32,180.596,35.8499,39.0222,0.232
866000000,40,228.498,23.0684,45.5477,0.2665
867000000,94,559.408,22.6311,94.6171,0.244
868000000,59,352.129,34.2666,58.9307,0.251
869000000,32,183.979,39.7963,36.5372,0.2325
870000000,52,309.699,51.1771,52.4696,0.277
