generation,N_shifts,logPrior,logLik,eventRate,acceptRate
0,0,-7.33783,-794.583,200,1
1000000,34,206.628,38.9355,29.7975,0.254
2000000,33,196.086,10.2967,38.711,0.2715
3000000,64,376.994,-2.0612,75.3912,0.2535
4000000,39,238.848,40.4424,45.5295,0.231
5000000,44,270.58,55.4343,34.3713,0.246
6000000,40,232.806,18.4527,41.4988,0.2584
7000000,52,317.354,63.0006,40.7778,0.2335
8000000,44,253.881,42.6686,41.4281,0.23
9000000,31,178.407,33.4834,38.1942,0.261
10000000,66,394.236,26.05,66.0654,0.26
11000000,38,219.449,-8.88401,48.5096,0.2475
12000000,33,202.005,-3.08107,43.7257,0.2785
13000000,31,190.54,-15.007,28.1706,0.251
14000000,54,329.96,40.2205,61.6966,0.23
15000000,36,221.005,37.6903,52.8593,0.263
16000000,30,184.75,23.4981,26.7977,0.217
17000000,37,213.909,-19.3021,35.9274,0.238
18000000,27,163.561,-4.47034,31.681,0.268
19000000,20,108.946,-7.89687,19.5491,0.2375
20000000,43,256.675,44.9146,39.9856,0.247
21000000,34,212.074,26.5341,30.3524,0.2475
22000000,64,388.153,34.4231,64.9968,0.239
23000000,37,206.344,21.3048,31.6929,0.250333
24000000,38,233.345,38.2693,41.9331,0.243
25000000,27,169.116,46.5584,36.1437,0.262
26000000,38,229.454,39.4889,37.477,0.2525
27000000,69,416.907,38.4118,65.1189,0.226
28000000,13,81.543,24.849,12.7266,0.2525
29000000,67,395.87,36.8027,58.3331,0.239
30000000,60,367.064,26.7281,54.5789,0.246
31000000,68,413.263,21.7623,48.7327,0.272
32000000,37,226.425,-7.25296,36.9638,0.2565
33000000,38,229.055,39.1444,32.8053,0.252
34000000,87,503.122,35.2845,86.4825,0.247
35000000,50,300.477,12.3946,51.7971,0.264
36000000,44,255.825,44.0193,47.1446,0.209
37000000,55,316.351,2.62001,69.5683,0.266
38000000,34,214.745,33.9058,31.1951,0.257
39000000,24,140.587,24.8609,21.9941,0.234
40000000,49,294.058,9.39102,42.0057,0.251
41000000,10,63.2229,-14.659,11.0525,0.254
42000000,40,248.841,-12.1461,39.9387,0.263
43000000,44,276.699,37.9078,38.2693,0.24
44000000,47,286.334,25.1904,58.0247,0.2255
45000000,35,214.419,-3.54361,31.5031,0.241
46000000,33,200.639,37.8284,33.8884,0.2195
47000000,31,175.473,49.6696,39.9573,0.2515
48000000,37,214.691,5.18677,43.1701,0.257667
49000000,40,233.007,8.62357,45.7662,0.2705
50000000,32,192.545,50.0262,26.0246,0.238
51000000,12,71.1713,11.8635,15.2973,0.234
52000000,36,208.519,14.9391,42.4942,0.245667
53000000,37,216.06,17.6907,38.6457,0.247667
54000000,38,233.282,-5.44732,45.0191,0.289
55000000,66,389.56,6.0179,66.3887,0.245
56000000,70,418.939,34.1248,78.4745,0.249
57000000,66,401.295,1.59107,75.3742,0.27
58000000,59,349.309,7.58471,67.6888,0.274
59000000,59,355.962,12.1049,54.9677,0.245
60000000,61,368.292,15.6339,55.6435,0.255
61000000,47,287.41,28.2118,56.6441,0.229
62000000,30,174.849,19.4434,17.8853,0.2515
63000000,91,535.501,7.50367,82.9953,0.256
64000000,65,390.584,14.3628,74.6406,0.274
65000000,27,165.799,-7.51952,24.3301,0.2535
66000000,37,215.623,20.4293,32.8758,0.2315
67000000,42,254.355,-8.92144,33.6783,0.244
68000000,18,106.766,33.0798,30.1015,0.23275
69000000,37,225.907,34.3237,30.1884,0.235
70000000,39,237.291,-0.317443,48.9051,0.257
71000000,20,122.492,-9.91648,20.0655,0.263
72000000,46,266.684,46.4446,44.2917,0.223
73000000,29,175.809,10.6658,36.6459,0.2565
74000000,24,143.842,8.34517,20.2834,0.2535
75000000,41,250.105,-11.5893,33.5025,0.281
76000000,26,152.014,-12.7711,22.1513,0.2576
77000000,42,245.48,67.0885,53.599,0.235
78000000,52,328.999,10.5192,54.0492,0.252
79000000,33,204.059,7.04424,30.2122,0.23
80000000,66,366.667,13.0835,67.7403,0.248
81000000,29,173.169,16.215,25.5042,0.263
82000000,48,282.291,19.3793,49.9875,0.236
83000000,45,260.578,34.3967,47.3439,0.242
84000000,39,231.474,31.706,42.0394,0.252
85000000,23,135.318,-4.73529,23.8684,0.2415
86000000,37,216.645,18.0322,41.0571,0.2395
87000000,35,210.55,9.41462,34.1119,0.236
88000000,17,101.392,0.986481,19.3227,0.2435
89000000,28,163.824,0.575584,35.1862,0.258
90000000,41,230.544,42.4423,42.1841,0.236
91000000,67,386.987,26.6853,71.209,0.275
92000000,50,301.192,48.7862,50.0565,0.228
93000000,22,133.564,23.6964,33.7538,0.236
94000000,39,233.244,-1.46895,44.523,0.26
95000000,41,247.713,37.8282,52.6717,0.2475
96000000,44,247.979,-2.85935,35.3027,0.26
97000000,13,65.7041,-0.712106,12.3507,0.2435
98000000,63,383.887,26.8727,77.8817,0.2295
99000000,42,259.792,-27.5581,49.4394,0.273
100000000,33,195.815,-17.6315,32.8563,0.25
101000000,40,239.297,29.4312,50.1426,0.257
102000000,59,346.574,43.519,69.0536,0.23
103000000,45,272.802,64.6224,56.4362,0.25
104000000,39,239.094,13.9032,44.5754,0.258
105000000,32,193.735,23.4631,29.7436,0.267667
106000000,41,255.23,26.9015,40.0199,0.256
107000000,39,238.798,38.753,25.7537,0.2215
108000000,58,331.875,1.12692,50.5761,0.26
109000000,47,275.703,33.8842,44.0255,0.245
110000000,47,291.172,28.5177,54.6199,0.2555
111000000,43,244.641,42.0429,50.7075,0.235
112000000,42,248.037,34.5224,51.3931,0.267
113000000,47,282.789,47.369,41.8652,0.2235
114000000,22,131.648,18.9326,31.8162,0.2515
115000000,27,159.274,9.99421,27.0255,0.254
116000000,49,301.103,-10.9383,53.8949,0.259
117000000,51,313.741,28.112,55.7654,0.225
118000000,37,219.591,3.04085,36.0178,0.249
119000000,52,303.464,16.9377,50.0897,0.245
120000000,58,350.16,-14.7747,41.1918,0.275
121000000,48,296.556,38.4067,45.8961,0.246
122000000,37,223.086,47.4963,38.1959,0.233
123000000,38,227.638,37.6748,41.7011,0.251
124000000,44,263.608,22.1773,45.4339,0.244
125000000,46,289.047,53.7586,50.6872,0.242
126000000,41,242.658,46.8386,46.4082,0.22
127000000,21,129.804,27.9811,25.2404,0.229
128000000,67,399.61,35.2539,61.2282,0.251
129000000,27,155.191,47.9965,35.6139,0.2175
130000000,53,318.674,-7.50257,59.5567,0.2695
131000000,56,351.905,74.2659,57.9659,0.2365
132000000,39,233.662,39.3864,43.9026,0.233
133000000,15,86.9636,-20.6492,17.8026,0.26
134000000,54,308.05,48.5513,70.0687,0.261
135000000,50,298.106,30.1248,50.6108,0.240333
136000000,37,212.905,40.1539,43.8382,0.256
137000000,31,177.515,19.8835,31.5798,0.2455
138000000,26,164.599,-11.5505,26.8212,0.258333
139000000,56,342.502,45.6303,60.6028,0.26
140000000,48,284.384,33.5703,46.8068,0.2455
141000000,23,136.185,32.1972,21.5953,0.278
142000000,42,246.467,56.6973,48.9652,0.21
143000000,49,297.109,52.2569,41.9012,0.273
144000000,65,403.947,-8.48513,58.6269,0.2845
145000000,45,264.101,66.3038,43.6109,0.219
146000000,22,128.225,20.0128,24.7176,0.2135
147000000,48,259.942,8.26753,45.8133,0.25
148000000,56,341.709,44.864,54.0846,0.235
149000000,45,268.421,25.1726,40.0752,0.2385
150000000,41,237.579,44.7005,49.3,0.242
151000000,35,204.957,11.1367,32.5945,0.2545
152000000,63,374.615,12.2714,60.9057,0.242
153000000,50,300.932,46.0754,50.101,0.2215
154000000,52,309.863,11.559,51.4781,0.251
155000000,25,139.579,0.129974,34.2196,0.253
156000000,19,114.188,22.949,21.7778,0.266
157000000,40,246.923,-12.3283,32.4086,0.258
158000000,38,216.626,-4.00182,48.3547,0.273
159000000,43,254.723,46.3055,42.0323,0.241
160000000,30,179.158,22.8462,46.9334,0.24875
161000000,49,298.132,62.9188,46.5115,0.237
162000000,58,339.461,30.2936,57.2146,0.2425
163000000,51,299.818,48.5508,45.1089,0.2515
164000000,59,354.978,-21.0588,66.7187,0.271
165000000,52,316.059,17.9689,65.934,0.261
166000000,52,304.074,37.1848,47.3274,0.287
167000000,45,269.757,1.48158,44.6386,0.2755
168000000,55,336.826,-1.32162,55.6218,0.255
169000000,63,383.674,-24.501,62.6274,0.276
170000000,52,299.165,38.2033,62.7505,0.274
171000000,31,185.624,13.4667,28.6537,0.2435
172000000,37,220.064,35.1234,39.9289,0.2535
173000000,36,216.317,7.14991,35.8075,0.251
174000000,38,221.156,29.5902,40.1794,0.2355
175000000,34,210.431,22.88,37.8328,0.256
176000000,39,224.623,44.2801,38.9376,0.219667
177000000,33,193.864,-14.4737,33.4024,0.24675
178000000,52,318.794,9.97623,46.3301,0.2615
179000000,54,323.184,45.7882,46.7307,0.253
180000000,49,281.027,43.8429,48.2752,0.259
181000000,49,282.139,39.6822,43.7466,0.215
182000000,57,345.503,-16.5276,45.3713,0.265
183000000,49,296.334,-8.42979,47.1615,0.27
184000000,48,278.296,43.8467,43.5158,0.2455
185000000,37,224.646,17.8131,34.3005,0.243
186000000,50,296.829,-16.0166,54.0548,0.263
187000000,39,228.396,31.2834,33.3704,0.2655
188000000,22,128.703,-14.614,24.0368,0.249333
189000000,42,244.19,12.6896,31.0115,0.2415
190000000,33,189.518,57.4462,30.1948,0.239
191000000,38,221.03,20.8912,38.9054,0.235
192000000,37,231.795,45.8532,37.7694,0.233
193000000,30,182.068,10.914,39.7568,0.255
194000000,43,251.444,26.1313,47.361,0.249
195000000,44,259.306,25.8731,51.9769,0.262
196000000,37,214.071,29.6847,59.5552,0.2605
197000000,61,376.409,14.558,59.006,0.2605
198000000,51,299.236,24.1937,36.7902,0.244
199000000,33,208.385,16.8587,26.5553,0.256
200000000,43,250.66,41.6684,52.9995,0.23375
201000000,32,191.005,-11.6821,31.1303,0.2585
202000000,47,282.268,16.8723,39.359,0.258
203000000,48,290.69,20.892,61.4607,0.262333
204000000,44,274.205,18.062,36.991,0.2665
205000000,60,361.687,-48.5824,56.0043,0.268
206000000,37,226.313,20.51,32.5166,0.253
207000000,46,270.177,-3.21326,49.2146,0.244
208000000,29,175.464,18.9961,34.4519,0.226
209000000,37,231.242,2.45531,45.3572,0.271
210000000,28,163.025,3.0918,28.0634,0.2675
211000000,41,250.428,-4.60669,37.7515,0.264
212000000,23,147.076,16.2441,13.0555,0.2485
213000000,34,199.132,-2.79232,39.958,0.2585
214000000,49,275.149,18.9537,42.4873,0.258
215000000,65,383.977,-0.151974,66.75,0.221
216000000,31,172.628,28.0417,23.9791,0.253333
217000000,42,251.095,38.6599,37.2782,0.240667
218000000,37,223.22,27.9248,34.4993,0.251143
219000000,42,245.298,2.35174,45.3149,0.245
220000000,33,183.094,5.02062,34.4841,0.2375
221000000,18,93.9692,20.9722,16.7206,0.2325
222000000,30,178.965,16.7388,35.1064,0.256
223000000,30,181.14,-24.5887,23.2891,0.247
224000000,32,193.66,16.1891,37.2726,0.23
225000000,15,85.3107,12.3661,12.8978,0.23175
226000000,39,239.187,-26.3755,43.7477,0.2455
227000000,31,179.187,-52.5832,29.8501,0.278
228000000,41,250.48,32.8883,37.6377,0.2325
229000000,27,163.433,-1.47536,30.4475,0.241
230000000,54,331.281,60.654,62.0011,0.247
231000000,60,353.633,20.9545,55.6457,0.272
232000000,27,166.437,9.56978,28.1281,0.2635
233000000,40,240.758,13.6445,41.0418,0.246
234000000,71,436.516,52.7624,75.9647,0.236
235000000,62,377.827,20.2247,79.3889,0.2515
236000000,25,149.644,15.5779,33.1368,0.255167
237000000,20,113.064,-5.03218,24.3221,0.251
238000000,40,238.765,7.94863,41.8326,0.25
239000000,33,206.323,40.9309,41.4403,0.2395
240000000,77,456.052,9.05238,76.2764,0.243
241000000,65,402.188,-5.53125,70.5256,0.268
242000000,40,238.128,16.5533,39.2114,0.2445
243000000,44,276.494,37.3705,42.6389,0.241
244000000,49,302.227,-0.481984,47.1431,0.273
245000000,83,500.539,36.4387,85.2095,0.267
246000000,41,251.016,45.6229,32.9872,0.2205
247000000,56,332.35,41.8309,59.8711,0.227
248000000,23,142.961,24.3216,21.6994,0.239333
249000000,45,267.103,36.4168,39.4831,0.228
250000000,16,94.6564,2.67171,20.8859,0.242
251000000,26,146.091,33.4952,38.8484,0.24
252000000,44,266.094,15.3206,41.1746,0.2465
253000000,43,241.618,10.6683,57.5785,0.245
254000000,21,117.081,46.4,26.0888,0.238
255000000,17,108.692,-17.6983,22.0516,0.27
256000000,23,134.652,0.956635,22.78,0.271
257000000,66,390.742,50.417,58.8908,0.236
258000000,39,223.904,23.8222,42.1468,0.249
259000000,33,199.005,2.02693,42.1498,0.2715
260000000,29,164.482,16.8066,28.8767,0.2335
261000000,86,514.14,58.4116,106.768,0.227
262000000,54,316.886,1.3249,51.9679,0.273
263000000,39,233.486,47.1542,41.2093,0.255
264000000,37,219.107,43.7875,48.4821,0.227
265000000,34,204.907,5.98015,27.7896,0.252
266000000,18,105.237,-11.5644,11.4551,0.253333
267000000,55,329.747,42.9712,78.538,0.246
268000000,61,374.306,35.6429,68.9315,0.253
269000000,33,203.093,19.4546,35.859,0.2405
270000000,48,282.231,-8.27346,59.0276,0.2655
271000000,30,184.652,15.3235,25.05,0.242
272000000,71,432.704,32.1921,65.7184,0.276
273000000,33,193.974,12.4641,25.4197,0.253
274000000,65,376.514,62.4577,59.9152,0.251
275000000,75,444.432,49.0487,76.1599,0.235
276000000,39,228.351,45.0306,36.3777,0.25
277000000,32,193.004,4.31575,34.2878,0.2545
278000000,42,241.362,46.0109,48.086,0.237
279000000,31,189.951,48.6984,34.4808,0.218
280000000,62,366.286,23.8509,68.2987,0.243
281000000,78,452.685,36.6323,70.1507,0.239
282000000,41,244.739,19.7382,40.3458,0.231667
283000000,20,116.869,-21.0063,13.2299,0.2705
284000000,39,235.792,38.4855,42.4561,0.2185
285000000,43,259.07,2.23259,38.4353,0.258
286000000,20,116.857,-26.4962,23.6154,0.252
287000000,28,166.896,50.3139,29.612,0.235
288000000,34,215.23,36.5086,40.0991,0.2425
289000000,53,320.379,38.5235,54.9751,0.23
290000000,41,252.748,-21.4812,39.9502,0.260889
291000000,33,193.384,5.32345,30.7894,0.253
292000000,43,249.989,36.5783,49.1501,0.239
293000000,51,302.092,36.3668,53.4623,0.27
294000000,20,118.281,10.4336,19.7928,0.2455
295000000,39,214.673,12.3574,33.299,0.23575
296000000,38,231.834,25.171,40.4258,0.2445
297000000,33,202.925,14.6122,36.6203,0.2525
298000000,54,310.942,42.1142,56.9236,0.242
299000000,37,222.452,35.9209,48.3681,0.2505
300000000,45,261.041,12.7417,49.3283,0.254
301000000,54,327.974,5.79734,57.8386,0.2715
302000000,46,257.285,-9.0904,42.0474,0.2615
303000000,33,189.796,18.2718,30.2809,0.254
304000000,44,257.327,3.74238,53.4627,0.2485
305000000,28,158.584,-1.23747,20.8931,0.25
306000000,59,362.731,40.5757,70.5971,0.258
307000000,72,440.486,36.4391,73.6778,0.243
308000000,63,390.607,2.45259,60.2442,0.268
309000000,46,276.39,42.6489,50.3398,0.239
310000000,37,222.141,22.5613,34.9371,0.232
311000000,48,285.453,-22.5883,43.9984,0.27
312000000,60,358.207,61.4451,69.0274,0.219
313000000,22,134.202,46.558,22.6781,0.227
314000000,39,236.171,47.7299,31.2216,0.242
315000000,47,276.714,19.0641,46.4819,0.245
316000000,46,263.423,1.15596,49.4119,0.249333
317000000,33,190.868,7.57099,32.5106,0.2505
318000000,43,255.882,12.4616,38.4257,0.264
319000000,43,258.398,18.4629,55.7141,0.2515
320000000,33,195.052,53.6481,37.5487,0.235
321000000,27,158.186,7.44893,28.1575,0.245
322000000,46,280.227,34.7365,54.0275,0.2705
323000000,72,425.698,48.8578,65.1819,0.244
324000000,23,137.877,10.3445,23.1627,0.239
325000000,36,220.43,39.7666,32.8474,0.218
326000000,55,338.075,11.4191,62.5343,0.245
327000000,81,479.685,75.0274,78.1085,0.217
328000000,21,126.826,22.2204,22.8404,0.2535
329000000,33,197.865,1.60334,21.6958,0.25
330000000,47,270.657,22.5415,48.6384,0.275
331000000,21,119.167,-10.5883,20.1566,0.257
332000000,61,367.075,28.001,55.9192,0.247
333000000,70,400.585,26.1837,73.134,0.226
334000000,31,193.484,19.604,28.9931,0.2535
335000000,72,449.925,45.8473,70.527,0.238
336000000,37,234.599,23.0552,33.0468,0.236
337000000,51,310.479,62.992,57.3571,0.26
338000000,50,300.064,15.0899,47.9964,0.237
339000000,35,191.385,46.1243,27.6595,0.238
340000000,58,342.582,22.6563,53.8785,0.239
341000000,39,232.544,14.6265,44.3231,0.2485
342000000,44,265.286,14.6378,30.6878,0.250125
343000000,34,195.708,15.9919,29.507,0.246
344000000,54,341.023,53.04,51.2943,0.258
345000000,29,168.876,3.96022,18.9055,0.251
346000000,40,233.907,31.2247,51.52,0.2475
347000000,38,231.805,48.0478,23.2639,0.212
348000000,93,546.456,5.01714,90.7231,0.239
349000000,59,352.636,-14.144,50.6101,0.2625
350000000,28,167.475,21.6444,37.0418,0.252
351000000,39,219.459,42.8454,41.6379,0.234
352000000,37,218.312,28.1537,38.54,0.2345
353000000,33,196.984,23.3613,29.6645,0.265
354000000,40,241.127,32.8029,40.746,0.251
355000000,24,131.418,29.0515,20.3989,0.251
356000000,39,208.835,29.6335,36.5212,0.252
357000000,44,275.394,51.2018,44.7777,0.237
358000000,42,246.47,-5.3952,40.9138,0.245
359000000,54,319.667,59.7187,65.9133,0.235
360000000,36,222.46,-15.0473,30.4485,0.266
361000000,29,171.625,13.1383,31.921,0.2485
362000000,39,228.571,22.4849,41.3305,0.246
363000000,29,183.713,-8.3891,28.238,0.263
364000000,54,337.21,45.352,50.4074,0.2285
365000000,71,433.466,40.8688,76.2964,0.269
366000000,43,255.952,3.55532,39.1148,0.2556
367000000,48,279.495,31.3051,50.9251,0.228
368000000,51,305.252,50.5168,46.093,0.213
369000000,28,164.162,45.6727,27.8068,0.2315
370000000,43,263.608,15.1968,51.4582,0.258
371000000,24,149.101,-29.9121,19.8626,0.2645
372000000,25,152.204,13.6609,25.0521,0.257333
373000000,42,251.357,22.2525,44.2756,0.259
374000000,25,145.645,57.2902,27.5066,0.2375
375000000,31,188.217,26.4984,44.4951,0.255
376000000,36,209.069,2.75408,36.8615,0.2605
377000000,29,172.252,35.2529,33.823,0.2545
378000000,38,221.187,-30.9423,45.1563,0.259
379000000,54,327.543,50.0063,57.1496,0.245
380000000,44,273.024,54.0306,47.8508,0.221
381000000,33,199.459,49.3494,24.3283,0.235
382000000,66,378.637,71.6268,58.8519,0.216
383000000,36,214.026,38.9418,42.7949,0.235
384000000,17,107.04,-6.05412,22.372,0.2496
385000000,55,333.027,27.0985,70.6988,0.255
386000000,21,129.246,25.1148,27.4276,0.247
387000000,40,246.176,33.7054,43.6482,0.255
388000000,25,145.596,20.9871,19.1554,0.244
389000000,65,382.225,16.7659,76.5246,0.21
390000000,47,281.676,10.5021,41.0436,0.241
391000000,48,276.417,51.8326,50.8915,0.236
392000000,40,254.562,28.8164,34.7642,0.235
393000000,53,315.26,-4.40936,47.8257,0.254
394000000,36,220.733,35.9094,35.0843,0.231
395000000,37,229.497,20.3489,36.6173,0.223
396000000,41,247.451,44.3988,40.9039,0.214
397000000,46,278.595,31.3286,37.1078,0.2225
398000000,46,284.388,10.2892,43.9899,0.272
399000000,32,198.473,59.498,38.6514,0.222
400000000,54,338.078,26.6527,64.9553,0.223
401000000,32,195.163,49.3818,38.2978,0.235
402000000,17,90.4848,-0.435498,15.5941,0.237
403000000,33,197.19,16.4458,33.0575,0.24
404000000,33,186.185,39.2524,34.79,0.257
405000000,41,236.182,34.2161,50.4133,0.248
406000000,52,312.62,35.0569,56.4126,0.236
407000000,61,360.51,32.4501,69.6979,0.239
408000000,53,314.935,22.4658,56.6092,0.268
409000000,34,202.656,18.6295,46.8071,0.245812
410000000,53,311.667,18.5715,64.0166,0.265
411000000,50,293.933,34.0371,49.9968,0.2495
412000000,43,258.085,28.6813,47.7085,0.248333
413000000,65,384.279,6.46826,53.8123,0.2425
414000000,33,195.847,10.1529,31.7289,0.2455
415000000,22,131.995,9.38192,23.3367,0.246
416000000,35,185.596,37.4664,36.165,0.2225
417000000,27,165.929,-41.3613,32.6639,0.266714
418000000,94,567.446,33.4505,95.4,0.235
419000000,45,261.307,27.4833,54.384,0.246
420000000,21,127.871,23.527,18.4771,0.229
421000000,33,202.794,26.2094,33.5185,0.229
422000000,63,372.851,31.7076,71.7707,0.228
423000000,34,190.777,6.53645,47.6525,0.246
424000000,51,301.507,49.0655,53.2787,0.2345
425000000,43,258.122,34.7949,41.1058,0.25
426000000,39,232.561,39.8188,31.6927,0.218
427000000,37,223.572,-27.4959,40.7966,0.2595
428000000,47,281.257,14.3144,44.6685,0.221
429000000,44,272.603,49.4566,51.2832,0.25
430000000,26,154.927,39.1546,30.3017,0.2545
431000000,31,185.469,24.016,23.8586,0.2405
432000000,61,374.891,23.219,50.9333,0.2665
433000000,41,240.89,33.507,37.7408,0.232
434000000,32,183.988,6.6403,36.9806,0.2495
435000000,38,231.949,5.5636,39.9775,0.251
436000000,37,225.344,16.1325,45.015,0.272
437000000,21,116.293,20.7921,25.0147,0.233
438000000,30,178.003,26.9548,32.7789,0.249
439000000,20,112.03,-40.6653,16.6234,0.2725
440000000,53,326.092,11.8549,48.6256,0.2465
441000000,50,282.368,46.3339,41.0822,0.228
442000000,70,412.928,39.5297,60.5631,0.268
443000000,44,254.552,-9.43538,46.3191,0.271
444000000,66,389.328,53.3769,73.3161,0.237
445000000,20,125.402,-15.5168,16.0563,0.2525
446000000,35,203.356,37.9901,42.9926,0.2448
447000000,44,268.678,-3.61951,49.1365,0.2795
448000000,61,358.872,22.6555,67.3638,0.2595
449000000,25,146.661,5.64101,17.8048,0.249
450000000,44,275.003,54.481,41.3248,0.227
451000000,32,196.286,0.368509,34.3641,0.2535
452000000,33,189.339,37.1203,32.0673,0.235333
453000000,42,248.375,55.6878,46.2411,0.2165
454000000,57,338.897,27.4052,60.6705,0.282
455000000,47,270.941,15.4934,64.9041,0.241
456000000,35,215.669,0.874088,37.5907,0.284
457000000,41,252.208,-1.93405,53.9857,0.2495
458000000,47,292.78,30.4596,37.8356,0.258
459000000,48,294.851,41.9678,49.777,0.263
460000000,18,101.899,22.9021,19.025,0.26
461000000,50,294.916,34.5739,51.769,0.225
462000000,24,142.221,4.3353,28.2796,0.2608
463000000,28,180.579,12.0962,20.7922,0.235
464000000,50,295.868,39.3824,44.91,0.229
465000000,34,201.456,17.333,30.6916,0.257
466000000,49,283.328,11.9043,42.2692,0.2535
467000000,40,248.622,10.5133,42.2028,0.2545
468000000,19,119.875,-11.2422,29.696,0.26575
469000000,44,258.466,68.0768,42.2739,0.224
470000000,56,340.016,36.529,57.7901,0.206
471000000,35,220.17,-4.72643,36.3346,0.246667
472000000,32,181.166,20.834,32.7844,0.24
473000000,40,242.235,13.2304,47.5962,0.2395
474000000,45,250.939,3.79838,48.2075,0.2625
475000000,48,285.508,-18.6972,42.8173,0.251
476000000,64,377.727,31.2729,69.6287,0.2505
477000000,44,258.233,22.0546,37.6224,0.232
478000000,39,223.937,14.3169,36.9867,0.242
479000000,30,189.373,13.3651,29.0167,0.23
480000000,38,244.106,42.2731,43.5755,0.277
481000000,25,153.517,36.4031,24.0166,0.253
482000000,50,300.923,53.8572,55.9713,0.24
483000000,43,256.71,20.5381,34.8419,0.232
484000000,33,183.203,40.3187,31.3544,0.245
485000000,41,247.291,17.1766,36.351,0.248
486000000,34,200.847,-26.7906,25.4433,0.2815
487000000,52,306.97,35.4528,49.4619,0.245
488000000,35,223.102,-7.07202,30.4387,0.261
489000000,50,296.336,27.5429,51.755,0.25
490000000,45,256.515,18.3282,49.8761,0.265
491000000,42,243.401,45.1034,55.3085,0.2375
492000000,39,244.413,30.1146,33.6354,0.2464
493000000,56,339.406,4.0992,58.8529,0.246
494000000,34,208.614,-9.88784,33.5401,0.261667
495000000,45,274.303,70.6164,47.0978,0.252
496000000,23,137.892,16.6571,29.1809,0.256
497000000,48,287.784,42.0419,59.3872,0.232
498000000,53,317.265,-11.1354,43.6022,0.2715
499000000,24,147.267,20.1499,27.3529,0.245
500000000,25,149.884,29.2722,24.7002,0.227667
501000000,36,225.077,20.5067,28.9212,0.2275
502000000,43,250.934,-9.46164,49.4409,0.2485
503000000,33,195.381,-2.77545,39.2515,0.2615
504000000,25,151.43,32.0761,24.9675,0.2445
505000000,74,441.387,54.6039,63.6279,0.242
506000000,35,205.496,54.801,41.7914,0.232
507000000,44,267.287,0.974827,46.2999,0.261
508000000,22,129.155,24.1207,14.2347,0.242
509000000,24,146.533,32.6902,22.9781,0.242
510000000,24,130.272,22.0783,28.1762,0.247
511000000,44,265.881,30.8507,51.1264,0.255
512000000,75,441.769,53.6299,79.3011,0.2435
513000000,49,291.1,46.1388,44.9638,0.24
514000000,42,252.108,43.2071,49.6928,0.227
515000000,34,205.707,30.1758,43.9952,0.252
516000000,50,286.538,-5.19396,54.8528,0.2555
517000000,49,303.729,9.97277,62.0594,0.257
518000000,57,347.628,22.343,59.2855,0.246
519000000,22,125.924,0.461688,20.9829,0.2542
520000000,51,306.934,53.9851,54.1307,0.221
521000000,63,382.914,55.6333,58.7132,0.249
522000000,28,165.25,26.7802,28.0348,0.247
523000000,44,260.053,19.9977,34.023,0.246
524000000,27,153.245,34.3376,23.1357,0.264
525000000,26,154.838,-7.7239,24.9766,0.279
526000000,59,339.099,20.5437,65.9768,0.255
527000000,61,363.386,22.3209,50.7754,0.253
528000000,40,229.767,42.0935,40.7506,0.25
529000000,15,87.9064,-11.5678,14.5414,0.256667
530000000,54,323.09,28.7434,47.4915,0.2495
531000000,37,215.627,3.2825,34.0404,0.2506
532000000,37,222.629,13.2635,36.5418,0.2495
533000000,32,192.208,29.9087,36.8456,0.24175
534000000,66,400.328,29.349,75.2107,0.2425
535000000,69,408.227,24.9376,49.3902,0.252
536000000,54,313.413,-9.50226,52.321,0.2535
537000000,32,173.291,39.7872,24.5978,0.236
538000000,19,112.148,8.21533,28.6189,0.242
539000000,84,513.668,37.1078,87.3303,0.25
540000000,44,263.159,43.8153,40.9352,0.2445
541000000,31,201.965,11.5542,29.7677,0.2585
542000000,73,447.611,16.6706,55.8638,0.238
543000000,22,127.789,17.3779,27.1074,0.246
544000000,16,84.4133,-36.7457,16.3036,0.2655
545000000,36,221.621,44.8837,26.6466,0.2285
546000000,48,284.171,5.17625,38.4193,0.277
547000000,26,152.323,-15.4522,24.2189,0.250667
548000000,40,243.693,38.7282,32.3879,0.236667
549000000,62,366.45,0.81557,63.6619,0.2665
550000000,41,253.775,42.3612,54.707,0.2435
551000000,36,215.481,41.818,41.4612,0.224333
552000000,35,208.919,17.8112,37.3671,0.242
553000000,41,243.833,-21.9641,45.9044,0.2515
554000000,58,343.536,17.9196,52.878,0.266
555000000,38,235.363,17.616,30.9338,0.249
556000000,40,239.913,6.34374,38.6382,0.263
557000000,14,80.2055,-26.4462,17.2432,0.259
558000000,71,431.774,72.0567,60.0331,0.219
559000000,35,206.925,38.0367,31.6532,0.226
560000000,35,199.28,35.1803,45.6208,0.2415
561000000,47,283.442,34.8411,46.3969,0.218
562000000,68,399.637,33.2433,76.3978,0.253
563000000,51,298.037,16.5966,38.376,0.254667
564000000,33,202.099,-22.8179,26.1598,0.2595
565000000,66,400.554,12.0491,70.3876,0.262
566000000,36,207.776,2.9637,34.7152,0.248
567000000,35,209.703,11.3805,32.1676,0.249
568000000,46,291.383,17.7032,47.3452,0.256
569000000,52,303.467,13.6392,62.2817,0.26
570000000,73,433.631,36.3803,70.7429,0.254
571000000,43,244.67,22.3765,38.9517,0.241
572000000,40,229.944,4.46409,46.6425,0.243
573000000,63,384.683,33.1465,68.3267,0.242
574000000,31,182.208,16.1824,28.4793,0.2495
575000000,45,278.455,17.7119,52.8255,0.26075
576000000,44,275.932,14.2272,35.1892,0.2405
577000000,18,105.081,-34.7607,13.4248,0.2635
578000000,72,434.519,47.4252,64.4359,0.231
579000000,39,244.471,10.0988,32.8752,0.26
580000000,25,146.307,36.2144,23.4018,0.246667
581000000,36,209.328,12.6223,44.4853,0.227
582000000,67,396.219,47.4676,66.5106,0.263
583000000,49,291.623,32.7872,66.6622,0.242
584000000,62,372.379,58.8484,69.0884,0.231
585000000,57,345.423,42.533,48.1019,0.2475
586000000,38,221.616,20.8217,36.195,0.2305
587000000,45,265.342,72.0529,44.708,0.218
588000000,49,288.895,53.544,47.6759,0.265
589000000,46,264.231,31.7711,43.2754,0.2535
590000000,40,230.783,0.097213,51.4641,0.253
591000000,45,267.612,35.3911,56.6376,0.221
592000000,41,234.145,45.0992,53.1302,0.243
593000000,37,198.495,32.7945,38.2222,0.243
594000000,32,183.13,62.962,33.7289,0.229
595000000,26,161.826,-1.38825,33.4604,0.2572
596000000,19,110.869,25.8293,17.7498,0.234
597000000,46,268.174,51.7045,44.0966,0.2375
598000000,98,589.911,29.0693,92.0887,0.263
599000000,30,175.855,-2.54613,30.1091,0.2705
600000000,54,330.182,44.8203,57.8809,0.24
601000000,37,227.199,17.8664,41.1856,0.248
602000000,56,335.648,24.7876,54.4486,0.248
603000000,43,242.894,23.9425,48.1542,0.251
604000000,26,147.007,-7.11389,20.1589,0.24
605000000,33,195.46,43.8511,34.274,0.2495
606000000,35,213.553,2.30433,29.1736,0.2285
607000000,34,200.119,17.3252,32.7202,0.22
608000000,30,162.498,23.4871,29.6015,0.233
609000000,38,230.465,9.62,37.477,0.262
610000000,42,245.68,-16.1702,41.1775,0.2765
611000000,22,125.82,42.0215,20.5717,0.2165
612000000,43,263.68,30.4424,47.5135,0.2325
613000000,40,216.049,38.022,29.946,0.255
614000000,65,368.024,52.4482,63.492,0.2425
615000000,41,239.12,-4.29567,43.9771,0.261333
616000000,60,372.104,39.238,67.1425,0.229
617000000,40,251.519,-3.84232,42.2597,0.282
618000000,39,232.006,-0.216105,33.4172,0.2605
619000000,29,166.658,32.1759,27.8193,0.244
620000000,38,211.231,12.9907,40.5034,0.282
621000000,33,194.088,23.5016,31.5152,0.239
622000000,34,201.359,53.9074,43.7662,0.227
623000000,35,210.782,35.6138,29.7609,0.236
624000000,45,272.599,64.4176,41.7617,0.2295
625000000,35,199.293,59.7564,36.4946,0.238
626000000,55,322.365,47.5193,60.6266,0.256
627000000,47,269.572,15.3584,47.7015,0.27
628000000,67,396.89,5.74918,82.7595,0.276
629000000,68,404.176,32.1659,64.1268,0.242
630000000,37,206.618,26.225,24.7118,0.248
631000000,66,395.049,2.78309,63.9262,0.257
632000000,41,246.629,8.73191,31.316,0.26
633000000,34,204.978,21.595,37.9536,0.268
634000000,62,361.507,46.1298,55.7711,0.247
635000000,37,214.412,33.6279,37.0808,0.243
636000000,37,227.918,8.68771,48.8319,0.2375
637000000,34,197.357,40.5949,28.8221,0.208
638000000,51,299.016,15.2173,56.9135,0.2465
639000000,37,224.227,32.6188,37.4309,0.243
640000000,37,215.26,10.0938,39.9485,0.26
641000000,31,196.863,28.0672,31.7791,0.245
642000000,20,121.153,-29.3721,20.565,0.26375
643000000,38,221.421,7.65994,41.645,0.2565
644000000,29,168.383,15.5382,30.4096,0.2396
645000000,24,131.519,19.73,23.952,0.251
646000000,24,146.061,20.2598,19.5111,0.261
647000000,28,167.281,21.4633,33.0827,0.243667
648000000,48,291.635,9.97083,49.3245,0.234
649000000,57,331.957,-4.92493,61.6221,0.277333
650000000,42,256.389,46.2107,46.8156,0.251
651000000,40,244.129,-1.69542,38.1251,0.263
652000000,37,219.207,37.3139,44.1973,0.229
653000000,46,284.581,57.7903,48.8761,0.2535
654000000,33,192.442,47.2598,38.3754,0.225
655000000,42,259.168,54.4138,33.1145,0.232
656000000,25,156.518,26.7619,25.3964,0.2465
657000000,32,184.867,36.846,29.7529,0.239
658000000,63,363.235,54.4717,62.9272,0.215
659000000,59,352.119,6.2879,69.1293,0.238
660000000,29,162.06,24.5941,44.5921,0.244667
661000000,31,187.333,45.7837,26.7723,0.236
662000000,29,163.531,24.0591,36.5948,0.246
663000000,41,241.236,-4.94899,40.7557,0.247
664000000,36,205.459,49.5175,34.5921,0.2475
665000000,61,355.967,63.0854,60.0079,0.237
666000000,59,343.508,33.9847,47.1685,0.2485
667000000,59,338.068,12.7211,45.2888,0.2465
668000000,41,242.043,21.0944,52.9527,0.243
669000000,37,230.404,32.7252,40.6224,0.255
670000000,33,195.932,43.7486,21.6838,0.249
671000000,31,184.803,16.5782,31.787,0.2465
672000000,65,394.886,31.5276,60.6845,0.228
673000000,28,172.006,11.3217,36.2656,0.235
674000000,31,178.609,50.4129,34.5599,0.230333
675000000,37,221.17,-3.14116,31.0208,0.2575
676000000,37,221.607,24.4142,42.8385,0.2355
677000000,31,183.538,-19.9387,30.12,0.2505
678000000,21,125.507,16.9923,27.0552,0.237667
679000000,39,238.271,5.04903,33.2486,0.23
680000000,16,81.6737,22.1532,26.1654,0.2595
681000000,35,205.157,25.3766,33.7807,0.215
682000000,52,306.485,44.2249,49.2324,0.259
683000000,50,293.994,35.3992,42.9825,0.247
684000000,30,172.467,-4.83497,28.8564,0.2635
685000000,30,170.53,10.5112,20.6849,0.26875
686000000,44,253.688,19.0036,49.7535,0.2525
687000000,25,143.95,-8.77906,27.4875,0.2405
688000000,61,372.387,58.2314,72.9281,0.249
689000000,42,262.386,30.5041,57.3899,0.2325
690000000,61,364.474,43.6557,63.5889,0.222
691000000,43,251.493,24.4452,43.327,0.2425
692000000,40,245.304,43.9634,52.7519,0.237
693000000,49,278.162,16.5591,58.7147,0.245
694000000,28,170.213,-11.3839,21.0496,0.257
695000000,42,244.053,-33.701,41.2084,0.259
696000000,54,326.518,-2.09826,55.0813,0.267
697000000,30,179.963,-28.0348,34.2059,0.269333
698000000,48,288.913,23.1183,41.5112,0.244
699000000,21,123.418,22.1089,24.0138,0.2595
700000000,45,276.332,15.3793,40.8679,0.272
701000000,43,254.819,14.9125,38.8335,0.2555
702000000,41,239.299,7.57947,43.4209,0.23
703000000,44,275.987,19.6524,32.1916,0.2485
704000000,24,138.201,9.96354,27.755,0.26
705000000,58,355.315,17.6089,60.7161,0.273
706000000,26,151.981,13.6398,32.2191,0.24075
707000000,23,132.398,8.51412,27.0827,0.2505
708000000,32,191.992,38.173,30.3973,0.2405
709000000,59,335.898,24.2759,54.9905,0.2465
710000000,26,151.114,34.8537,23.0073,0.231
711000000,46,261.53,-10.1809,40.8638,0.266
712000000,54,324.927,48.6288,53.6161,0.267
713000000,25,157.672,8.4546,19.3828,0.2375
714000000,41,244.632,-7.66658,45.1437,0.247
715000000,40,239.881,8.1857,33.9735,0.243
716000000,17,100.567,23.9071,20.7177,0.222333
717000000,34,201.503,1.7492,31.6765,0.274
718000000,30,178.866,41.9823,32.9955,0.237
719000000,28,164.887,22.2989,33.3173,0.258875
720000000,35,213.005,43.5439,34.6477,0.219
721000000,31,170.839,37.0278,32.9415,0.24325
722000000,40,230.357,28.8842,38.7632,0.224
723000000,77,474.184,21.9063,88.1885,0.257
724000000,47,285.84,50.3418,52.0043,0.232
725000000,72,422.16,23.1757,74.9936,0.243
726000000,51,298.857,34.4685,48.3722,0.2455
727000000,48,289.18,25.9535,52.4424,0.256
728000000,46,267.933,48.322,52.5147,0.253
729000000,22,127.523,-8.84464,32.8598,0.255
730000000,20,121.862,28.7019,38.3943,0.2515
731000000,27,149.386,-6.01899,25.0331,0.2635
732000000,54,320.219,10.9677,56.9742,0.24
733000000,54,329.013,32.7232,47.5299,0.238
734000000,45,266.668,41.6649,44.5289,0.225
735000000,39,225.017,-10.9441,26.4312,0.248
736000000,18,105.221,12.5974,15.1927,0.2495
737000000,43,263.897,6.01951,29.347,0.262
738000000,39,227.676,-1.18546,47.1229,0.253
739000000,66,390.378,26.2183,67.4042,0.233
740000000,24,144.975,-34.3652,25.7091,0.265
741000000,39,231.941,20.7878,49.2809,0.233
742000000,32,196.971,7.23892,30.959,0.2465
743000000,50,297.303,24.6478,42.7074,0.23
744000000,45,253.865,42.3658,40.5202,0.2405
745000000,22,131.491,2.32935,27.8452,0.256
746000000,30,183.42,48.2403,27.9044,0.241
747000000,57,332.135,22.8922,64.2418,0.252
748000000,27,167.144,-17.0995,27.7783,0.2625
749000000,21,123.813,6.46427,22.2858,0.247333
750000000,37,226.422,32.4015,32.0747,0.269
751000000,54,327.273,16.598,53.0321,0.2575
752000000,57,328.944,41.6127,65.9671,0.225
753000000,8,48.0595,-12.0679,6.91914,0.249818
754000000,49,289.414,-4.80527,52.5587,0.2675
755000000,21,120.813,20.8354,23.5122,0.208
756000000,47,290.723,25.6494,43.2761,0.25
757000000,36,207.264,10.9169,21.6624,0.258
758000000,56,333.776,52.3498,52.7325,0.247
759000000,43,246.436,33.6135,43.0415,0.24
760000000,45,274.459,24.8845,42.6908,0.2415
761000000,50,310.867,37.9001,47.8629,0.229
762000000,66,376.715,36.6583,74.6289,0.26
763000000,55,330.193,24.7375,57.8585,0.2405
764000000,47,267.931,28.0506,49.0096,0.248
765000000,57,350.463,-16.795,55.0923,0.2585
766000000,57,348.14,20.024,55.9038,0.233
767000000,60,349.109,5.18038,46.3736,0.2715
768000000,39,230.891,57.4695,31.8738,0.225
769000000,63,374.36,29.4387,74.4476,0.245
770000000,45,259.877,15.1584,53.4157,0.279
771000000,23,137.949,40.7611,22.2143,0.225
772000000,49,296.017,1.40406,49.8598,0.2495
773000000,50,299.636,0.495769,54.5139,0.271
774000000,63,373.569,32.7986,67.1716,0.242
775000000,45,258.546,3.42779,43.7178,0.2535
776000000,37,220.221,-5.78841,45.1648,0.242
777000000,40,229.983,-6.7924,36.7391,0.249
778000000,50,296.408,29.9866,43.3715,0.241
779000000,71,421.52,3.05543,80.3996,0.267
780000000,48,297.913,-2.18978,43.7486,0.262
781000000,52,304.57,11.1432,48.9578,0.235
782000000,29,174.844,2.85688,23.7551,0.2445
783000000,28,173.571,39.5224,31.686,0.2395
784000000,56,336.423,22.1459,53.7092,0.217
785000000,55,330.024,8.37451,45.6115,0.254
786000000,45,287.927,51.0116,53.7201,0.243
787000000,33,196.681,-5.62803,32.7417,0.247
788000000,67,407.174,3.45164,63.8254,0.2685
789000000,37,226.515,-32.7504,37.3647,0.26125
790000000,45,265.177,14.4828,58.389,0.259
791000000,45,269.772,26.6376,36.9694,0.276
792000000,60,379.233,-5.60338,55.0803,0.27
793000000,26,154.14,45.6531,25.2711,0.239
794000000,54,318.521,48.4247,61.308,0.237
795000000,41,240.947,27.8187,27.9639,0.236
796000000,34,200.06,21.6675,30.7617,0.247
797000000,49,302.333,13.5836,51.9402,0.2475
798000000,26,159.35,20.7866,25.596,0.2505
799000000,72,436.411,17.1889,66.0415,0.287
800000000,40,227.054,17.5855,38.1474,0.264
801000000,43,263.884,32.7763,37.4662,0.23
802000000,41,248.82,29.85,39.1296,0.257
803000000,26,151.542,29.7221,34.1014,0.2295
804000000,64,375.679,42.7664,49.9336,0.236
805000000,23,140.243,-5.37594,19.67,0.242111
806000000,58,355.305,39.2203,54.9978,0.258
807000000,11,68.6537,41.8627,8.98393,0.229
808000000,40,254.082,6.55906,26.507,0.238
809000000,54,335.112,48.6732,71.7634,0.2435
810000000,54,327.457,35.7991,57.4017,0.26
811000000,33,185.609,44.7403,30.6135,0.208
812000000,55,339.045,-2.04444,51.6799,0.262
813000000,29,177.866,42.7982,24.7026,0.2625
814000000,73,448.505,23.3042,82.8286,0.264
815000000,28,162.591,21.9238,29.7489,0.2465
816000000,36,213.095,18.3706,32.5424,0.235
817000000,70,415.986,-12.4457,67.4383,0.264
818000000,50,302.279,27.4019,50.645,0.2365
819000000,12,71.4209,-23.0353,6.76888,0.257333
820000000,38,219.825,31.7136,38.8363,0.2415
821000000,38,229.592,46.8097,36.5173,0.2595
822000000,49,282.324,-7.95721,43.4243,0.263
823000000,45,276.283,-14.6044,35.9109,0.283
824000000,34,198.122,29.2465,30.6379,0.246
825000000,52,313.1,38.2143,48.0938,0.246
826000000,63,368.278,37.5923,70.0877,0.2475
827000000,20,124.627,2.69558,17.6222,0.2625
828000000,37,219.587,48.2796,40.1257,0.24
829000000,26,151.333,6.47915,23.1867,0.2455
830000000,45,263.503,35.0803,40.7944,0.246
831000000,50,302.458,31.487,44.9237,0.229
832000000,55,331.324,51.1716,48.7115,0.237
833000000,35,208.183,12.4457,42.7695,0.24
834000000,32,191.006,25.752,28.8046,0.244
835000000,68,419.382,23.7712,70.7934,0.232
836000000,43,259.279,40.842,45.4971,0.2505
837000000,27,161.988,20.7385,34.1058,0.2565
838000000,51,307.497,42.2962,55.4464,0.247
839000000,45,270.326,37.5783,39.8506,0.254
840000000,55,331.945,40.1598,43.1711,0.243
841000000,45,266.51,20.65,36.7129,0.243
842000000,37,211.119,7.07295,37.9316,0.253
843000000,37,225.695,32.8301,44.7489,0.2275
844000000,32,197.462,36.9025,24.1024,0.253
845000000,81,496.434,9.007,85.3731,0.263
846000000,20,108.192,10.2143,20.7719,0.2562
847000000,36,207.817,31.2313,32.4257,0.263
848000000,28,161.276,22.0159,29.9497,0.24375
849000000,34,200.624,35.8354,43.4469,0.2425
850000000,45,263.369,42.585,54.3351,0.251
851000000,25,142.817,-2.49207,22.192,0.242333
852000000,34,202.161,40.5372,35.6101,0.246
853000000,17,103.441,-22.5856,14.0643,0.257667
854000000,45,274.731,25.2924,53.3129,0.238
855000000,63,376.398,40.535,70.3009,0.277
856000000,49,301.476,33.1847,44.3416,0.2595
857000000,35,192.813,-3.40843,25.1284,0.2595
858000000,38,229.912,-3.00662,33.7432,0.2565
859000000,38,224.169,33.3095,51.016,0.237
860000000,42,254.869,0.995793,49.024,0.28
861000000,39,239.91,14.7584,35.4335,0.2505
862000000,53,330.214,9.60243,55.6376,0.275
863000000,38,229.185,26.871,36.5379,0.24
864000000,40,236.629,5.34014,39.3356,0.24
865000000,44,264.304,45.8107,46.7587,0.2555
866000000,57,352.971,57.9168,49.3042,0.226
867000000,43,245.771,12.3089,41.8765,0.25
868000000,37,229.043,41.4166,39.9638,0.231
869000000,65,374.253,29.433,64.1219,0.263
870000000,28,169.565,2.92646,24.9187,0.2595
871000000,73,435.837,22.5057,78.6345,0.269
872000000,40,219.093,4.3244,43.4456,0.276
873000000,50,301.28,28.7618,46.2075,0.2465
874000000,41,244.748,8.52408,59.4869,0.2295
875000000,19,116.396,22.4896,23.197,0.2545
876000000,50,307.561,43.3079,61.1269,0.257
877000000,54,314.586,58.5641,52.3146,0.2305
878000000,49,292.418,45.6971,43.8563,0.250333
879000000,41,227.158,56.4374,41.9781,0.237
880000000,62,371.878,56.1341,68.9971,0.243
881000000,39,228.191,48.7453,40.078,0.2495
882000000,61,369.034,23.2951,57.6236,0.265
883000000,77,467.502,12.4679,63.0802,0.247
884000000,12,69.1738,10.9039,12.3633,0.259
885000000,38,224.304,19.3469,37.0363,0.252
886000000,32,196.177,-3.83332,35.5707,0.254
887000000,40,253.975,27.0638,41.1882,0.256
888000000,62,379.102,48.8061,51.8917,0.235
889000000,24,147.37,5.1619,22.6639,0.242
890000000,53,320.705,26.0721,65.1873,0.262
891000000,36,218.572,3.03408,41.6938,0.265333
892000000,33,202.743,-0.686895,38.5303,0.2385
893000000,28,166.485,-6.06584,21.6072,0.26
894000000,35,207.728,19.1995,34.8937,0.263
895000000,47,272.529,58.2295,48.3306,0.2225
896000000,28,165.867,26.9272,25.917,0.251333
897000000,40,239.359,67.2852,28.0241,0.263
898000000,35,212.251,47.6107,49.2168,0.235
899000000,72,415.283,70.4225,72.2656,0.197
900000000,32,179.639,21.1309,27.2047,0.2425
901000000,27,164.096,-6.23335,35.4144,0.2355
902000000,60,359.08,32.7317,57.532,0.266
903000000,48,297.133,34.6145,46.0058,0.2465
904000000,32,191.016,20.2609,39.3921,0.238
905000000,60,357.599,20.6213,67.2265,0.236
906000000,48,283.153,10.1756,55.2058,0.27
907000000,33,197.743,-3.57359,28.4502,0.252
908000000,26,156.423,23.4703,27.5614,0.2535
909000000,22,132.351,-5.42242,20.7644,0.252
910000000,31,195.176,14.4257,31.2529,0.245
911000000,29,179.238,8.71709,29.3353,0.266
912000000,62,382.223,38.8887,64.7813,0.243
913000000,57,347.929,57.525,51.1783,0.212
914000000,54,321.474,51.1753,58.1512,0.225
915000000,39,228.587,24.2431,37.5518,0.243
916000000,58,345.667,7.39707,51.9849,0.258
917000000,60,357.94,41.1675,70.3119,0.263
918000000,38,219.647,43.2629,40.3526,0.222
919000000,71,435.317,-12.6217,83.5371,0.271
920000000,46,284.354,39.0363,42.9315,0.235
921000000,15,92.8807,14.5801,12.8851,0.25175
922000000,44,273.5,32.7297,57.4392,0.2485
923000000,37,219.16,28.9521,38.5576,0.267
924000000,33,187.423,40.941,37.351,0.232
925000000,40,228.09,27.6597,36.449,0.245
926000000,40,241.394,23.3355,44.1611,0.244
927000000,25,136.659,19.4837,17.2834,0.241
928000000,32,191.461,39.1975,25.576,0.245
929000000,59,354.735,35.0643,67.4555,0.2505
930000000,22,128.92,21.0766,23.7664,0.240333
931000000,48,289.53,24.9565,45.7543,0.238
932000000,45,250.507,-11.2761,52.719,0.267
933000000,41,240.002,24.4174,33.7403,0.251
934000000,31,189.23,44.5609,38.5623,0.242429
935000000,44,267.301,41.7874,48.7316,0.255
936000000,27,153.03,23.7431,30.3036,0.236
937000000,41,254.444,33.4065,40.7937,0.229
938000000,27,159.092,-15.0237,29.9637,0.279
939000000,53,328.185,16.0111,69.1436,0.243
940000000,50,297.045,41.6977,50.5953,0.214
941000000,49,294.351,51.7583,50.8918,0.261
942000000,22,136.251,25.6338,26.118,0.2615
943000000,25,148.401,13.6752,27.157,0.2345
944000000,33,207.504,50.583,33.6914,0.2365
945000000,45,266.408,34.0789,49.3043,0.231667
946000000,25,156.32,40.5201,34.4432,0.2295
947000000,57,341.172,46.5066,49.096,0.24
948000000,45,283.983,45.6346,54.6161,0.239
949000000,37,218.252,-9.74779,31.0976,0.245429
950000000,42,245.942,16.1797,36.4307,0.22
951000000,37,223.295,-2.94906,35.9704,0.2435
952000000,48,278.425,43.9563,39.5095,0.2345
953000000,42,246.966,62.983,32.4955,0.248
954000000,86,496.275,60.5194,91.9366,0.23
955000000,37,217.34,6.98865,50.3987,0.2345
956000000,45,271.712,25.5271,47.2546,0.265
957000000,56,331.301,18.0322,42.6176,0.258
958000000,50,289.82,7.42333,62.0064,0.25
959000000,24,134.901,14.214,27.3316,0.244
960000000,39,229.602,13.3896,47.7862,0.246
961000000,32,195.897,31.1579,24.1248,0.2555
962000000,30,172.406,19.5616,27.6662,0.25
963000000,37,229.341,38.4503,31.7783,0.244
964000000,38,235.855,26.3046,32.8671,0.225
965000000,35,198.181,39.2414,32.8393,0.2345
966000000,61,370.546,45.5595,59.9235,0.25
967000000,35,213.7,34.3048,28.9499,0.231
968000000,52,314.005,54.856,47.8089,0.26
969000000,30,176.129,8.52104,31.4217,0.2485
970000000,37,218.036,7.86577,34.1459,0.249
971000000,31,185.345,34.4516,32.6584,0.225
972000000,53,314.701,14.6653,60.5434,0.261
973000000,38,237.077,42.0614,29.7994,0.231
974000000,47,281.645,64.7453,46.6351,0.239
975000000,51,312.965,17.5892,49.5309,0.2375
976000000,31,185.037,-4.26824,37.4853,0.2525
977000000,42,260.675,30.6096,49.8212,0.2525
978000000,36,215.371,21.1584,32.8756,0.239
979000000,29,182.392,33.3546,35.0867,0.254154
980000000,63,376.018,37.8464,53.6689,0.244
981000000,43,261.602,31.0626,47.5105,0.252
982000000,78,464.696,26.0159,78.7629,0.248
983000000,63,375.223,19.5082,69.7952,0.255
984000000,52,311.399,52.3246,57.7563,0.23
985000000,59,336.344,-0.71225,60.4675,0.26
986000000,23,136.33,-13.8325,21.7333,0.246
987000000,23,133.702,13.1595,20.0052,0.2775
988000000,66,400.376,37.7244,51.195,0.24
989000000,46,274.131,31.4797,42.2791,0.26
990000000,56,347.536,65.14,67.0111,0.216
991000000,29,177.214,12.3181,31.0267,0.253
992000000,66,395.846,14.8257,63.0306,0.2545
993000000,53,320.66,23.3385,56.209,0.25
994000000,51,301.497,51.639,60.3765,0.222
995000000,38,222.745,25.3177,28.8672,0.2365
996000000,46,271.33,11.3041,50.4054,0.239
997000000,45,272.405,-2.39787,41.2155,0.2515
998000000,28,159.241,13.1973,31.8261,0.2415
999000000,57,344.111,2.19909,43.4686,0.251
